	Ortsteil	Haltestelle	globaleID	lat	lon	mode	match_state	osm_id	distance	rating	osm_name	routes	official_direction	osm_direction	WKT
0	Ahaus	Aabachschule	de:05554:21200:0:1	52.070959	7.009824	bus	NO_MATCH_BUT_OTHER_PLATFORM_MATCHED					827	Ahaus, Irena-Sendler-Gesamtschule		POINT(7.009824 52.070959)
1	Ahaus	Aabachschule	de:05554:21200:0:2	52.070236	7.010084	bus	MATCHED	n13279495452	5.6	0.77	Aabachschule	827	Ahaus, Canisiusstift	Brockhoff	LINESTRING(7.010084 52.070236,7.0100923 52.0702859)
2	Ahaus	Abzw. Quantwick	de:05554:30858:0:1	52.045861	7.015995	bus	MATCHED	n2553069379	62.0	0.16	Abzweig Quantwick	776	Ahaus, Bröke		LINESTRING(7.015995 52.045861,7.015702800000001 52.046388)
3	Ahaus	Abzw. Quantwick	de:05554:30858:0:2	52.045861	7.016004	bus	MATCHED	n4829136547	52.2	0.18	Abzweig Quantwick	776	Oberortwick, Waldschänke		LINESTRING(7.016004 52.045861,7.0162721 52.0454214)
4	Ahaus	Alex. -Hegius-Gymnasium	de:05554:16457:0:1	52.084502	7.009006	bus	MATCHED	n3149547087	31.4	1.0	Alexander-Hegius-Gymnasium	770,774,781,823,825,826,871,C87	Ahaus, Irena-Sendler-Gesamtschule / Ottenstein, Herderstr. / Ahaus, Hocksstr. / Ahaus, Stadtpark / Wüllen, St.Josef-Kindergarten / Ahaus, Stadtpark / Ahaus, Hocksstr. / Ahaus, Pestalozzischule	Hocksstraße / Irena-Sendler-Gesamtschule	LINESTRING(7.009006 52.084502,7.009439100000001 52.0844098)
5	Ahaus	Alex. -Hegius-Gymnasium	de:05554:16457:0:2	52.084353	7.009024	bus	MATCHED	n5275104335	40.7	1.0	Alexander-Hegius-Gymnasium	770,774,871,C87	Ahaus, Canisiusstift / Ahaus, Bahnhof / Ahaus, Bahnhof	Bahnhof	LINESTRING(7.009024 52.084353,7.0095751 52.0842169)
6	Ahaus	Altenheim	de:05554:64469	52.069849	6.991498		NO_MATCH_AND_SEEMS_UNSERVED								POINT(6.991498 52.069849)
7	Ahaus	Aquahaus	de:05554:16472:0:1	52.077127	6.982003	bus	MATCHED	n5336409855	4.0	1.0	Aquahaus	B12,C87	Ahaus, Finanzamt / Ahaus, Stadtwerke	Finanzamt / Stadtwerke	LINESTRING(6.982003 52.077127,6.9820596 52.0771339)
8	Ahaus	Arbeitsamt	de:05554:21201:0:1	52.07303	7.00844		MATCHED	n2553069386	16.5	0.36	Arbeitsamt				LINESTRING(7.00844 52.07303,7.008450600000001 52.0731778)
9	Ahaus	Arbeitsamt	de:05554:21201:0:2	52.07303	7.008431		NO_MATCH_AND_SEEMS_UNSERVED								POINT(7.008431 52.07303)
10	Ahaus	BBS	de:05554:21709:0:1	52.086572	7.013507	bus	MATCHED	n12843541746	72.2	1.0	BBS	753,BBS	Vreden, Ottensteiner Str.	Ottensteiner Straße / Bahnhof	LINESTRING(7.013507 52.086572,7.0129815 52.0871341)
11	Ahaus	BBS	de:05554:21709:0:2	52.086572	7.013507	bus	NO_MATCH_BUT_OTHER_PLATFORM_MATCHED					753,BBS	Ahaus, Bahnhof		POINT(7.013507 52.086572)
12	Ahaus	Bahnhof	de:05554:16386:10:A1	52.082725	7.015968	bus	MATCHED	n1409380523	7.9	1.0	Bahnhof	774,776	Ahaus, Alex.-Hegius-Gymnasium / Ahaus, Krankenhaus / Ahaus, Marienplatz		LINESTRING(7.015968 52.082725,7.015907 52.0826645)
13	Ahaus	Bahnhof	de:05554:16386:1:B1	52.082509	7.015726	bus	MATCHED	n1409380525	5.7	1.0	Bahnhof	770,772,S70	Heek, Donnerberg / Ahaus, Windhuk	Windhuk / Donnerberg	LINESTRING(7.015726 52.082509,7.015744300000001 52.082559)
14	Ahaus	Bahnhof	de:05554:16386:2:B2	52.08273	7.015815	bus	MATCHED	n1409380526	5.2	1.0	Bahnhof	770,772,S70	Ahaus, Alex.-Hegius-Gymnasium / Ahaus, Marienplatz	Marienplatz	LINESTRING(7.015815 52.08273,7.015775100000001 52.082770100000005)
15	Ahaus	Bahnhof	de:05554:16386:3:C1	52.082465	7.015627	bus	MATCHED	n1409380527	6.0	1.0	Bahnhof	753,773,D76,R76,R77,T12	Ahaus, Marienplatz	Marienplatz	LINESTRING(7.015627 52.082465,7.0155906 52.0825145)
16	Ahaus	Bahnhof	de:05554:16386:4:C2	52.082653	7.015681	bus	MATCHED	n1409380528	5.6	1.0	Bahnhof	753,773,BBS,D76,N14,R76,R77,T12	Ahaus, BBS / Ahaus, Windhuk	Hocksstraße / BBS / Windhuk / Marienplatz	LINESTRING(7.015681 52.082653,7.015601500000001 52.082666200000006)
17	Ahaus	Bahnhof	de:05554:16386:5:C3	52.082857	7.015699	bus	MATCHED	n1409380529	8.3	1.0	Bahnhof	753,871,B1,BBS,C87,N14,T22	Ahaus, Windhuk / Graes, Kirche / Ahaus, Marienplatz / Ahaus, Marienplatz / Ahaus, Alex.-Hegius-Gymnasium	Windhuk / Alexander-Hegius-Gymnasium / Marienplatz / Kirche	LINESTRING(7.015699 52.082857,7.015621 52.082800000000006)
18	Ahaus	Bahnhof	de:05554:16386:7:DB	52.082388	7.016516		NO_MATCH_AND_SEEMS_UNSERVED								POINT(7.016516 52.082388)
19	Ahaus	Bahnhof	de:05554:16386:89:89	52.082747	7.01622	bus	NO_MATCH_AND_SEEMS_UNSERVED								POINT(7.01622 52.082747)
20	Ahaus	Bahnhof	de:05554:16386:8:.	52.082846	7.015977	bus	NO_MATCH_BUT_OTHER_PLATFORM_MATCHED					781	Ahaus, Marienplatz / Ahaus, Alex.-Hegius-Gymnasium / Ahaus, Hocksstr.		POINT(7.015977 52.082846)
21	Ahaus	Bahnhof	de:05554:16386:91:1	52.081891	7.016462	train	MATCHED	n497040135	7.8	1.0	Ahaus	RB51	Epe, Bahnhof / Legden, Bahnhof	Legden / Epe (Westf)	LINESTRING(7.016462 52.081891,7.016458200000001 52.081821000000005)
22	Ahaus	Bahnhof	de:05554:16386:92:2	52.08204	7.016552	train	MATCHED	n1735074092	24.8	1.0	Ahaus	RB51	Epe, Bahnhof		LINESTRING(7.016552 52.08204,7.0165217 52.0818178)
23	Ahaus	Bahnhof	de:05554:16386:9:A2	52.082774	7.016283		MATCHED	n1409380524	9.0	1.0	Bahnhof				LINESTRING(7.016283 52.082774,7.016259600000001 52.082694700000005)
24	Ahaus	Bernsmannskampschule	de:05554:63879:0:1	52.076751	7.004649		NO_MATCH_AND_SEEMS_UNSERVED								POINT(7.004649 52.076751)
25	Ahaus	Bröke	de:05554:30859:0:1	52.030908	7.024161	bus	MATCHED	n12351242977	13.7	0.47	Bröke	776	Almsick, Liesner		LINESTRING(7.024161 52.030908,7.024079 52.031020600000005)
26	Ahaus	Bröke	de:05554:30859:0:2	52.030908	7.02417	bus	MATCHED	n12351242980	7.1	0.61	Bröke	776	Ahaus, Abzw. Quantwick		LINESTRING(7.02417 52.030908,7.0242287 52.030855900000006)
27	Ahaus	Canisiusstift	de:05554:16458:0:1	52.074107	7.013013	bus	MATCHED	n3149541120	13.5	1.0	Canisiusstift	770,773,774,776,781,827,871	Ahaus, Coesfelder Str. / Ahaus, Aabachschule / Ahaus, Coesfelder Str. / Ahaus, Jägerhaus	Coesfelder Straße	LINESTRING(7.013013 52.074107,7.012835300000001 52.0741595)
28	Ahaus	Canisiusstift	de:05554:16458:0:2	52.074129	7.013103	bus	MATCHED	n5548435930	58.1	1.0	Canisiusstift	770,773,774,776,781,826,827,871	Ammeln, Abzw. Schöpp. Str. / Ahaus, Marienplatz / Ahaus, Bahnhof / Ahaus, Rathaus / Ahaus, Marienplatz / Ahaus, Bahnhof / Ahaus, Alex.-Hegius-Gymnasium / Ahaus, Bahnhof	Marienplatz / Alexander-Hegius-Gymnasium / Ammelner Brook	LINESTRING(7.013103 52.074129,7.013927000000001 52.074249800000004)
29	Ahaus	Coesfelder Str. 	de:05554:60821:0:1	52.071655	7.007434	bus	MATCHED	n1409380535	12.8	1.0	Coesfelder Straße	776,781	Ahaus, Lindenstr. / Ahaus, Rathaus / Ahaus, Canisiusstift	Rathaus / Canisiusstift	LINESTRING(7.007434 52.071655,7.007557200000001 52.0715689)
30	Ahaus	Coesfelder Str. 	de:05554:60821:0:2	52.07165	7.007443	bus	MATCHED	n1409380534	6.5	1.0	Coesfelder Straße	776,781	Ahaus, Canisiusstift / Ahaus, Lindenstr.	Lindenstraße	LINESTRING(7.007443 52.07165,7.0073496 52.071657)
31	Ahaus	Dieselstr. 	de:05554:63175:0:1	52.084177	7.027341		NO_MATCH_AND_SEEMS_UNSERVED								POINT(7.027341 52.084177)
32	Ahaus	Don-Bosco-Schule	de:05554:63174:0:1	52.080423	7.000023		NO_MATCH_AND_SEEMS_UNSERVED								POINT(7.000023 52.080423)
33	Ahaus	Finanzamt	de:05554:16471:0:1	52.079219	6.990267	bus	MATCHED	n5336409856	5.6	1.0	Finanzamt	B12,C87	Ahaus, Aquahaus / Ahaus, Kulturquadrat	Kulturquadrat / Aquahaus	LINESTRING(6.990267 52.079219,6.9903450000000005 52.079233200000004)
34	Ahaus	Gescher Damm	de:05554:30856:0:1	52.065642	7.016363	bus	NO_MATCH					776	Oberortwick, Waldschänke		POINT(7.016363 52.065642)
35	Ahaus	Gescher Damm	de:05554:30856:0:2	52.06563	7.016363	bus	NO_MATCH					776	Ahaus, Kalvarienberg		POINT(7.016363 52.06563)
36	Ahaus	Helene-Helmig Schule	de:05554:16553:0:1	52.080434	7.002538	bus	MATCHED	n1495120436	6.0	1.0	Helene-Helming Schule	770,S70	Ahaus, Marienplatz	Marienplatz	LINESTRING(7.002538 52.080434,7.0024796 52.080393900000004)
37	Ahaus	Helene-Helmig Schule	de:05554:16553:0:2	52.080903	7.002628	bus	MATCHED	n4670304891	1.6	1.0	Helene-Helming Schule	770,S70	Ahaus, Stadtpark	Stadtpark	LINESTRING(7.002628 52.080903,7.002615100000001 52.080891400000006)
38	Ahaus	Hocksstr. 	de:05554:16470:0:1	52.084806	7.002871	bus	MATCHED	n2164351546	6.9	1.0	Hocksstraße	781,871,C87	Ahaus, Alex.-Hegius-Gymnasium / Ahaus, Stadtpark	Polizeiinspektion Nord / Alexander-Hegius-Gymnasium	LINESTRING(7.002871 52.084806,7.0028189 52.0847531)
39	Ahaus	Hocksstr. 	de:05554:16470:0:2	52.085093	7.004353	bus	MATCHED	n2798977247	2.0	1.0	Hocksstraße	781,871,C87	Ahaus, Stadtpark / Ahaus, Polizeiinspektion Nord	Stadtpark	LINESTRING(7.004353 52.085093,7.004358600000001 52.085075700000004)
40	Ahaus	Irena-Sendler-Gesamtschule	de:05554:21202:0:1	52.080053	6.996762	bus	NO_MATCH_BUT_OTHER_PLATFORM_MATCHED					774,819,823,824,825,826,827,828,871	Ahaus, Alex.-Hegius-Gymnasium / Ahaus, Canisiusstift / Ottenstein, Herderstr. / Ahaus, Alex.-Hegius-Gymnasium		POINT(6.996762 52.080053)
41	Ahaus	Irena-Sendler-Gesamtschule	de:05554:21202:0:2	52.080053	6.996753	bus	NO_MATCH_BUT_OTHER_PLATFORM_MATCHED					828	Graes, Kalkwerk		POINT(6.996753 52.080053)
42	Ahaus	Irena-Sendler-Gesamtschule	de:05554:21202:0:3	52.080047	6.996789	bus	NO_MATCH_BUT_OTHER_PLATFORM_MATCHED					773	Heek, Feuerwehr		POINT(6.996789 52.080047)
43	Ahaus	Irena-Sendler-Gesamtschule	de:05554:21202:0:4	52.080047	6.996798	bus	NO_MATCH_BUT_OTHER_PLATFORM_MATCHED					819,824,825	Ahaus, Kläranlage / Ahaus, Stadtpark / Wüllen, St.Josef-Kindergarten		POINT(6.996798 52.080047)
44	Ahaus	Irena-Sendler-Gesamtschule	de:05554:21202:0:5	52.080042	6.996825	bus	MATCHED	n10851314360	20.2	0.39	Irena-Sendler-Gesamtschule	826,827,871	Ahaus, Pestalozzischule / Alstätte, Hochstr. / Wüllen, St.Josef-Kindergarten / Wessum, Terdues	Pestalozzischule	LINESTRING(6.996825 52.080042,6.9971190000000005 52.0800561)
45	Ahaus	Josefschule	de:05554:21203:0:1	52.081775	7.007308	bus	NO_MATCH					819	Ahaus, Pestalozzischule		POINT(7.007308 52.081775)
46	Ahaus	Jägerhaus	de:05554:31013:0:1	52.074394	7.060129	bus	NO_MATCH_BUT_OTHER_PLATFORM_MATCHED					774	Ahaus, Canisiusstift		POINT(7.060129 52.074394)
47	Ahaus	Jägerhaus	de:05554:31013:0:2	52.074399	7.060147	bus	MATCHED	n2553139150	15.4	0.45	Jägerhaus	774	Wehr, Autobahn		LINESTRING(7.060147 52.074399,7.0603156 52.0744903)
48	Ahaus	Kalvarienberg	de:05554:60823:0:1	52.066939	7.014648	bus	MATCHED	n2164054806	8.2	1.0	Kalvarienberg	776,781,N14	Ahaus, Lindenstr. / Ammeln, Gasth. Enning / Ahaus, Gescher Damm	Lindenstraße / Schloßstraße	LINESTRING(7.014648 52.066939,7.0145752 52.0669971)
49	Ahaus	Kalvarienberg	de:05554:60823:0:2	52.066961	7.014558	bus	MATCHED	n2164054805	9.0	1.0	Kalvarienberg	776,781,N14	Ahaus, Lindenstr. / Ammeln, Gasth. Enning / Ahaus, Schloßstr.	Gasthaus Enning	LINESTRING(7.014558 52.066961,7.0146211 52.066890400000005)
50	Ahaus	Kläranlage	de:05554:61556:0:1	52.095679	7.018115	bus	MATCHED	n1409380549	26.2	0.34	Kläranlage	819	Ahaus, Siedlung Moorbach		LINESTRING(7.018115 52.095679,7.0178875000000005 52.095868700000004)
51	Ahaus	Krankenhaus	de:05554:16390:0:A	52.069049	6.992819	bus	MATCHED	n702860578	3.1	1.0	Krankenhaus	B1,B12,T77	Ahaus, Krankenhaus / Ahaus, Schloßstr.	Schloßstraße / Krankenhaus / Stadtpark	LINESTRING(6.992819 52.069049,6.992862700000001 52.0690424)
52	Ahaus	Krankenhaus	de:05554:16390:0:B	52.070048	6.991435	bus	MATCHED	n5336409851	4.6	1.0	Krankenhaus	B12,C87,T77	Ahaus, Krankenhaus / Ahaus, Kulturquadrat / Wüllen, Am Spieker / Ahaus, Stadtpark	Krankenhaus / Kulturquadrat / Am Spieker	LINESTRING(6.991435 52.070048,6.9915023000000005 52.0700531)
53	Ahaus	Krankenhaus	de:05554:16390:0:C	52.071898	6.992378	bus	MATCHED	n1433598819	72.2	1.0	Krankenhaus	753,C87,D76,R76	Ahaus, Schloßstr.	Schloßstraße	LINESTRING(6.992378 52.071898,6.991572000000001 52.07148)
54	Ahaus	Krankenhaus	de:05554:16390:0:D	52.071766	6.991974	bus	MATCHED	n1489709352	35.3	1.0	Krankenhaus	753,776,D76,R76	Wüllen, Am Spieker	Am Spieker	LINESTRING(6.991974 52.071766,6.9923365 52.0719909)
55	Ahaus	Kulturquadrat	de:05554:68017:0:1	52.075868	7.002727	bus	MATCHED	n5339432579	13.1	1.0	Kulturquadrat	B12	Ahaus, Finanzamt	Finanzamt	LINESTRING(7.002727 52.075868,7.0029178000000005 52.075858800000006)
56	Ahaus	Kulturquadrat	de:05554:68017:0:2	52.075918	7.002889	bus	MATCHED	n5339432578	13.7	1.0	Kulturquadrat	B12	Ahaus, Krankenhaus	Krankenhaus	LINESTRING(7.002889 52.075918,7.0026885000000005 52.0759198)
57	Ahaus	Lindenstr. 	de:05554:60822:0:1	52.069087	7.009132	bus	MATCHED	n1409380554	18.3	1.0	Lindenstraße	776,781	Ahaus, Coesfelder Str. / Ahaus, Kalvarienberg	Coesfelder Straße	LINESTRING(7.009132 52.069087,7.009124600000001 52.069251)
58	Ahaus	Lindenstr. 	de:05554:60822:0:2	52.069071	7.009141	bus	MATCHED	n1409380553	14.1	1.0	Lindenstraße	776,781	Ahaus, Coesfelder Str. / Ahaus, Kalvarienberg	Kalvarienberg	LINESTRING(7.009141 52.069071,7.0089945 52.069159500000005)
59	Ahaus	Marienplatz	de:05554:16387:0:1	52.077486	7.009105	bus	MATCHED	n1495120440	6.6	1.0	Marienplatz	753,770,773,774,776,825,B1,C87,D76,N14,R76,S70,T12,T22	Ahaus, Bahnhof / Ahaus, Alex.-Hegius-Gymnasium / Ahaus, Bahnhof / Ahaus, Bahnhof / Ahaus, Bahnhof	Bahnhof	LINESTRING(7.009105 52.077486,7.0091462 52.077432400000006)
60	Ahaus	Marienplatz	de:05554:16387:0:2	52.077392	7.008755	bus	MATCHED	n1495120442	6.6	1.0	Marienplatz	753,770,772,773,774,776,781,B1,C87,D76,N14,R76,S70,T12,T22	Ahaus, Bahnhof / Ahaus, Alex.-Hegius-Gymnasium / Ahaus, Schloßstr. / Ahaus, Rathaus / Wüllen, Am Spieker / Ahaus, Canisiusstift / Ahaus, Helene-Helmig Schule / Ahaus, Finanzamt	Helene-Helming Schule / Flörbachstraße / Rathaus / Canisiusstift / Schloßstraße / Finanzamt / Am Spieker	LINESTRING(7.008755 52.077392,7.0087812000000005 52.077448700000005)
61	Ahaus	Moorbach-Siedlung	de:05554:16483:0:1	52.09218	7.030269	bus	MATCHED	n5280507240	1.9	1.0	Moorbach-Siedlung	772,773,N14,R77,S70	Ahaus, Windhuk / Ahaus, Bahnhof	Windhuk	LINESTRING(7.030269 52.09218,7.0302495 52.0921919)
62	Ahaus	Moorbach-Siedlung	de:05554:16483:0:2	52.092224	7.030611	bus	MATCHED	n5280507239	3.8	1.0	Moorbach-Siedlung	772,773,N14,R77,S70	Ahle, Kapelle	Kapelle	LINESTRING(7.030611 52.092224,7.030614300000001 52.092190300000006)
63	Ahaus	Pestalozzischule	de:05554:21204:0:1	52.07981	7.000463	bus	MATCHED	n13277923068	15.0	0.45	Pestalozzischule	819,826,827	Ahaus, Irena-Sendler-Gesamtschule / Wüllen, St.Josef-Kindergarten / Ahaus, Irena-Sendler-Gesamtschule / Ahaus, Irena-Sendler-Gesamtschule / Ahaus, Kläranlage / Ahaus, Aabachschule	Aabachschule / St. Josef-Kindergarten	LINESTRING(7.000463 52.07981,7.0004040000000005 52.0796803)
64	Ahaus	Polizeiinspektion Nord	de:05554:16450:0:1	52.083205	7.013588	bus	MATCHED	n3149539032	13.2	1.0	Polizeiinspektion Nord	781	Ahaus, Bahnhof / Ahaus, Marienplatz	Bahnhof	LINESTRING(7.013588 52.083205,7.013620700000001 52.0830884)
65	Ahaus	Rathaus	de:05554:16554:0:1	52.073516	7.006599	bus	MATCHED	n1409380566	33.5	1.0	Rathaus	773,774,781	Ahaus, Bahnhof / Ahaus, Marienplatz / Ahaus, Canisiusstift / Ahaus, Coesfelder Str.	Marienplatz	LINESTRING(7.006599 52.073516,7.0070256 52.0736622)
66	Ahaus	Rathaus	de:05554:16554:0:2	52.073582	7.007012	bus	MATCHED_THOUGH_REVERSED_DIR	n1409380565	27.4	1.0	Rathaus	774	Ahaus, Marienplatz	Coesfelder Straße	LINESTRING(7.007012 52.073582,7.0067142 52.073417500000005)
67	Ahaus	Ridderstr. 	de:05554:60315:0:1	52.088057	7.0285	bus	NO_MATCH					819	Ammeln, Abzw. Schumacherring		POINT(7.0285 52.088057)
68	Ahaus	Ridderstr. 	de:05554:60315:0:2	52.088057	7.028509	bus	NO_MATCH					819	Ahaus, Rottweg		POINT(7.028509 52.088057)
69	Ahaus	Rosenthal	de:05554:16469:0:1	52.087952	6.999313		NO_MATCH_AND_SEEMS_UNSERVED								POINT(6.999313 52.087952)
70	Ahaus	Rosenthal	de:05554:16469:0:2	52.08793	6.999313		MATCHED	n1440786749	10.2	0.47	Rosenthal				LINESTRING(6.999313 52.08793,6.9994617 52.0879333)
71	Ahaus	Rottweg	de:05554:60314:0:1	52.083431	7.028239	bus	NO_MATCH					819	Ahaus, Ridderstr.		POINT(7.028239 52.083431)
72	Ahaus	Rottweg	de:05554:60314:0:2	52.083431	7.028239	bus	NO_MATCH					819			POINT(7.028239 52.083431)
73	Ahaus	Schloßstr. 	de:05554:21699:0:1	52.074957	7.000454	bus	MATCHED	n5275102018	6.9	1.0	Schloßstraße	753,B1,C87,D76,N14,R76	Ahaus, Marienplatz	Marienplatz	LINESTRING(7.000454 52.074957,7.000452900000001 52.0748952)
74	Ahaus	Schloßstr. 	de:05554:21699:0:2	52.074731	6.999655	bus	MATCHED	n2553069404	1.7	1.0	Schloßstraße	753,B1,D76,N14,R76	Ahaus, Krankenhaus / Wüllen, Am Spieker / Ahaus, Krankenhaus / Ahaus, Kalvarienberg	Krankenhaus / Kalvarienberg	LINESTRING(6.999655 52.074731,6.9996549 52.0747161)
75	Ahaus	Siedlung Moorbach	de:05554:64322:0:1	52.092975	7.031132	bus	NO_MATCH					819	Ahaus, Josefschule / Ammeln, Fleehook		POINT(7.031132 52.092975)
76	Ahaus	Stadtpark	de:05554:16391:0:1	52.085203	6.999412	bus	MATCHED	n1495137456	4.2	1.0	Stadtpark	770,781,824,871,C87,S70,T77	Ahaus, Hocksstr. / Wessum, Flörbachstr. / Ahaus, Irena-Sendler-Gesamtschule / Ahaus, Helene-Helmig Schule / Ahaus, Krankenhaus	Krankenhaus / Hocksstraße / Helene-Helming Schule	LINESTRING(6.999412 52.085203,6.999367100000001 52.0852293)
77	Ahaus	Stadtpark	de:05554:16391:0:2	52.085501	6.999107	bus	MATCHED	n1495137457	6.5	1.0	Stadtpark	770,781,824,871,C87,S70,T77	Ahaus, Hocksstr. / Wessum, Flörbachstr. / Wessum, Eichenallee	Flörbachstraße / Eichenallee	LINESTRING(6.999107 52.085501,6.999187200000001 52.0854701)
78	Ahaus	Stadtwerke	de:05554:16024:0:1	52.070098	6.983404	bus	MATCHED	n5336409853	5.0	1.0	Stadtwerke	C87	Ahaus, Krankenhaus	Krankenhaus	LINESTRING(6.983404 52.070098,6.983337700000001 52.0700786)
79	Ahaus	Windhuk	de:05554:16484:0:1	52.086688	7.020873	bus	MATCHED	n2004488487	4.8	1.0	Windhuk	772,773,B1,N14,R77,S70	Ahaus, Bahnhof / Ahaus, Bahnhof / Ahaus, Bahnhof	Bahnhof	LINESTRING(7.020873 52.086688,7.020883400000001 52.0867306)
80	Ahaus	Windhuk	de:05554:16484:0:2	52.086622	7.021071	bus	MATCHED	n2004488545	24.5	1.0	Windhuk	772,773,B1,N14,R77,S70	Ahaus, Moorbach-Siedlung / Ammeln, Abzw. Schumacherring	Moorbach-Siedlung / Abzweig Schumacherring	LINESTRING(7.021071 52.086622,7.0213032 52.086789100000004)
81	Ahle	Ahle 136	de:05554:61357:0:1	52.08772	7.047625	bus	NO_MATCH					814,SV04	Ahle, Feldkampsweg / Ahle, Schmiing		POINT(7.047625 52.08772)
82	Ahle	Am Urnenfeld	de:05554:61554:0:1	52.106555	7.07329	bus	NO_MATCH					814	Ahle (Kr BOR), Telgmann		POINT(7.07329 52.106555)
83	Ahle	Anthornshook	de:05554:12926:0:1	52.120082	7.062672	bus	NO_MATCH					813,SV03	Ahle (Kr BOR), Ahle 6		POINT(7.062672 52.120082)
84	Ahle	Anthornshook	de:05554:12926:0:2	52.120082	7.062672	bus	NO_MATCH					SV03	Ahle, Helmert		POINT(7.062672 52.120082)
85	Ahle	Branenfeld	de:05554:12927:0:1	52.100977	7.02726	bus	NO_MATCH					813,SV03	Ahle, Große Vestert		POINT(7.02726 52.100977)
86	Ahle	Branenfeld	de:05554:12927:0:2	52.100977	7.02726	bus	NO_MATCH					SV03	Ahle, Moorbach		POINT(7.02726 52.100977)
87	Ahle	Brook	de:05554:12929:0:1	52.103488	7.04784	bus	NO_MATCH					813,SV03	Ahle, Kapellenhook		POINT(7.04784 52.103488)
88	Ahle	Brook	de:05554:12929:0:2	52.103488	7.04784	bus	NO_MATCH					SV03	Ahle, Große Vestert		POINT(7.04784 52.103488)
89	Ahle	Bröker	de:05554:62163	52.130092	7.035776		NO_MATCH_AND_SEEMS_UNSERVED								POINT(7.035776 52.130092)
90	Ahle	Dannenkamp	de:05554:12930:0:1	52.089139	7.05155	bus	MATCHED	n5338460994	9.8	1.0	Dannenkamp	B1	Ahle, Schleithoff	Schleithoff	LINESTRING(7.05155 52.089139,7.051692500000001 52.0891366)
91	Ahle	Dannenkamp	de:05554:12930:0:2	52.089139	7.05155	bus	MATCHED	n5338460995	6.5	1.0	Dannenkamp	B1	Ammeln, Abzw. Schumacherring	Abzweig Schumacherring	LINESTRING(7.05155 52.089139,7.0514698000000005 52.089169500000004)
92	Ahle	Dannenkamp	de:05554:12930:0:3	52.089167	7.05164	bus	NO_MATCH_BUT_OTHER_PLATFORM_MATCHED					814,SV04	Ahle (Kr BOR), Thesing / Ahle, Dapperkamp		POINT(7.05164 52.089167)
93	Ahle	Dapperkamp	de:05554:12931:0:1	52.091286	7.061746	bus	MATCHED	n2553139149	5.3	0.67	Dapperkamp	814	Ahle, Elveringesch		LINESTRING(7.061746 52.091286,7.061676100000001 52.0913071)
94	Ahle	Dapperkamp	de:05554:12931:0:2	52.091286	7.061746	bus	NO_MATCH_BUT_OTHER_PLATFORM_MATCHED					814,SV04	Ahle, Dannenkamp		POINT(7.061746 52.091286)
95	Ahle	Elveringesch	de:05554:12932:0:1	52.092434	7.074215	bus	NO_MATCH					814,SV04	Ahle, Weilingesch		POINT(7.074215 52.092434)
96	Ahle	Feldkampsweg	de:05554:61339:0:1	52.089807	7.061899	bus	NO_MATCH					814,SV04	Ahle, Ahle 136 / Heek, Alexander-Hegius-Schule		POINT(7.061899 52.089807)
97	Ahle	Graeser Weg	de:05554:62395:0:1	52.121659	7.040016	bus	NO_MATCH					813,SV03	Ahle, Vosshook / Ahle, Sportplatz		POINT(7.040016 52.121659)
98	Ahle	Große Vestert	de:05554:64285:0:1	52.10554	7.029614	bus	MATCHED	n1890159622	23.2	0.36	Große Vestert	813,SV03	Ahle, Brook		LINESTRING(7.029614 52.10554,7.0298853 52.105415900000004)
99	Ahle	Große Vestert	de:05554:64285:0:2	52.10554	7.029614	bus	NO_MATCH_BUT_OTHER_PLATFORM_MATCHED					SV03	Ahle, Branenfeld		POINT(7.029614 52.10554)
100	Ahle	Heumate	de:05554:12933:0:1	52.111311	7.039899		NO_MATCH_AND_SEEMS_UNSERVED								POINT(7.039899 52.111311)
101	Ahle	Heumate	de:05554:12933:0:2	52.111311	7.039899		NO_MATCH_AND_SEEMS_UNSERVED								POINT(7.039899 52.111311)
102	Ahle	Hoher Esch	de:05554:63176:0:1	52.117809	7.055611		NO_MATCH_AND_SEEMS_UNSERVED								POINT(7.055611 52.117809)
103	Ahle	Hovestadt	de:05554:16481:0:1	52.10661	7.057398	bus	MATCHED	n5280507229	8.6	1.0	Hovestadt	772,773,N14,R77,S70	Heek, Feuerwehr / Heek, Gabelpunkt / Heek, Rathaus	Siedlung / Rathaus	LINESTRING(7.057398 52.10661,7.0575222 52.106599100000004)
104	Ahle	Hovestadt	de:05554:16481:0:2	52.106318	7.056383	bus	MATCHED	n5280507230	9.6	1.0	Hovestadt	772,773,N14,R77,S70	Ahle, Kapelle	Kapelle	LINESTRING(7.056383 52.106318,7.0564708000000005 52.1063849)
105	Ahle	Im Kuckuck	de:05554:12934:0:1	52.102947	7.084474		NO_MATCH_AND_SEEMS_UNSERVED								POINT(7.084474 52.102947)
106	Ahle	Kapelle	de:05554:16482:0:1	52.102423	7.048523	bus	MATCHED	n5280507231	13.6	1.0	Kapelle	772,773,N14,R77,S70	Ahle, Hovestadt	Hovestadt	LINESTRING(7.048523 52.102423,7.048443000000001 52.102310700000004)
107	Ahle	Kapelle	de:05554:16482:0:2	52.102191	7.047786	bus	MATCHED	n5280507232	2.9	1.0	Kapelle	772,773,N14,R77,S70	Ahaus, Moorbach-Siedlung	Moorbach-Siedlung	LINESTRING(7.047786 52.102191,7.0477965000000005 52.1021657)
108	Ahle	Kapellenhook	de:05554:12935:0:1	52.106897	7.047562	bus	MATCHED	n1890159626	7.9	0.59	Kapellenhook	813,SV03	Ahle (Kr BOR), Kirchweg		LINESTRING(7.047562 52.106897,7.0475434 52.1069667)
109	Ahle	Kapellenhook	de:05554:12935:0:2	52.106897	7.047562	bus	NO_MATCH_BUT_OTHER_PLATFORM_MATCHED					SV03	Ahle, Brook		POINT(7.047562 52.106897)
110	Ahle	Moorbach	de:05554:12925:0:1	52.093223	7.030808	bus	NO_MATCH					813,814,SV03,SV04	Ahle, Branenfeld		POINT(7.030808 52.093223)
111	Ahle	Mootdiek	de:05554:63987:0:1	52.107824	7.034994	bus	MATCHED	n2553139151	127.3	0.1	Mootdieck	813,SV03	Ahle, Pierk		LINESTRING(7.034994 52.107824,7.0337607 52.10696840000001)
112	Ahle	Mootdiek	de:05554:63987:0:2	52.107824	7.034994	bus	NO_MATCH_BUT_OTHER_PLATFORM_MATCHED					SV03	Ahle (Kr BOR), Kirchweg		POINT(7.034994 52.107824)
113	Ahle	Niehues	de:05554:60717:0:1	52.097964	7.082722	bus	NO_MATCH					812,814,SV04	Ahle, Elveringesch / Ahle, Wischemann		POINT(7.082722 52.097964)
114	Ahle	Nienborger Damm	de:05554:12936:0:1	52.118913	7.073963	bus	NO_MATCH_BUT_OTHER_PLATFORM_MATCHED					813,SV03	Heek, Alexander-Hegius-Schule		POINT(7.073963 52.118913)
115	Ahle	Nienborger Damm	de:05554:12936:0:2	52.118891	7.073874	bus	MATCHED	n2794531365	7.6	0.6	Nienborger Damm	SV03	Ahle (Kr BOR), Ahle 6		LINESTRING(7.073874 52.118891,7.073802000000001 52.118839300000005)
116	Ahle	Pierk	de:05554:11491:0:1	52.112994	7.023676	bus	NO_MATCH					813,SV03	Ahle, Vosshook		POINT(7.023676 52.112994)
117	Ahle	Pierk	de:05554:11491:0:2	52.112994	7.023676	bus	NO_MATCH					SV03	Ahle, Mootdiek		POINT(7.023676 52.112994)
118	Ahle	Rottweg	de:05554:12937	52.092809	7.045774		NO_MATCH_AND_SEEMS_UNSERVED								POINT(7.045774 52.092809)
119	Ahle	Schleithoff	de:05554:17489:0:1	52.095409	7.080683	bus	MATCHED	n5338513241	3.2	1.0	Schleithoff	B1	Heek, Heitkamp	Heitkamp	LINESTRING(7.080683 52.095409,7.0807193 52.0953913)
120	Ahle	Schleithoff	de:05554:17489:0:2	52.095409	7.080683	bus	MATCHED	n5338513242	11.8	1.0	Schleithoff	B1	Ahle, Dannenkamp	Dannenkamp	LINESTRING(7.080683 52.095409,7.0805356 52.0953534)
121	Ahle	Schmiing	de:05554:61338:0:1	52.090204	7.042927	bus	NO_MATCH					814,SV04	Ahle, Ahle 136		POINT(7.042927 52.090204)
122	Ahle	Sportplatz	de:05554:12938:0:1	52.115377	7.051416	bus	MATCHED	n1890159611	6.8	0.62	Ahle Sportplatz	813,SV03	Ahle, Helmert		LINESTRING(7.051416 52.115377,7.0513288 52.115348700000006)
123	Ahle	Sportplatz	de:05554:12938:0:2	52.115377	7.051416	bus	NO_MATCH_BUT_OTHER_PLATFORM_MATCHED					SV03	Ahle, Graeser Weg		POINT(7.051416 52.115377)
124	Ahle	Vosshook	de:05554:17022:0:1	52.115487	7.035453	bus	NO_MATCH					813,SV03	Ahle, Pierk / Ahle, Graeser Weg		POINT(7.035453 52.115487)
125	Ahle	Weilingesch	de:05554:12939:0:1	52.103934	7.070424	bus	MATCHED	n2553139155	24.3	0.35	Weilingesch	814,SV04	Ahle, Weilinghoff		LINESTRING(7.070424 52.103934,7.070082 52.103877600000004)
126	Ahle	Weilingesch	de:05554:12939:0:2	52.103824	7.069822		NO_MATCH_AND_SEEMS_UNSERVED								POINT(7.069822 52.103824)
127	Ahle	Weilinghoff	de:05554:69300:0:1	52.102014	7.06551	bus	MATCHED	n2553139148	23.3	0.17	Am Urnenfeld	814,SV04	Ahle (Kr BOR), Berger		LINESTRING(7.06551 52.102014,7.0658487 52.101992300000006)
128	Ahle	Wiesbachtal	de:05554:63570:0:1	52.098808	7.045945	bus	NO_MATCH					814	Ahle (Kr BOR), Thesing		POINT(7.045945 52.098808)
129	Ahle	Wiesbachtal	de:05554:63570:0:2	52.098841	7.045891	bus	NO_MATCH					814,SV04	Ahle, Moorbach		POINT(7.045891 52.098841)
130	Ahle (Kr BOR)	Ahle 6	de:05554:68133:0:1	52.119608	7.068268	bus	NO_MATCH					813,SV03	Ahle, Nienborger Damm		POINT(7.068268 52.119608)
131	Ahle (Kr BOR)	Ahle 6	de:05554:68133:0:2	52.119591	7.068331	bus	NO_MATCH					SV03	Ahle, Anthornshook		POINT(7.068331 52.119591)
132	Ahle (Kr BOR)	Berger	de:05554:65152:0:1	52.105044	7.06463	bus	NO_MATCH					814,SV04	Ahle, Am Urnenfeld / Ahle, Dapperkamp		POINT(7.06463 52.105044)
133	Ahle (Kr BOR)	Telgmann	de:05554:60392:0:1	52.10218	7.080359	bus	NO_MATCH					814,SV04	Ahle, Niehues		POINT(7.080359 52.10218)
134	Almsick	Brinker	de:05554:16980:0:1	52.022391	6.989073		MATCHED	n1496955437	10.6	0.46	Brinker				LINESTRING(6.989073 52.022391,6.9890036 52.022306)
135	Almsick	Büning/Bahnübergang	de:05554:16977:0:1	52.002906	6.964477	bus	MATCHED	n11818594267	8.8	0.47	Büning Bahnübergang	868	Almsick, Roth		LINESTRING(6.964477 52.002906,6.964351000000001 52.002891000000005)
136	Almsick	Büsker	de:05554:16978:0:1	51.999439	6.952691	bus	MATCHED	n752619902	15.4	0.45	Büsker	868	Almsick, Rosker		LINESTRING(6.952691 51.999439,6.952479100000001 51.9994852)
137	Almsick	Ebbing	de:05554:13837	52.018245	7.049215		NO_MATCH_AND_SEEMS_UNSERVED								POINT(7.049215 52.018245)
138	Almsick	Große Liesner	de:05554:16976:0:1	52.007922	6.968762	bus	MATCHED	n11818594266	6.4	0.61	Große Liesner	868	Almsick, Büning/Bahnübergang		LINESTRING(6.968762 52.007922,6.9687958000000005 52.007975900000005)
139	Almsick	Honvehlmann	de:05554:61583:0:1	52.014347	6.943753	bus	MATCHED	n11842235096	6.3	0.63	Honvehlmann	868	Almsick, Hornhues		LINESTRING(6.943753 52.014347,6.943704 52.0143951)
140	Almsick	Hornhues	de:05554:16405:0:1	52.011925	6.942468	bus	MATCHED	n11842235098	7.6	0.6	Hornhues	868	Almsick, Wüpping		LINESTRING(6.942468 52.011925,6.9423656000000005 52.01190020000001)
141	Almsick	Hornhues	de:05554:16405:0:2	52.011909	6.942495	bus	NO_MATCH_BUT_OTHER_PLATFORM_MATCHED					753	Almsick, Voßkamp		POINT(6.942495 52.011909)
142	Almsick	Krieger	de:05554:16981:0:1	52.001712	6.997139		NO_MATCH_AND_SEEMS_UNSERVED								POINT(6.997139 52.001712)
143	Almsick	Lammers	de:05554:16969:0:1	52.005174	6.937958	bus	MATCHED	n11810187859	8.0	0.57	Lammers	753,868	Almsick, Voßkamp Wendeplatz / Almsick, Hornhues		LINESTRING(6.937958 52.005174,6.937864200000001 52.0051319)
144	Almsick	Liesner	de:05554:16985:0:1	52.015033	7.043609	bus	NO_MATCH					776	Büren, Bürener Esch		POINT(7.043609 52.015033)
145	Almsick	Liesner	de:05554:16985:0:2	52.015049	7.043528	bus	NO_MATCH					776	Ahaus, Bröke		POINT(7.043528 52.015049)
146	Almsick	Liesner	de:05554:16985:0:3	52.015033	7.043609		NO_MATCH_AND_SEEMS_UNSERVED								POINT(7.043609 52.015033)
147	Almsick	Mensing-Effsing	de:05554:16974:0:1	52.010587	6.955997	bus	MATCHED	n11832946143	8.8	0.57	Mensing-Effsing	868	Almsick, Vogelstange		LINESTRING(6.955997 52.010587,6.9561247 52.0105894)
148	Almsick	Rosker	de:05554:16979:0:1	51.999566	6.942432	bus	MATCHED	n672954861	12.7	0.49	Rosker	868	Stadtlohn, Losberg / Stadtlohn, Busbahnhof		LINESTRING(6.942432 51.999566,6.942291 51.999639300000005)
149	Almsick	Roth	de:05554:68018:0:1	52.001297	6.96003	bus	MATCHED	n11818594268	5.1	0.66	Roth	868	Almsick, Büsker		LINESTRING(6.96003 52.001297,6.959978 52.001329500000004)
150	Almsick	Roth	de:05554:68018:0:2	52.001281	6.959976		NO_MATCH_AND_SEEMS_UNSERVED								POINT(6.959976 52.001281)
151	Almsick	Vogelstange	de:05554:16975:0:1	52.014983	6.968923	bus	MATCHED	n11845244253	9.9	0.54	Vogelstange	868	Almsick, Große Liesner		LINESTRING(6.968923 52.014983,6.969027400000001 52.0149221)
152	Almsick	Voßkamp	de:05554:16404:0:1	52.016769	6.945055	bus	NO_MATCH					868	Almsick, Honvehlmann		POINT(6.945055 52.016769)
153	Almsick	Voßkamp	de:05554:16404:0:2	52.016769	6.945055	bus	NO_MATCH					753	Ahaus, Krankenhaus		POINT(6.945055 52.016769)
154	Almsick	Voßkamp Wendeplatz	de:05554:16970:0:1	52.019173	6.944624	bus	NO_MATCH					868	Almsick, Voßkamp		POINT(6.944624 52.019173)
155	Almsick	Völker	de:05554:16986:0:1	52.006595	7.035677	bus	NO_MATCH					862	Büren (Stadtlohn), Kirche		POINT(7.035677 52.006595)
156	Almsick	Völker	de:05554:16986:0:2	52.006601	7.035767	bus	NO_MATCH					862	Büren (Stadtlohn), Volmer		POINT(7.035767 52.006601)
157	Almsick	Völker	de:05554:16986:0:3	52.007292	7.034114		NO_MATCH_AND_SEEMS_UNSERVED								POINT(7.034114 52.007292)
158	Almsick	Völker	de:05554:16986:0:4	52.007292	7.034114		NO_MATCH_AND_SEEMS_UNSERVED								POINT(7.034114 52.007292)
159	Almsick	Wüpping	de:05554:16973:0:1	52.009105	6.944094	bus	MATCHED	n11810186940	4.2	0.71	Wüpping	868	Almsick, Mensing-Effsing		LINESTRING(6.944094 52.009105,6.9440521 52.0091328)
160	Alstätte	Abzw. Ottenstein	de:05554:16461:0:1	52.121825	6.919938	bus	MATCHED	n5336573615	7.6	1.0	Abzweig Ottenstein	871,C87	Alstätte, Schlicht	Schlicht	LINESTRING(6.919938 52.121825,6.9198579 52.121777300000005)
161	Alstätte	Abzw. Ottenstein	de:05554:16461:0:2	52.12225	6.919336	bus	MATCHED	n5336573614	5.5	1.0	Abzweig Ottenstein	871,C87	Alstätte, Hochstr.	Hochstraße	LINESTRING(6.919336 52.12225,6.9194019 52.1222779)
162	Alstätte	Amtsvenn	de:05554:30893:0:1	52.168688	6.95765	bus	MATCHED	n2545843145	70.4	0.18	Amtsvenn	782	Schwiepinghook, Eing		LINESTRING(6.95765 52.168688,6.958099600000001 52.169257200000004)
163	Alstätte	Amtsvenn	de:05554:30893:0:2	52.168682	6.957641	bus	NO_MATCH_BUT_OTHER_PLATFORM_MATCHED					782	Epe, Zollhäuser		POINT(6.957641 52.168682)
164	Alstätte	Dohrenkamp	de:05554:30889:0:1	52.119409	6.893779	bus	MATCHED	n2545843147	21.3	0.38	Dohrenkamp	782	Lünten, Wisseling		LINESTRING(6.893779 52.119409,6.8934948 52.1193316)
165	Alstätte	Dohrenkamp	de:05554:30889:0:2	52.119415	6.893788	bus	MATCHED	n2545843148	20.7	0.38	Dohrenkamp	782	Alstätte, Markt		LINESTRING(6.893788 52.119415,6.8940736000000005 52.1194761)
166	Alstätte	Gronauer Str. 	de:05554:30890:0:1	52.13173	6.92116	bus	MATCHED	n11113959992	19.8	0.39	Gronauer Str.	782	Alstätte, Markt		LINESTRING(6.92116 52.13173,6.9210298 52.1315715)
167	Alstätte	Gronauer Str. 	de:05554:30890:0:2	52.13173	6.921169	bus	MATCHED	n11113959993	8.8	0.53	Gronauer Str	782	Alstätte, Schwiepinghook		LINESTRING(6.921169 52.13173,6.921162000000001 52.1318088)
168	Alstätte	Hochstr. 	de:05554:60970:0:1	52.124428	6.916228	bus	MATCHED	n5338309052	15.7	1.0	Hochstraße	871,B12,C87	Alstätte (Kr BOR), Mörikestr. / Ahaus, Canisiusstift / Ahaus, Alex.-Hegius-Gymnasium / Alstätte, Abzw. Ottenstein	Mörikestraße / Abzweig Ottenstein	LINESTRING(6.916228 52.124428,6.916290500000001 52.1242919)
169	Alstätte	Hochstr. 	de:05554:60970:0:2	52.124329	6.916372	bus	MATCHED	n5338309051	14.5	1.0	Hochstraße	871,B12,C87	Alstätte, Markt		LINESTRING(6.916372 52.124329,6.9162919 52.12445)
170	Alstätte	Katharinenschule	de:05554:21207:0:1	52.127075	6.91736	bus	MATCHED	n11114217457	4.5	0.37	Droste Hülshoff Schule	820,821	Schwiepinghook, Eper Damm / Schwiepinghook, Gronauer Str.		LINESTRING(6.91736 52.127075,6.9172986000000005 52.1270618)
171	Alstätte	Markt	de:05554:16459:0:1	52.128096	6.91648	bus	MATCHED	n859528711	6.1	1.0	Markt	782,820,821,871,B12,C87,T88,X80	Alstätte, Hochstr. / Gronau (Westf), Möllenweg / Alstätte, Dohrenkamp / Alstätte (Kr BOR), Bredeck / Schwiepinghook, Gronauer Str. / Ahaus, Irena-Sendler-Gesamtschule / Enschede, Aquadrome / Alstätte, Katharinenschule / Köckelwick, Abzw. Antoniusheim	Abzweig Antoniusheim / Möllenweg / Hochstraße / Bredeck	LINESTRING(6.91648 52.128096,6.916457100000001 52.128043100000006)
172	Alstätte	Markt	de:05554:16459:0:2	52.128085	6.916534	bus	NO_MATCH_BUT_OTHER_PLATFORM_MATCHED					782	Alstätte, Gronauer Str.		POINT(6.916534 52.128085)
173	Alstätte	Schlicht	de:05554:16449:0:1	52.119039	6.927637	bus	MATCHED	n2589328434	8.5	1.0	Schlicht	871,C87	Wessum, Hemling	Hemling	LINESTRING(6.927637 52.119039,6.927669600000001 52.118965100000004)
174	Alstätte	Schlicht	de:05554:16449:0:2	52.119039	6.927673	bus	MATCHED	n5336573618	5.4	1.0	Schlicht	821,871,C87	Schmäinghook, Nienhaus / Alstätte, Abzw. Ottenstein	Abzweig Ottenstein	LINESTRING(6.927673 52.119039,6.9276309000000005 52.1190805)
175	Alstätte	Schwiepinghook	de:05554:30891:0:1	52.140221	6.93079	bus	MATCHED	n11114217454	23.8	0.35	Schwiepinghook	782	Alstätte, Gronauer Str.		LINESTRING(6.93079 52.140221,6.931109 52.1403052)
176	Alstätte	Schwiepinghook	de:05554:30891:0:2	52.140232	6.930781	bus	MATCHED	n11114217453	77.0	0.17	Schwiepinghook	782	Schwiepinghook, Eing		LINESTRING(6.930781 52.140232,6.929764100000001 52.1399367)
177	Alstätte (Kr BOR)	Bredeck	de:05554:15533:0:1	52.128007	6.912913	bus	MATCHED	n5341291288	5.1	1.0	Bredeck	B12	Alstätte, Markt		LINESTRING(6.912913 52.128007,6.9129874000000004 52.128011400000005)
178	Alstätte (Kr BOR)	Bredeck	de:05554:15533:0:2	52.12804	6.91294	bus	MATCHED	n5341291287	4.9	1.0	Bredeck	B12	Alstätte (Kr BOR), Katharinenstift	Katharinenstift	LINESTRING(6.91294 52.12804,6.9128734000000005 52.1280233)
179	Alstätte (Kr BOR)	Grenze	de:05554:15535:0:1	52.128746	6.867405	bus	MATCHED	n1733865300	120.5	1.0	Grenze	B12	Alstätte (Kr BOR), Haarmühle	Haarmühle	LINESTRING(6.867405 52.128746,6.8688279 52.1281083)
180	Alstätte (Kr BOR)	Grenze	de:05554:15535:0:2	52.128741	6.867414	bus	MATCHED	n1733865311	153.1	0.07	Grens	B12			LINESTRING(6.867414 52.128741,6.8662923000000005 52.129931500000005)
181	Alstätte (Kr BOR)	Haarmühle	de:05554:15477:0:1	52.132838	6.875121	bus	MATCHED	n5341312329	1.9	1.0	Haarmühle	B12	Alstätte (Kr BOR), Grenze / Alstätte (Kr BOR), Katharinenstift	Grenze / Katharinenstift	LINESTRING(6.875121 52.132838,6.8750938 52.1328389)
182	Alstätte (Kr BOR)	Haarmühle	de:05554:15477:0:2	52.132838	6.875121		NO_MATCH_AND_SEEMS_UNSERVED								POINT(6.875121 52.132838)
183	Alstätte (Kr BOR)	Katharinenstift	de:05554:15516:0:1	52.126287	6.908332	bus	MATCHED	n5341291284	5.0	1.0	Katharinenstift	B12	Alstätte (Kr BOR), Haarmühle / Alstätte (Kr BOR), Bredeck	Bredeck	LINESTRING(6.908332 52.126287,6.9083351 52.126242500000004)
184	Alstätte (Kr BOR)	Katharinenstift	de:05554:15516:0:2	52.126281	6.908107		MATCHED	n5341291283	5.5	1.0	Katharinenstift			Haarmühle	LINESTRING(6.908107 52.126281,6.9081044 52.1263305)
185	Alstätte (Kr BOR)	Kolbestr. 	de:05554:15292:0:1	52.120418	6.912752	bus	MATCHED	n5341291296	14.9	1.0	Kolbestraße	B12	Hörsteloe, Wesseler	Vredener Straße	LINESTRING(6.912752 52.120418,6.9129512 52.120364300000006)
186	Alstätte (Kr BOR)	Kolbestr. 	de:05554:15292:0:2	52.120413	6.912958	bus	MATCHED	n5341291295	14.6	1.0	Kolbestraße	B12	Alstätte (Kr BOR), Mörikestr.	Mörikestraße	LINESTRING(6.912958 52.120413,6.9127621 52.120463900000004)
187	Alstätte (Kr BOR)	Mörikestr. 	de:05554:15281:0:1	52.121704	6.911871	bus	MATCHED	n5341291291	4.6	1.0	Mörikestraße	B12	Alstätte (Kr BOR), Kolbestr.	Kolbestraße	LINESTRING(6.911871 52.121704,6.911804500000001 52.1217114)
188	Alstätte (Kr BOR)	Mörikestr. 	de:05554:15281:0:2	52.121797	6.911898	bus	MATCHED	n5341291292	4.4	1.0	Mörikestraße	B12	Alstätte, Hochstr.	Hochstraße	LINESTRING(6.911898 52.121797,6.9119614 52.1217929)
189	Alstätter Brook	Abzw. L575	de:05554:21712:0:1	52.159888	6.917405	bus	NO_MATCH					820	Alstätter Brook, Ahler		POINT(6.917405 52.159888)
190	Alstätter Brook	Ahler	de:05554:21214:0:1	52.155567	6.924286	bus	MATCHED	n3312781586	7.4	0.6	Ahler	820	Schwiepinghook, Eper Damm / Schwiepinghook, Niemeier		LINESTRING(6.924286 52.155567,6.9241988 52.155527000000006)
191	Alstätter Brook	Elfering	de:05554:11136:0:1	52.164847	6.916875	bus	MATCHED	n11114217465	14.2	0.46	Elfering	820	Alstätter Brook, Wittekindshof		LINESTRING(6.916875 52.164847,6.9168783000000005 52.164974400000006)
192	Alstätter Brook	Große Hündfeld	de:05554:61580:0:1	52.167949	6.927233	bus	MATCHED	n2409687979	4.6	0.69	Große Hündfeld	820	Alstätter Brook, Sandersküper		LINESTRING(6.927233 52.167949,6.927298700000001 52.167957)
193	Alstätter Brook	Rolfes	de:05554:61555	52.153164	6.913506		NO_MATCH_AND_SEEMS_UNSERVED								POINT(6.913506 52.153164)
194	Alstätter Brook	Sandersküper	de:05554:21711:0:1	52.17645	6.91639	bus	MATCHED	n11114217464	5.3	0.67	Sandersküper	820	Alstätter Brook, Zollhäuser		LINESTRING(6.91639 52.17645,6.9163462 52.1764111)
195	Alstätter Brook	Vogelsang	de:05554:21208:0:1	52.167167	6.945621	bus	MATCHED	n11114217463	5.8	0.65	Vogelsang	820	Alstätter Brook, Wigger		LINESTRING(6.945621 52.167167,6.945541 52.167184500000005)
196	Alstätter Brook	Wigger	de:05554:21209:0:1	52.168032	6.93273	bus	MATCHED	n209005088	5.7	0.65	Wigger	820	Alstätter Brook,Große Hündfeld		LINESTRING(6.93273 52.168032,6.9326466 52.1680301)
197	Alstätter Brook	Wittekindshof	de:05554:21212:0:1	52.162753	6.916731	bus	MATCHED	n11114217466	4.5	0.7	Wittekindshof	820	Alstätter Brook, Abzw. L575		LINESTRING(6.916731 52.162753,6.916740300000001 52.162793300000004)
198	Alstätter Brook	Zollhäuser	de:05554:21211:0:1	52.168605	6.917118	bus	MATCHED	n3304890961	7.5	0.6	Zollhäuser	820	Alstätter Brook, Elfering		LINESTRING(6.917118 52.168605,6.9170094 52.168610300000005)
199	Ammeln	Abzw. Brook	de:05554:21215:0:1	52.056026	7.047544	bus	MATCHED	n10850751400	13.8	0.62	Abzw. Brook	827	Ammeln, Hartmann / Ammeln, Brockhoff	Tegelstegge	LINESTRING(7.047544 52.056026,7.0474958 52.056146500000004)
200	Ammeln	Abzw. Fleehook	de:05554:60318	52.091242	7.028769		NO_MATCH_AND_SEEMS_UNSERVED								POINT(7.028769 52.091242)
201	Ammeln	Abzw. Schumacherring	de:05554:60316:0:1	52.088306	7.035839	bus	MATCHED	n5338460999	9.5	1.0	Abzweig Schumacherring	819,B1	Ahle, Dannenkamp / Ammeln, Fleehook	Dannenkamp	LINESTRING(7.035839 52.088306,7.0359774 52.0883125)
202	Ammeln	Abzw. Schumacherring	de:05554:60316:0:2	52.088355	7.03592	bus	MATCHED	n5338460998	8.0	1.0	Abzweig Schumacherring	819,B1	Ahaus, Ridderstr. / Ahaus, Windhuk	Windhuk	LINESTRING(7.03592 52.088355,7.0358071 52.0883381)
203	Ammeln	Abzw. Schöpp. Str. 	de:05554:64311:0:1	52.071379	7.029676	bus	NO_MATCH_BUT_OTHER_PLATFORM_MATCHED					827	Ahaus, Canisiusstift		POINT(7.029676 52.071379)
204	Ammeln	Abzw. Schöpp. Str. 	de:05554:64311:0:2	52.071385	7.029685	bus	MATCHED	n13279495459	6.6	0.67	Abzw. Schöppinger Str.	827	Ammeln, Tegelstegge	Tegelstegge	LINESTRING(7.029685 52.071385,7.0297314 52.071436500000004)
205	Ammeln	Ammelner Brook	de:05554:21216:0:1	52.054557	7.033872	bus	MATCHED	n2553069383	9.0	0.7	Ammelner Brook	827	Ammeln, Hassels	Hassels	LINESTRING(7.033872 52.054557,7.0338355 52.0544797)
206	Ammeln	Benning	de:05554:21217:0:1	52.077458	7.046223	bus	MATCHED	n13279530415	15.6	0.44	Benning	827	Ammeln, Kapelle	Hassels / Kapelle	LINESTRING(7.046223 52.077458,7.0462232 52.0775979)
207	Ammeln	Benning	de:05554:21217:0:2	52.077458	7.046223	bus	NO_MATCH_BUT_OTHER_PLATFORM_MATCHED					827			POINT(7.046223 52.077458)
208	Ammeln	Brockhoff	de:05554:64312:0:1	52.067762	7.036216	bus	MATCHED	n2901543491	13.0	0.48	Brockhoff	827	Ammeln, Tegelstegge	Canisiusstift	LINESTRING(7.036216 52.067762,7.0360357 52.0677273)
209	Ammeln	Brockhoff	de:05554:64312:0:2	52.067762	7.036216	bus	NO_MATCH_BUT_OTHER_PLATFORM_MATCHED					827	Ammeln, Enning-Barriere		POINT(7.036216 52.067762)
210	Ammeln	Brüning	de:05554:21218:0:1	52.050419	7.043717	bus	MATCHED	n2553069389	8.5	0.71	Brüning	827	Ammeln, Abzw. Brook	Abzw. Brook	LINESTRING(7.043717 52.050419,7.043629500000001 52.050365000000006)
211	Ammeln	Enning-Barriere	de:05554:21219:0:1	52.061174	7.035983	bus	MATCHED	n13279672786	20.5	0.55	Enning-Barriere	827	Ammeln, Hüsing	Hüsing	LINESTRING(7.035983 52.061174,7.0359109 52.06099510000001)
212	Ammeln	Enning-Barriere	de:05554:21219:0:2	52.061185	7.035983		NO_MATCH_AND_SEEMS_UNSERVED								POINT(7.035983 52.061185)
213	Ammeln	Fleehook	de:05554:60317:0:1	52.089939	7.034141	bus	NO_MATCH					819	Ahaus, Kläranlage		POINT(7.034141 52.089939)
214	Ammeln	Fleehook	de:05554:60317:0:2	52.089939	7.034141	bus	NO_MATCH					819	Ammeln, Abzw. Schumacherring		POINT(7.034141 52.089939)
215	Ammeln	Gasth. Enning	de:05554:60838:0:1	52.060307	7.03512	bus	MATCHED	n2945943775	35.4	1.0	Gasthaus Enning	781,N14	Wehr, Ochsenweg / Ahaus, Kalvarienberg / Ahaus, Bahnhof	Kalvarienberg	LINESTRING(7.03512 52.060307,7.034777 52.060545000000005)
216	Ammeln	Gasth. Enning	de:05554:60838:0:2	52.06045	7.034698	bus	MATCHED	n2945943776	34.9	1.0	Gasthaus Enning	781,N14	Wehr, Ochsenweg / Ahaus, Kalvarienberg	Ochsenweg	LINESTRING(7.034698 52.06045,7.0350821 52.06024420000001)
217	Ammeln	Hartmann	de:05554:21220:0:1	52.066983	7.045765	bus	MATCHED	n2901543493	7.5	0.6	Hartmann	827	Ammeln, Enning-Barriere	Ammelner Brook	LINESTRING(7.045765 52.066983,7.0458406 52.0670319)
218	Ammeln	Hartmann	de:05554:21220:0:2	52.066983	7.045774	bus	NO_MATCH_BUT_OTHER_PLATFORM_MATCHED					827	Ammeln, Wigger		POINT(7.045774 52.066983)
219	Ammeln	Hassels	de:05554:21221:0:1	52.053921	7.03813	bus	MATCHED	n2553069401	12.0	0.65	Hassels	827	Ammeln, Brüning	Brüning	LINESTRING(7.03813 52.053921,7.0379559 52.0539071)
220	Ammeln	Hüsing	de:05554:21222:0:1	52.057898	7.033899	bus	MATCHED	n13279495492	18.1	0.57	Hüsing	827	Ammeln, Ammelner Brook	Ammelner Brook	LINESTRING(7.033899 52.057898,7.0340002 52.058048600000006)
221	Ammeln	Kapelle	de:05554:21223:0:1	52.077237	7.034896	bus	MATCHED	n13279530414	3.1	0.76	Kapelle	827	Ammeln, Benning / Ammeln, Terbeck	Wigger / Benning	LINESTRING(7.034896 52.077237,7.0349015 52.077209200000006)
222	Ammeln	Tegelstegge	de:05554:21226:0:1	52.068359	7.028059	bus	NO_MATCH_BUT_OTHER_PLATFORM_MATCHED					827	Ammeln, Abzw. Schöpp. Str.		POINT(7.028059 52.068359)
223	Ammeln	Tegelstegge	de:05554:21226:0:2	52.068359	7.028068	bus	MATCHED	n2901543496	6.0	0.65	Tegelstegge	827	Ammeln, Brockhoff		LINESTRING(7.028068 52.068359,7.0281371 52.0683919)
224	Ammeln	Terbeck	de:05554:21227:0:1	52.084315	7.048829	bus	NO_MATCH_BUT_OTHER_PLATFORM_MATCHED					827	Ammeln, Wigger		POINT(7.048829 52.084315)
225	Ammeln	Terbeck	de:05554:21227:0:2	52.084315	7.048829	bus	MATCHED	n13279530413	9.2	0.69	Terbeck	827	Ammeln, Kapelle	Kapelle	LINESTRING(7.048829 52.084315,7.0487022 52.084343200000006)
226	Ammeln	Wigger	de:05554:21228:0:1	52.073643	7.057093	bus	NO_MATCH_BUT_OTHER_PLATFORM_MATCHED					827	Ammeln, Hartmann		POINT(7.057093 52.073643)
227	Ammeln	Wigger	de:05554:21228:0:2	52.073648	7.057093	bus	MATCHED	n13279530408	16.4	0.43	Wigger	827	Ammeln, Terbeck	Hartmann / Terbeck	LINESTRING(7.057093 52.073648,7.0570401 52.0737919)
228	Ammeloe	Bojanstiege	de:05554:30917	52.080119	6.806274		NO_MATCH_AND_SEEMS_UNSERVED								POINT(6.806274 52.080119)
229	Ammeloe	Effing/Küpers	de:05554:35398	52.074836	6.822453		NO_MATCH_AND_SEEMS_UNSERVED								POINT(6.822453 52.074836)
230	Ammeloe	Kindergarten	de:05554:31372:0:1	52.078231	6.789844	bus	MATCHED	n10697530018	2.2	1.0	Kindergarten	B2,B3	Ammeloe, Sparkasse	Ort	LINESTRING(6.789844 52.078231,6.789860600000001 52.078213600000005)
231	Ammeloe	Kindergarten	de:05554:31372:0:2	52.078275	6.789898	bus	NO_MATCH_BUT_OTHER_PLATFORM_MATCHED					B2,B3	Ammeloe, Molkerei		POINT(6.789898 52.078275)
232	Ammeloe	Molkerei	de:05554:30883:0:1	52.076426	6.784544	bus	MATCHED	n80066686	3.3	0.83	Molkerei	B2,B3	Ammeloe, Kindergarten	Kindergarten	LINESTRING(6.784544 52.076426,6.7845046 52.0764093)
233	Ammeloe	Molkerei	de:05554:30883:0:2	52.076431	6.784499	bus	NO_MATCH_BUT_OTHER_PLATFORM_MATCHED					B2,B3	Crosewick, Zollhäuser / Wennewick, Baumeister		POINT(6.784499 52.076431)
234	Ammeloe	Ort	de:05554:30884:0:1	52.083884	6.792333	bus	MATCHED	n10697530017	10.2	1.0	Ort	782,B2,B3	Ammeloe, Sportplatz / Ammeloe, Rensing	Sportplatz	LINESTRING(6.792333 52.083884,6.7923979 52.0838011)
235	Ammeloe	Ort	de:05554:30884:0:2	52.083895	6.792377	bus	MATCHED	n10697530016	3.8	1.0	Ort	782,B2,B3	Ammeloe, Sportplatz / Ammeloe, Sparkasse		LINESTRING(6.792377 52.083895,6.7923483000000004 52.0839239)
236	Ammeloe	Rensing	de:05554:31244:0:1	52.082211	6.782011	bus	NO_MATCH					782	Oldenkott, Kirche		POINT(6.782011 52.082211)
237	Ammeloe	Rensing	de:05554:31244:0:2	52.0822	6.782029	bus	NO_MATCH					782	Ammeloe, Ort		POINT(6.782029 52.0822)
238	Ammeloe	Schule	de:05554:31242	52.082416	6.792027		MATCHED	n10695304613	2.5	0.77	Schule				LINESTRING(6.792027 52.082416,6.7919976 52.0824293)
239	Ammeloe	Sparkasse	de:05554:31373:0:1	52.080241	6.792961	bus	MATCHED	n5554014167	4.1	0.81	Sparkasse	B2,B3	Ammeloe, Ort	Ort	LINESTRING(6.792961 52.080241,6.7929867 52.0802082)
240	Ammeloe	Sparkasse	de:05554:31373:0:2	52.08018	6.793042	bus	NO_MATCH_BUT_OTHER_PLATFORM_MATCHED					B2,B3	Ammeloe, Kindergarten		POINT(6.793042 52.08018)
241	Ammeloe	Sportplatz	de:05554:31243:0:1	52.085568	6.798962	bus	MATCHED	n10697530013	7.2	1.0	Sportplatz	782,B2,B3	Ammeloe, Ort / Lünten, Depot	Depot	LINESTRING(6.798962 52.085568,6.7990659 52.0855783)
242	Ammeloe	Sportplatz	de:05554:31243:0:2	52.085573	6.799007	bus	MATCHED	n10697530014	16.2	1.0	Sportplatz	782,B2,B3	Ammeloe, Ort / Lünten, Depot		LINESTRING(6.799007 52.085573,6.7987709 52.0855857)
243	Ammeloe	Waterhook	de:05554:30916	52.070131	6.786008		NO_MATCH_AND_SEEMS_UNSERVED								POINT(6.786008 52.070131)
244	Ammeloe	Zollhäuser	de:05554:30918	52.087036	6.796366		NO_MATCH_AND_SEEMS_UNSERVED								POINT(6.796366 52.087036)
245	Anholt	Biotopwildp. Anh. Schw	de:05554:35693	51.832729	6.429341		NO_MATCH_AND_SEEMS_UNSERVED								POINT(6.429341 51.832729)
246	Anholt	Breels	de:05554:6407:0:01	51.844041	6.44667	bus	MATCHED	n527987579	1.9	0.88	Breels	R52	Anholt, Linders Feld	Schneidkuhle	LINESTRING(6.44667 51.844041,6.4466887 51.8440285)
247	Anholt	Breels	de:05554:6407:0:02	51.843403	6.44799	bus	MATCHED	n527355025	2.7	0.85	Breels	R52	Isselburg, Schulzentrum	Schulzentrum	LINESTRING(6.44799 51.843403,6.4479965 51.8433788)
248	Anholt	Linders Feld	de:05554:36809:0:1	51.8458	6.435549	bus	NO_MATCH					R52	Isselburg, Schneidkuhle		POINT(6.435549 51.8458)
249	Anholt	Linders Feld	de:05554:36809:0:2	51.845695	6.43598	bus	NO_MATCH					R52	Anholt, Breels		POINT(6.43598 51.845695)
250	Asbeck	Bölling	de:05554:35496:0:1	52.072268	7.134986	bus	MATCHED	n2950271639	199.2	0.08	Bölling	774	Asbeck, Hotel Enseling		LINESTRING(7.134986 52.072268,7.134319100000001 52.0740106)
251	Asbeck	Bölling	de:05554:35496:0:2	52.072207	7.134995	bus	NO_MATCH_BUT_OTHER_PLATFORM_MATCHED					774	Gemen, Auf den Bülten		POINT(7.134995 52.072207)
252	Asbeck	Eißingort	de:05554:37004:0:1	52.056335	7.152099	bus	NO_MATCH					774	Heven, Brockegge/Bitter		POINT(7.152099 52.056335)
253	Asbeck	Eißingort	de:05554:37004:0:2	52.056611	7.152099	bus	NO_MATCH					774	Asbeck, Feuerwehr		POINT(7.152099 52.056611)
254	Asbeck	Feuerwehr	de:05554:29212:0:1	52.051546	7.144454	bus	NO_MATCH_BUT_OTHER_PLATFORM_MATCHED					774	Asbeck, Hotel Enseling		POINT(7.144454 52.051546)
255	Asbeck	Feuerwehr	de:05554:29212:0:2	52.051607	7.144625	bus	MATCHED_THOUGH_DISTANT	n2901711851	332.3	0.06	Feuerwehr	774	Asbeck, Eißingort		LINESTRING(7.144625 52.051607,7.1466051 52.0543337)
256	Asbeck	Hotel Enseling	de:05554:17473:0:1	52.060113	7.144984	bus	MATCHED	n5339376867	6.4	1.0	Hotel Enseling	774,B1	Asbeck, Volksbank / Asbeck, Feuerwehr	Volksbank	LINESTRING(7.144984 52.060113,7.1449015000000005 52.060086600000005)
257	Asbeck	Hotel Enseling	de:05554:17473:0:2	52.060052	7.144993	bus	MATCHED	n2901543494	12.9	1.0	Hotel Enseling	774	Asbeck, Bölling		LINESTRING(7.144993 52.060052,7.1450307 52.060165600000005)
258	Asbeck	Margarethenschule	de:05554:16694:0:1	52.053065	7.146107	bus	MATCHED	n1999657250	9.8	1.0	Margaretenschule	N6,T79	Eggerode, Kleine Bösing / Heven, Brockegge/Bitter	Kleine Bösing / Bitter	LINESTRING(7.146107 52.053065,7.146227100000001 52.053113)
259	Asbeck	Margarethenschule	de:05554:16694:0:2	52.053065	7.146107	bus	MATCHED	n5203524449	6.3	1.0	Margaretenschule	N6,T79	Legden, Haulingbrink	Haulingbrink	LINESTRING(7.146107 52.053065,7.1460512000000005 52.0531098)
260	Asbeck	Teich	de:05554:31238:0:1	52.055507	7.145397		NO_MATCH_AND_SEEMS_UNSERVED								POINT(7.145397 52.055507)
261	Asbeck	Teich	de:05554:31238:0:2	52.055507	7.145505		NO_MATCH_AND_SEEMS_UNSERVED								POINT(7.145505 52.055507)
262	Asbeck	Volksbank	de:05554:17474:0:1	52.054065	7.145137	bus	MATCHED	n5339376865	22.1	1.0	Volksbank	812,B1	Asbeck, Wiesengrund	Wiesengrund	LINESTRING(7.145137 52.054065,7.144834800000001 52.0541349)
263	Asbeck	Wiesengrund	de:05554:17475:0:1	52.053203	7.14105	bus	MATCHED	n5339376856	25.4	1.0	Wiesengrund	B1	Legden, Haulingbrink / Wehr, Heuser	Heuser / Haulingbrink	LINESTRING(7.14105 52.053203,7.1407337 52.0530843)
264	Averbeck	Abzw. B70	de:05554:17484:0:1	52.11862	7.118232	bus	MATCHED	n5339049948	13.6	1.0	Abzweig B70	812,B1,SV02	Wehr, Vinkelau / Heek, Alexander-Hegius-Schule / Averbeck, Strönfeldstr.	Strönfeldstraße	LINESTRING(7.118232 52.11862,7.1183521 52.1187173)
265	Averbeck	Abzw. B70	de:05554:17484:0:2	52.11862	7.118232	bus	MATCHED	n2901711850	8.2	1.0	Abzweig B70	B1	Averbeck, Wermelt	Wermelt	LINESTRING(7.118232 52.11862,7.118117600000001 52.118641800000006)
266	Averbeck	Alfert	de:05554:17482:0:1	52.107631	7.116795	bus	MATCHED	n5339049940	42.1	1.0	Alfert	812,B1,SV02	Averbeck, Wermelt / Averbeck, Jammertal	Wermelt	LINESTRING(7.116795 52.107631,7.1168715 52.108006800000005)
267	Averbeck	Alfert	de:05554:17482:0:2	52.107631	7.116795	bus	MATCHED	n5339049941	11.7	1.0	Alfert	812,B1,SV02	Averbeck, Uphues / Averbeck, Brookweg	Brookweg	LINESTRING(7.116795 52.107631,7.116770900000001 52.1075266)
268	Averbeck	Am Blömerbach	de:05554:12940:0:1	52.094724	7.108854	bus	NO_MATCH					812,SV02	Averbeck, Blömer / Averbeck, Brookweg		POINT(7.108854 52.094724)
269	Averbeck	Am Nienkamp	de:05554:12941:0:1	52.126993	7.1262	bus	MATCHED_THOUGH_DISTANT	n2950304051	323.0	0.06	Am Nienkamp	812,SV02	Averbeck, Laumannstr.		LINESTRING(7.1262 52.126993,7.1215238 52.126607400000005)
270	Averbeck	Averbecker Weg	de:05554:63877:0:1	52.113435	7.126012	bus	NO_MATCH					812,SV02	Averbeck, Fürstenstiege		POINT(7.126012 52.113435)
271	Averbeck	Blömer	de:05554:15175:0:1	52.094051	7.10394	bus	NO_MATCH					812,SV02	Averbeck, Am Blömerbach / Averbeck, Brüggenfeld		POINT(7.10394 52.094051)
272	Averbeck	Brookweg	de:05554:17481:0:1	52.100011	7.115448	bus	MATCHED_THOUGH_DISTANT	n5339049938	261.6	1.0	Brookweg	812,B1,SV02	Averbeck, Alfert / Averbeck, Uphues	Alfert	LINESTRING(7.115448 52.100011,7.1157852 52.10235350000001)
273	Averbeck	Brookweg	de:05554:17481:0:2	52.100011	7.115448	bus	MATCHED_THOUGH_DISTANT	n5339049937	237.2	1.0	Brookweg	B1	Gemen, Ewigmann	Ewigmann	LINESTRING(7.115448 52.100011,7.1156256 52.1021402)
274	Averbeck	Brüggenfeld	de:05554:65151:0:1	52.089492	7.100383	bus	NO_MATCH					812,SV02	Averbeck, Blömer / Averbeck, Brookweg		POINT(7.100383 52.089492)
275	Averbeck	Buschen Erbe	de:05554:12942:0:1	52.121328	7.138516	bus	MATCHED	n2950304053	14.7	0.46	Buschen Erbe	812,SV02	Averbeck, Liesen Venn		LINESTRING(7.138516 52.121328,7.1386191000000006 52.121443600000006)
276	Averbeck	Doedt	de:05554:68075:0:1	52.118002	7.150024	bus	NO_MATCH					812,SV02	Averbeck, Buschen Erbe		POINT(7.150024 52.118002)
277	Averbeck	Doedt	de:05554:68075:0:2	52.117986	7.150096		NO_MATCH_AND_SEEMS_UNSERVED								POINT(7.150096 52.117986)
278	Averbeck	Fa. Zumdieck	de:05554:12943:0:1	52.123794	7.120352	bus	NO_MATCH					812,SV02	Averbeck, Am Nienkamp		POINT(7.120352 52.123794)
279	Averbeck	Fürstenstiege	de:05554:12944:0:1	52.108387	7.138112	bus	NO_MATCH					812,SV02	Averbeck, Kirchenbusch		POINT(7.138112 52.108387)
280	Averbeck	Jammertal	de:05554:12502:0:1	52.103316	7.131465	bus	NO_MATCH					812	Averbeck, Averbecker Weg		POINT(7.131465 52.103316)
281	Averbeck	Jammertal	de:05554:12502:0:2	52.103294	7.1315	bus	NO_MATCH					812,SV02	Averbeck, Averbecker Weg		POINT(7.1315 52.103294)
282	Averbeck	Kirchenbusch	de:05554:12946:0:1	52.116088	7.136783	bus	MATCHED	n2950271640	13.3	0.48	Kirchenbusch	812,SV02	Averbeck, Wolbeck		LINESTRING(7.136783 52.116088,7.136942 52.116157400000006)
283	Averbeck	Laumannstr. 	de:05554:12556:0:1	52.130169	7.128716	bus	MATCHED	n2950304054	148.0	0.07	Laumannstraße	812,SV02	Averbeck, Abzw. B70		LINESTRING(7.128716 52.130169,7.1277831 52.1313687)
284	Averbeck	Liesen Venn	de:05554:12947:0:1	52.122956	7.132848	bus	MATCHED	n2901711859	11.0	0.52	Liesen Venn	812,SV02	Averbeck, Strönfeldstr.		LINESTRING(7.132848 52.122956,7.1328437000000005 52.123055)
285	Averbeck	Pieperweg	de:05554:64161:1:1	52.10506	7.138013		NO_MATCH_AND_SEEMS_UNSERVED								POINT(7.138013 52.10506)
286	Averbeck	Pieperweg	de:05554:64161:1:2	52.105082	7.138013		NO_MATCH_AND_SEEMS_UNSERVED								POINT(7.138013 52.105082)
287	Averbeck	Pieperweg	de:05554:64161:3:.	52.105055	7.138031		NO_MATCH_AND_SEEMS_UNSERVED								POINT(7.138031 52.105055)
288	Averbeck	Strönfeldstr. 	de:05554:17485:0:1	52.121544	7.122463	bus	MATCHED	n2901711892	24.8	1.0	Strönfeldstraße	B1	Nienborg, Joststraße	Joststraße	LINESTRING(7.122463 52.121544,7.122333500000001 52.12133600000001)
289	Averbeck	Strönfeldstr. 	de:05554:17485:0:2	52.121544	7.122445	bus	MATCHED	n2901711893	28.4	1.0	Strönfeldstraße	B1	Averbeck, Abzw. B70	Abzweig B70	LINESTRING(7.122445 52.121544,7.1221281 52.121379600000004)
290	Averbeck	Strönfeldstr. 	de:05554:17485:0:3	52.121544	7.122445	bus	MATCHED	n2901711894	60.7	1.0	Strönfeldstraße	812,SV02	Averbeck, Fa. Zumdieck		LINESTRING(7.122445 52.121544,7.123259300000001 52.1217588)
291	Averbeck	Uphues	de:05554:12948:0:1	52.102229	7.115717	bus	NO_MATCH					812,SV02	Averbeck, Alfert		POINT(7.115717 52.102229)
292	Averbeck	Uphues	de:05554:12948:0:2	52.102229	7.115717	bus	NO_MATCH					812,SV02	Averbeck, Am Blömerbach		POINT(7.115717 52.102229)
293	Averbeck	Wermelt	de:05554:17483:0:1	52.1152	7.114522	bus	MATCHED	n5339049944	13.3	1.0	Wermelt	812,B1	Heek, Alexander-Hegius-Schule / Averbeck, Abzw. B70	Abzweig B70	LINESTRING(7.114522 52.1152,7.1147163 52.1151977)
294	Averbeck	Wermelt	de:05554:17483:0:2	52.1152	7.114522	bus	MATCHED	n5339049945	20.7	1.0	Wermelt	B1	Averbeck, Alfert	Alfert	LINESTRING(7.114522 52.1152,7.114752500000001 52.1150791)
295	Averbeck	Wolbeck	de:05554:12582:0:1	52.116006	7.154318	bus	NO_MATCH					812,SV02	Averbeck, Doedt		POINT(7.154318 52.116006)
296	Averesch	Abzw. L560	de:05554:21231:0:1	52.081665	6.95367	bus	NO_MATCH					824	Averesch, Heling		POINT(6.95367 52.081665)
297	Averesch	Ahlers	de:05554:13157:0:1	52.105728	6.944884	bus	NO_MATCH					824	Wessum, Hemling		POINT(6.944884 52.105728)
298	Averesch	Aschemann	de:05554:21232:0:1	52.1191	6.946313	bus	NO_MATCH					824	Wessum, Wegener		POINT(6.946313 52.1191)
299	Averesch	Baumeister	de:05554:21233:0:1	52.116337	6.938183	bus	NO_MATCH					821	Alstätte, Schlicht		POINT(6.938183 52.116337)
300	Averesch	Beckmann	de:05554:21237:0:1	52.101727	6.987797		NO_MATCH_AND_SEEMS_UNSERVED								POINT(6.987797 52.101727)
301	Averesch	Bessler	de:05554:21236	52.11045	6.950382		NO_MATCH_AND_SEEMS_UNSERVED								POINT(6.950382 52.11045)
302	Averesch	Bütterhoff	de:05554:21235:0:1	52.082509	6.942953	bus	NO_MATCH					824	Averesch, Elpers		POINT(6.942953 52.082509)
303	Averesch	Dennemann	de:05554:61558:0:1	52.10346	6.978553	bus	MATCHED	n1496956006	12.4	0.49	Dennemann	824	Wessum, Am Bahndamm		LINESTRING(6.978553 52.10346,6.978483700000001 52.1035625)
304	Averesch	Elpers	de:05554:21238:0:1	52.088797	6.930484	bus	NO_MATCH					824	Averesch, Rose		POINT(6.930484 52.088797)
305	Averesch	Heling	de:05554:63209:0:1	52.087119	6.956679	bus	NO_MATCH					824	Averesch, Bütterhoff		POINT(6.956679 52.087119)
306	Averesch	Herbers	de:05554:63951:0:1	52.0788	6.935255		NO_MATCH_AND_SEEMS_UNSERVED								POINT(6.935255 52.0788)
307	Averesch	Lammerding	de:05554:21239:0:1	52.099288	6.952116	bus	NO_MATCH					824	Averesch, Ahlers		POINT(6.952116 52.099288)
308	Averesch	Niehoff	de:05554:21234:0:1	52.08703	6.961979		NO_MATCH_AND_SEEMS_UNSERVED								POINT(6.961979 52.08703)
309	Averesch	Riddebrock	de:05554:21241:0:1	52.099691	7.006419		MATCHED	n1890159710	9.6	0.44	Riddenbrock				LINESTRING(7.006419 52.099691,7.0065572000000005 52.0996796)
310	Averesch	Rose	de:05554:21240:0:1	52.095911	6.931437	bus	MATCHED	n1890159716	19.9	0.39	Rose	824	Averesch, Lammerding		LINESTRING(6.931437 52.095911,6.9311641 52.0958498)
311	Averesch	Sendfeld	de:05554:64162:0:1	52.078363	6.957362	bus	NO_MATCH					824	Averesch, Abzw. L560		POINT(6.957362 52.078363)
312	Averesch	Söbbing	de:05554:21242:0:1	52.113771	6.951505	bus	NO_MATCH					824	Averesch, Aschemann		POINT(6.951505 52.113771)
313	Bahnhof Reken	Aeckern	de:05554:16655:0:1	51.807447	7.064648	bus	NO_MATCH					716,R74	Bahnhof Reken, Bahnhof / Bahnhof Reken, Sekundarschule		POINT(7.064648 51.807447)
314	Bahnhof Reken	Aeckern	de:05554:16655:0:2	51.807447	7.064648	bus	NO_MATCH					716	Hülsten, Surendorf		POINT(7.064648 51.807447)
315	Bahnhof Reken	Augustin-Wibbelt-Platz	de:05554:63123:0:1	51.805564	7.048119	bus	MATCHED	n11291754600	96.3	1.0	Augustin-Wibbelt-Platz	B14	Bahnhof Reken, Industriestr. / Bahnhof Reken, Barbarastr.	Industriestraße / Barbarastraße	LINESTRING(7.048119 51.805564,7.0487025 51.804778000000006)
316	Bahnhof Reken	Bahnhof	de:05554:16598:1:1	51.801759	7.049835		NO_MATCH_AND_SEEMS_UNSERVED								POINT(7.049835 51.801759)
317	Bahnhof Reken	Bahnhof	de:05554:16598:2:1	51.801737	7.049008	bus	MATCHED	n3167654608	5.0	1.0	Bahnhof	713,B14,R73,R74,T18	Bahnhof Reken, Große Wilde	Große Wilde	LINESTRING(7.049008 51.801737,7.0489359 51.8017319)
318	Bahnhof Reken	Bahnhof	de:05554:16598:2:2	51.801559	7.049026	bus	MATCHED	n3167654607	4.1	1.0	Bahnhof	713,716,B14,R73,R73E,T18	Bahnhof Reken, Barbarastr. / Groß Reken, Osthoff / Bahnhof Reken, Sekundarschule / Bahnhof Reken, Aeckern	Barbarastraße / Große Wilde	LINESTRING(7.049026 51.801559,7.048990000000001 51.8015302)
319	Bahnhof Reken	Bahnhof	de:05554:16598:89:89	51.80162	7.04899	bus	NO_MATCH_AND_SEEMS_UNSERVED								POINT(7.04899 51.80162)
320	Bahnhof Reken	Bahnhof	de:05554:16598:91:1	51.801909	7.050005	train	MATCHED_AMBIGUOUSLY	n7058923239	11.4	1.0	Reken	RE14	Klein Reken, Bahnhof	Maria Veen	LINESTRING(7.050005 51.801909,7.050060200000001 51.801812700000006)
321	Bahnhof Reken	Bahnhof	de:05554:16598:91:1	51.801909	7.050005	train	MATCHED_AMBIGUOUSLY	n4735261883	6.7	1.0	Reken	RE14	Klein Reken, Bahnhof	Reken-Klein Reken	LINESTRING(7.050005 51.801909,7.049949300000001 51.801859300000004)
322	Bahnhof Reken	Bahnhof	de:05554:16598:91:2	51.80187	7.050113	train	NO_MATCH_BUT_OTHER_PLATFORM_MATCHED					RE14	Maria Veen, Bahnhof / Klein Reken, Bahnhof		POINT(7.050113 51.80187)
323	Bahnhof Reken	Barbarastr. 	de:05554:16597:0:01	51.805336	7.045711	bus	MATCHED	n3167634738	24.4	1.0	Barbarastraße	713,B14,R73,T18	Bahnhof Reken, Bahnhof / Bahnhof Reken, Sekundarschule	Bahnhof / Augustin-Wibbelt-Platz	LINESTRING(7.045711 51.805336,7.0459934 51.8052032)
324	Bahnhof Reken	Barbarastr. 	de:05554:16597:0:02	51.805297	7.045927	bus	MATCHED	n3167634739	4.2	1.0	Barbarastraße	R73E	Groß Reken, Osthoff / Bahnhof Reken, Goethestr. / Bahnhof Reken, Augustin-Wibbelt-Platz	Osthoff / Sekundarschule	LINESTRING(7.045927 51.805297,7.0459874000000005 51.8053018)
325	Bahnhof Reken	Frankenhof	de:05554:16607:0:1	51.805375	7.025167	bus	NO_MATCH_BUT_OTHER_PLATFORM_MATCHED					713	Bahnhof Reken, Goethestr.		POINT(7.025167 51.805375)
326	Bahnhof Reken	Frankenhof	de:05554:16607:0:2	51.80542	7.025149	bus	MATCHED	n1456508520	11.5	0.51	Frankenhof	713	Bahnhof Reken, Kreulkerhok		LINESTRING(7.025149 51.80542,7.0249936 51.8053837)
327	Bahnhof Reken	Goethestr. 	de:05554:16606:0:1	51.804947	7.038758	bus	MATCHED	n3167628386	6.5	0.44	Goethestraße	713	Bahnhof Reken, Barbarastr.		LINESTRING(7.038758 51.804947,7.0388218 51.804903700000004)
328	Bahnhof Reken	Goethestr. 	de:05554:16606:0:2	51.804936	7.038669	bus	NO_MATCH_BUT_OTHER_PLATFORM_MATCHED					713	Heiden, Alter Kirchplatz / Bahnhof Reken, Frankenhof		POINT(7.038669 51.804936)
329	Bahnhof Reken	Große Wilde	de:05554:16599:0:01	51.79667	7.044103	bus	MATCHED	n3167641902	5.5	1.0	Große Wilde	713,716,B14,R73,R74,T18	Klein Reken, Ort / Klein Reken, Sportplatz Gevelsberg	Ort	LINESTRING(7.044103 51.79667,7.0440307 51.7966494)
330	Bahnhof Reken	Große Wilde	de:05554:16599:0:02	51.79687	7.044517	bus	MATCHED	n5313778694	4.8	1.0	Große Wilde	R73E	Bahnhof Reken, Sekundarschule / Bahnhof Reken, Bahnhof	Bahnhof	LINESTRING(7.044517 51.79687,7.0445558 51.796905900000006)
331	Bahnhof Reken	Große Wilde	de:05554:16599:0:03	51.796487	7.045262		MATCHED	n10698814903	15.9	1.0	Große Wilde			Bahnhof	LINESTRING(7.045262 51.796487,7.045034500000001 51.7965092)
332	Bahnhof Reken	IDPM	de:05554:63116:0:1	51.814267	7.047921	bus	MATCHED	n8063503837	103.0	1.0	IDPM	B14	Groß Reken, Osthoff / Bahnhof Reken, Industriestr.	Industriestraße / Osthoff	LINESTRING(7.047921 51.814267,7.0471501000000005 51.8134736)
333	Bahnhof Reken	IDPM	de:05554:63116:0:2	51.814256	7.047939		NO_MATCH_AND_SEEMS_UNSERVED								POINT(7.047939 51.814256)
334	Bahnhof Reken	Industriestr. 	de:05554:63122:0:1	51.807641	7.052314	bus	MATCHED	n10698849705	49.6	1.0	Industriestraße	B14	Bahnhof Reken, Augustin-Wibbelt-Platz	Augustin-Wibbelt-Platz	LINESTRING(7.052314 51.807641,7.0515946000000005 51.807642900000005)
335	Bahnhof Reken	Industriestr. 	de:05554:63122:0:2	51.807636	7.052323	bus	MATCHED	n10698849706	53.7	1.0	Industriestraße	B14	Bahnhof Reken, IDPM	IDPM	LINESTRING(7.052323 51.807636,7.0515631 51.8075309)
336	Bahnhof Reken	Kreulkerhok	de:05554:16608:0:1	51.803092	7.00871	bus	NO_MATCH_BUT_OTHER_PLATFORM_MATCHED					713	Bahnhof Reken, Frankenhof		POINT(7.00871 51.803092)
337	Bahnhof Reken	Kreulkerhok	de:05554:16608:0:2	51.803114	7.008791	bus	MATCHED	n3167608807	16.4	0.43	Kreulkerhok	713	Heiden, Kleine Sähling		LINESTRING(7.008791 51.803114,7.0089237 51.8032358)
338	Bahnhof Reken	Sekundarschule	de:05554:16601:0:01	51.801998	7.04519	bus	MATCHED	n3167640720	5.6	1.0	Sekundarschule	713,716,B14,R73	Bahnhof Reken, Bahnhof / Bahnhof Reken, Barbarastr. / Maria Veen, Missionsschule / Bahnhof Reken, Große Wilde / Bahnhof Reken, Aeckern / Bahnhof Reken, Bahnhof	Bahnhof	LINESTRING(7.04519 51.801998,7.045120300000001 51.802023600000005)
339	Bahnhof Reken	Sekundarschule	de:05554:16601:0:02	51.801431	7.045262		NO_MATCH_AND_SEEMS_UNSERVED								POINT(7.045262 51.801431)
340	Barle	Barler Str. 	de:05554:61597:0:1	52.066873	6.949726	bus	NO_MATCH					825	Wüllen, St.Josef-Kindergarten		POINT(6.949726 52.066873)
341	Barle	Bohmert	de:05554:21244:0:1	52.063532	6.938974	bus	NO_MATCH					825	Barle, Erning		POINT(6.938974 52.063532)
342	Barle	Böckmann	de:05554:21243:0:1	52.051673	6.941848	bus	NO_MATCH					825	Barle, Hemker		POINT(6.941848 52.051673)
343	Barle	Eilers	de:05554:21722:0:1	52.0596	6.929047	bus	NO_MATCH					825	Barle, Erning / Barle, Bohmert		POINT(6.929047 52.0596)
344	Barle	Erning	de:05554:21246:0:1	52.062869	6.954622	bus	NO_MATCH					825	Barle, Barler Str. / Barle, Pannenschulte		POINT(6.954622 52.062869)
345	Barle	Hemker	de:05554:21247:0:1	52.048723	6.936341	bus	NO_MATCH					825	Barle, Tenhumberg		POINT(6.936341 52.048723)
346	Barle	Lessing	de:05554:21248:0:1	52.070115	6.954505		NO_MATCH_AND_SEEMS_UNSERVED								POINT(6.954505 52.070115)
347	Barle	Menker	de:05554:12578:0:1	52.072726	6.952044	bus	NO_MATCH					826	Oberortwick, Blanckfortstr. / Wüllen, St.Josef-Kindergarten		POINT(6.952044 52.072726)
348	Barle	Pannenschulte	de:05554:21249:0:1	52.05818	6.953616	bus	NO_MATCH					825	Wüllen, Pineweg / Sabstätte, Grewing		POINT(6.953616 52.05818)
349	Barle	Rewer	de:05554:21721:0:1	52.043574	6.940968	bus	NO_MATCH					825	Barle, Schulte		POINT(6.940968 52.043574)
350	Barle	Schulte	de:05554:21251:0:1	52.054838	6.943618	bus	NO_MATCH					825	Barle, Böckmann		POINT(6.943618 52.054838)
351	Barle	Tenhumberg	de:05554:21252:0:1	52.050518	6.928912	bus	NO_MATCH					825	Barle, Eilers		POINT(6.928912 52.050518)
352	Barlo	Grenze	de:05554:61521:0:1	51.916762	6.683439	bus	MATCHED	n5352689927	5.3	1.0	Grenze	C8,T10	Winterswijk, Berenschot / Barlo, Mölders an der Brücke		LINESTRING(6.683439 51.916762,6.6835070000000005 51.9167399)
353	Barlo	Grenze	de:05554:61521:0:2	51.916724	6.683412	bus	MATCHED	n5352689926	4.1	1.0	Grenze	C8	Barlo, Mölders an der Brücke	Mölders an der Brücke	LINESTRING(6.683412 51.916724,6.683355400000001 51.916735800000005)
354	Barlo	Große Allee	de:05554:16852:0:1	51.883926	6.667179	bus	MATCHED	n5352626105	59.2	1.0	Große Allee	C8,T10	Barlo, Op de Haare	Op de Haare	LINESTRING(6.667179 51.883926,6.6667043 51.8843698)
355	Barlo	Große Allee	de:05554:16852:0:2	51.883932	6.667179		NO_MATCH_AND_SEEMS_UNSERVED								POINT(6.667179 51.883932)
356	Barlo	Helenastr. 	de:05554:16854:0:1	51.884176	6.669587	bus	MATCHED	n5352626103	3.8	1.0	Helenastraße	C8,T10	Barlo, Wittag Horstmann / Barlo, Kirche	Kirche / Wittag Horstmann	LINESTRING(6.669587 51.884176,6.6696051 51.884208400000006)
357	Barlo	Helenastr. 	de:05554:16854:0:2	51.884176	6.669596		NO_MATCH_AND_SEEMS_UNSERVED								POINT(6.669596 51.884176)
358	Barlo	Kirche	de:05554:16855:0:1	51.885934	6.661295	bus	MATCHED_THOUGH_REVERSED_DIR	n5352626106	9.9	1.0	Kirche	C8,T10	Barlo, Große Allee	Schloss	LINESTRING(6.661295 51.885934,6.661152100000001 51.885941800000005)
359	Barlo	Kirche	de:05554:16855:0:2	51.885934	6.661286	bus	MATCHED_THOUGH_REVERSED_DIR	n5352626107	84.3	1.0	Kirche	C8	Barlo, Schloss	Große Allee	LINESTRING(6.661286 51.885934,6.6625106 51.885928500000006)
360	Barlo	Kortenhorn	de:05554:61522:0:1	51.869285	6.642116	bus	MATCHED_THOUGH_REVERSED_DIR	n5352626112	4.2	1.0	Kortenhorn	C8	Barlo, Schloss	Vardingholter Straße	LINESTRING(6.642116 51.869285,6.6420883 51.8693188)
361	Barlo	Kortenhorn	de:05554:61522:0:2	51.869308	6.642134	bus	MATCHED_THOUGH_REVERSED_DIR	n5352626111	6.1	1.0	Kortenhorn	C8	Giethorst, Vardingholter Str.	Schloss	LINESTRING(6.642134 51.869308,6.6421916 51.8692666)
362	Barlo	Linde	de:05554:16859:0:1	51.906272	6.680573	bus	MATCHED	n5352689932	3.9	1.0	Linde	C8,T10	Barlo, Mölders an der Brücke	Mölders an der Brücke	LINESTRING(6.680573 51.906272,6.680629000000001 51.9062721)
363	Barlo	Linde	de:05554:16859:0:2	51.906067	6.680393	bus	MATCHED	n5352689931	3.8	1.0	Linde	C8,T10	Barlo, Welling	Welling	LINESTRING(6.680393 51.906067,6.6803701 51.9060976)
364	Barlo	Mölders an der Brücke	de:05554:16860:0:1	51.911094	6.681184	bus	MATCHED	n5352689928	4.7	1.0	Mölders an der Brücke	C8,T10	Barlo, Grenze	Grenze	LINESTRING(6.681184 51.911094,6.6812512 51.9110881)
365	Barlo	Mölders an der Brücke	de:05554:16860:0:2	51.910783	6.681148	bus	MATCHED	n5352689929	4.5	1.0	Mölders an der Brücke	C8,T10	Barlo, Wittag Horstmann / Barlo, Linde	Linde	LINESTRING(6.681148 51.910783,6.6810822000000005 51.9107837)
366	Barlo	Op de Haare	de:05554:16853:0:1	51.882352	6.672039	bus	MATCHED	n5352626104	3.0	1.0	Op de Haare	C8,T10	Barlo, Helenastr.	Helenastraße	LINESTRING(6.672039 51.882352,6.672041900000001 51.8823251)
367	Barlo	Op de Haare	de:05554:16853:0:2	51.882352	6.672039		NO_MATCH_AND_SEEMS_UNSERVED								POINT(6.672039 51.882352)
368	Barlo	Schloss	de:05554:16850:0:1	51.876895	6.655178	bus	MATCHED_THOUGH_REVERSED_DIR	n5352626109	12.4	1.0	Schloss	C8	Barlo, Kirche	Kortenhorn	LINESTRING(6.655178 51.876895,6.6550313 51.8768304)
369	Barlo	Schloss	de:05554:16850:0:2	51.876823	6.65516	bus	MATCHED_THOUGH_REVERSED_DIR	n5352626108	11.9	1.0	Schloss	C8	Barlo, Kortenhorn	Kirche	LINESTRING(6.65516 51.876823,6.655292800000001 51.87689090000001)
370	Barlo	Volksbank	de:05554:16851	51.885978	6.662526		NO_MATCH_AND_SEEMS_UNSERVED								POINT(6.662526 51.885978)
371	Barlo	Welling	de:05554:16858:0:1	51.901245	6.664314	bus	MATCHED	n5352689936	4.4	1.0	Welling	C8,T10	Barlo, Linde	Linde	LINESTRING(6.664314 51.901245,6.6643547000000005 51.901214800000005)
372	Barlo	Welling	de:05554:16858:0:2	51.901267	6.664368	bus	MATCHED	n5352689935	3.6	1.0	Welling	C8,T10	Barlo, Wittag Geesing	Wittag Geesing	LINESTRING(6.664368 51.901267,6.6643258 51.901286400000004)
373	Barlo	Wittag Geesing	de:05554:16857:0:1	51.899799	6.661232	bus	MATCHED	n5352689937	5.1	1.0	Wittag Geesing	C8,T10	Barlo, Welling	Welling	LINESTRING(6.661232 51.899799,6.6612694 51.899759200000005)
374	Barlo	Wittag Geesing	de:05554:16857:0:2	51.899727	6.66108	bus	MATCHED	n5352689938	4.0	1.0	Wittag Geesing	C8,T10	Barlo, Wittag Horstmann	Wittag Horstmann	LINESTRING(6.66108 51.899727,6.6610461 51.8997559)
375	Barlo	Wittag Horstmann	de:05554:16856:0:1	51.891999	6.658906	bus	MATCHED	n5352689941	6.5	1.0	Wittag Horstmann	C8,T10	Barlo, Mölders an der Brücke / Barlo, Wittag Geesing	Wittag Geesing	LINESTRING(6.658906 51.891999,6.658994300000001 51.8920205)
376	Barlo	Wittag Horstmann	de:05554:16856:0:2	51.892071	6.658843	bus	MATCHED	n5352689942	7.7	1.0	Wittag Horstmann	C8,T10	Barlo, Große Allee / Barlo, Kirche	Große Allee / Kirche	LINESTRING(6.658843 51.892071,6.6587529000000005 51.8920304)
377	Beßlinghook	Abzw. Buurser St	de:05554:21256:0:1	52.128691	6.884778	bus	NO_MATCH					821	Beßlinghook, Abzw. Haarmühle		POINT(6.884778 52.128691)
378	Beßlinghook	Abzw. Buurser St	de:05554:21256:0:2	52.128691	6.884796	bus	NO_MATCH					821	Beßlinghook, Wielens		POINT(6.884796 52.128691)
379	Beßlinghook	Abzw. Haarmühle	de:05554:21257:0:1	52.127903	6.875355	bus	NO_MATCH					821	Gerwinghook, Holters		POINT(6.875355 52.127903)
380	Beßlinghook	Abzw. Haarmühle	de:05554:21257:0:2	52.127903	6.875355	bus	NO_MATCH					821	Beßlinghook, Abzw. Buurser St		POINT(6.875355 52.127903)
381	Beßlinghook	Termathe	de:05554:21255:0:1	52.117699	6.890509	bus	NO_MATCH					821	Beßlinghook, Wielens		POINT(6.890509 52.117699)
382	Beßlinghook	Termathe	de:05554:21255:0:2	52.117705	6.890509	bus	NO_MATCH					821	Schmäinghook, Bils		POINT(6.890509 52.117705)
383	Beßlinghook	Wielens	de:05554:12579:0:1	52.120639	6.888596	bus	NO_MATCH					821	Beßlinghook, Abzw. Buurser St		POINT(6.888596 52.120639)
384	Beßlinghook	Wielens	de:05554:12579:0:2	52.120639	6.888605	bus	NO_MATCH					821	Beßlinghook, Termathe		POINT(6.888605 52.120639)
385	Biemenhorst	Bürgerzentrum	de:05554:63907:0:1	51.814434	6.616559	bus	MATCHED	n5355044882	5.2	1.0	Bürgerzentrum	T12	Biemenhorst, Öwerhook	Öwerhook	LINESTRING(6.616559 51.814434,6.616551 51.814387200000006)
386	Biemenhorst	Bürgerzentrum	de:05554:63907:0:2	51.814417	6.616586		NO_MATCH_AND_SEEMS_UNSERVED								POINT(6.616586 51.814417)
387	Biemenhorst	Dannenkamp	de:05554:61494:0:1	51.817549	6.629091	bus	MATCHED	n5350632515	22.8	1.0	Dannenkamp	C4	Biemenhorst, Ernst-Reuter-Str.	Ernst-Reuter-Straße	LINESTRING(6.629091 51.817549,6.629193600000001 51.817354400000006)
388	Biemenhorst	Dannenkamp	de:05554:61494:0:2	51.817671	6.62927		NO_MATCH_AND_SEEMS_UNSERVED								POINT(6.62927 51.817671)
389	Biemenhorst	Ernst-Reuter-Str. 	de:05554:61495:0:1	51.817932	6.627258	bus	MATCHED	n5350632513	6.4	1.0	Ernst-Reuter-Straße	C4	Biemenhorst, Mitte	Biemenhorst Mitte	LINESTRING(6.627258 51.817932,6.6273415 51.8179571)
390	Biemenhorst	Ernst-Reuter-Str. 	de:05554:61495:0:2	51.818005	6.627312		NO_MATCH_AND_SEEMS_UNSERVED								POINT(6.627312 51.818005)
391	Biemenhorst	Im Winkel	de:05554:61508:0:1	51.812912	6.616811	bus	MATCHED	n5355044880	6.1	1.0	Im Winkel	T12	Biemenhorst, In den Gärten	In den Gärten	LINESTRING(6.616811 51.812912,6.6168889 51.812938)
392	Biemenhorst	Im Winkel	de:05554:61508:0:2	51.812907	6.61691		NO_MATCH_AND_SEEMS_UNSERVED								POINT(6.61691 51.812907)
393	Biemenhorst	In den Gärten	de:05554:61509:0:1	51.812757	6.614565	bus	MATCHED	n5355044879	2.6	1.0	In den Gärten	T12	Biemenhorst, Zum Waldschlöß.	Zum Waldschlösschen	LINESTRING(6.614565 51.812757,6.614528600000001 51.812763000000004)
394	Biemenhorst	In den Gärten	de:05554:61509:0:2	51.812723	6.614475		NO_MATCH_AND_SEEMS_UNSERVED								POINT(6.614475 51.812723)
395	Biemenhorst	Mitte	de:05554:61493:0:1	51.819676	6.62689	bus	MATCHED_THOUGH_REVERSED_DIR	n5350632516	12.6	1.0	Biemenhorst Mitte	C4	Biemenhorst, Dannenkamp	Sonnenscheinstraße	LINESTRING(6.62689 51.819676,6.626797000000001 51.8195787)
396	Biemenhorst	Mitte	de:05554:61493:0:2	51.819787	6.627222	bus	MATCHED_THOUGH_REVERSED_DIR	n5350632517	1.4	1.0	Biemenhorst Mitte	C4	Bocholt, Sonnenscheinstr.	Dannenkamp	LINESTRING(6.627222 51.819787,6.6272235 51.819774300000006)
397	Biemenhorst	Zum Waldschlöß. 	de:05554:61516:0:1	51.811574	6.611187	bus	MATCHED_THOUGH_REVERSED_DIR	n742456634	12.7	1.0	Zum Waldschlösschen	T12	Mussum, Seeheidestr. / Mussum, Schmiede Weyer	Birkenallee	LINESTRING(6.611187 51.811574,6.6112358 51.8114642)
398	Biemenhorst	Zum Waldschlöß. 	de:05554:61516:0:2	51.811268	6.61116	bus	MATCHED_THOUGH_REVERSED_DIR	n742454281	42.9	1.0	Zum Waldschlösschen	64	Mussum, Birkenallee	Schmiede Weyer / Seeheidestraße	LINESTRING(6.61116 51.811268,6.611098200000001 51.8116515)
399	Biemenhorst	Öwerhook	de:05554:61507:0:1	51.813556	6.619443	bus	MATCHED	n5355044881	6.3	1.0	Öwerhook	T12	Biemenhorst, Im Winkel	Im Winkel	LINESTRING(6.619443 51.813556,6.6194357 51.813612000000006)
400	Biemenhorst	Öwerhook	de:05554:61507:0:2	51.813617	6.619506		NO_MATCH_AND_SEEMS_UNSERVED								POINT(6.619506 51.813617)
401	Bocholt	Alffstr. 	de:05554:16820:0:1	51.859428	6.612822	bus	MATCHED_THOUGH_REVERSED_DIR	n5352899150	7.9	1.0	Alffstraße	C11,T11	Bocholt, Bahia-Bad	Up de Welle	LINESTRING(6.612822 51.859428,6.6127516 51.859372500000006)
402	Bocholt	Alffstr. 	de:05554:16820:0:2	51.859422	6.612777	bus	MATCHED_THOUGH_REVERSED_DIR	n5352899149	37.1	1.0	Alffstraße	C11,T11	Bocholt, Up de Welle	Bahia-Bad	LINESTRING(6.612777 51.859422,6.6130789000000005 51.859145500000004)
403	Bocholt	Am Kreuzberg	de:05554:16865:0:1	51.837969	6.630824	bus	MATCHED	n5349488372	3.5	1.0	Am Kreuzberg	751,R51	Bocholt, Theodor-Heuss-Ring	Theodor-Heuss-Ring / Christuskirche	LINESTRING(6.630824 51.837969,6.6308217 51.838)
404	Bocholt	Am Kreuzberg	de:05554:16865:0:2	51.837747	6.632531	bus	MATCHED	n5349488371	1.9	1.0	Am Kreuzberg	R51	Bocholt, Kochenheimstr.	Kochenheimstraße	LINESTRING(6.632531 51.837747,6.632558400000001 51.8377448)
405	Bocholt	Am Sandbach	de:05554:16808:0:1	51.840039	6.644461	bus	MATCHED	n5347703581	8.8	1.0	Am Sandbach	C2	Bocholt, Westf. Hochschule	Friedhof Süd	LINESTRING(6.644461 51.840039,6.644496200000001 51.8401146)
406	Bocholt	Am Sandbach	de:05554:16808:0:2	51.840067	6.644452	bus	MATCHED	n5347703582	5.4	1.0	Am Sandbach	C2	Bocholt, Hamburger Str.	Westfälische Hochschule	LINESTRING(6.644452 51.840067,6.6443763 51.84005620000001)
407	Bocholt	Am Schievegraben	de:05554:61520:0:1	51.845844	6.601998	bus	MATCHED_THOUGH_REVERSED_DIR	n5351370089	3.9	1.0	Am Schievegraben	C7	Holtwick, Adlerstraße	Markgrafenstraße	LINESTRING(6.601998 51.845844,6.601969700000001 51.8458133)
408	Bocholt	Am Schievegraben	de:05554:61520:0:2	51.845689	6.602303	bus	MATCHED_THOUGH_REVERSED_DIR	n5351370088	6.7	1.0	Am Schievegraben	C7	Bocholt, Markgrafenstr.	Adlerstraße	LINESTRING(6.602303 51.845689,6.6023689 51.845644300000004)
409	Bocholt	Arnikaweg	de:05554:61500:0:1	51.832795	6.58634	bus	MATCHED	n5350666633	4.1	1.0	Arnikaweg	C5	Bocholt, Böggeringstraße	Böggeringstraße	LINESTRING(6.58634 51.832795,6.5863399000000005 51.8328323)
410	Bocholt	Arnikaweg	de:05554:61500:0:2	51.832829	6.58652		NO_MATCH_AND_SEEMS_UNSERVED								POINT(6.58652 51.832829)
411	Bocholt	BEW	de:05554:6320:0:1	51.82343	6.614493	bus	MATCHED	n1457465150	4.0	0.81	BEW	64	Mussum, Birkenallee	Birkenallee	LINESTRING(6.614493 51.82343,6.6144648 51.823399)
412	Bocholt	BEW	de:05554:6320:0:2	51.823924	6.614933	bus	MATCHED	n1457465151	2.4	0.86	BEW	64	Bocholt, Friesenstr.	Friesenstraße	LINESTRING(6.614933 51.823924,6.614898800000001 51.8239213)
413	Bocholt	BKK Gesundheit	de:05554:21259:0:1	51.828016	6.614322	bus	MATCHED	n5607485878	4.6	0.81	BKK Gesundheit	95	Bocholt, Feldstr.	Feldstraße	LINESTRING(6.614322 51.828016,6.6142604 51.8280327)
414	Bocholt	BKK Gesundheit	de:05554:21259:0:2	51.827144	6.613352	bus	MATCHED	n5607485877	5.8	0.78	BKK Gesundheit	95	Bocholt, Friesenstr. / Bocholt, Bahnhof	Bahnhof / Friesenstraße	LINESTRING(6.613352 51.827144,6.6133913 51.827097800000004)
415	Bocholt	Bahia-Bad	de:05554:61506:0:1	51.861852	6.610738	bus	MATCHED_THOUGH_REVERSED_DIR	n5352899147	93.5	1.0	Bahia-Bad	C11,T11	Hemden, Hemdener Kapelle	Alffstraße	LINESTRING(6.610738 51.861852,6.6113252000000005 51.861094300000005)
416	Bocholt	Bahia-Bad	de:05554:61506:0:2	51.861852	6.610747	bus	MATCHED_THOUGH_REVERSED_DIR	n5352899146	84.1	1.0	Bahia-Bad	C11,T11	Bocholt, Alffstr.	Hemdener Kapelle	LINESTRING(6.610747 51.861852,6.6113936 51.861211000000004)
417	Bocholt	Bahnhof	de:05554:60834:11:C1	51.834355	6.621527	bus	MATCHED	n5350559254	4.3	0.84	Bahnhof	C4	Bocholt, Mühlenweg	Mühlenweg	LINESTRING(6.621527 51.834355,6.6214661 51.834363800000006)
418	Bocholt	Bahnhof	de:05554:60834:11:C2	51.834477	6.621635	bus	MATCHED	n5350559252	5.7	0.8	Bahnhof	C4	Bocholt, Shopping Arkaden	Shopping Arkaden	LINESTRING(6.621635 51.834477,6.621704800000001 51.8344499)
419	Bocholt	Bahnhof	de:05554:60834:1:A1	51.83445	6.620458	bus	NO_MATCH_BUT_OTHER_PLATFORM_MATCHED					C11,C13	Bocholt, Bustreff / Bocholt, Bahnhofstr.		POINT(6.620458 51.83445)
420	Bocholt	Bahnhof	de:05554:60834:2:A2	51.834355	6.62035		NO_MATCH_AND_SEEMS_UNSERVED								POINT(6.62035 51.834355)
421	Bocholt	Bahnhof	de:05554:60834:3:A3	51.834228	6.620269		NO_MATCH_AND_SEEMS_UNSERVED								POINT(6.620269 51.834228)
422	Bocholt	Bahnhof	de:05554:60834:4:A4	51.8341	6.620152		MATCHED	w505876508	13.1	0.23	Bahnhof			Bahnhofstraße / Bustreff	LINESTRING(6.620152 51.8341,6.620193515033534 51.833985510196136)
423	Bocholt	Bahnhof	de:05554:60834:5:A5	51.833922	6.62		NO_MATCH_AND_SEEMS_UNSERVED								POINT(6.62 51.833922)
424	Bocholt	Bahnhof	de:05554:60834:6:B1	51.834511	6.620323	bus	NO_MATCH_BUT_OTHER_PLATFORM_MATCHED					731,751,N51,R51,S75	Bocholt, Bustreff / Bocholt, Ostwall / Bocholt, Bustreff		POINT(6.620323 51.834511)
425	Bocholt	Bahnhof	de:05554:60834:7:B2	51.834339	6.620278	bus	NO_MATCH_BUT_OTHER_PLATFORM_MATCHED					731,752,N51,R51,R52,S75	Bocholt, Fachhochschule / Bocholt, Christuskirche		POINT(6.620278 51.834339)
426	Bocholt	Bahnhof	de:05554:60834:89:89	51.8346	6.620539	bus	NO_MATCH_AND_SEEMS_UNSERVED								POINT(6.620539 51.8346)
427	Bocholt	Bahnhof	de:05554:60834:8:B3	51.834178	6.620081	bus	MATCHED	w289654502	4.4	0.43	Bahnhof	95,X80	Bocholt, Fachhochschule / Bocholt, BKK Gesundheit / Bocholt, Bustreff / Bocholt, Kinodrom	Fachhochschule / Kinodrom / Christuskirche / Theodor-Heuss-Ring / BKK Gesundheit / Ostwall / Bustreff / Friesenstraße	LINESTRING(6.620081 51.834178,6.62014253821215 51.834189903351565)
428	Bocholt	Bahnhof	de:05554:60834:90:DB	51.834167	6.620485		NO_MATCH_AND_SEEMS_UNSERVED								POINT(6.620485 51.834167)
429	Bocholt	Bahnhof	de:05554:60834:91:1	51.834028	6.620332	trainish	MATCHED	n4742481467	1.8	1.0	Bocholt			Dingden	LINESTRING(6.620332 51.834028,6.6203436 51.834042800000006)
430	Bocholt	Bahnhof	de:05554:60834:9:B4	51.834255	6.620072	bus	NO_MATCH_BUT_OTHER_PLATFORM_MATCHED					752,R52	Bocholt, Bustreff / Bocholt, Theodor-Heuss-Ring		POINT(6.620072 51.834255)
431	Bocholt	Bahnhofstr. 	de:05554:16726:0:1	51.833162	6.616685	bus	MATCHED	n5355217198	10.0	1.0	Bahnhofstraße	C13	Bocholt, Lothringerstr.	Lothringerstraße	LINESTRING(6.616685 51.833162,6.6165456 51.833187800000005)
432	Bocholt	Bahnhofstr. 	de:05554:16726:0:2	51.833145	6.616676	bus	MATCHED	n5355217197	4.3	1.0	Bahnhofstraße	C13	Bocholt, Bahnhof	Bahnhof	LINESTRING(6.616676 51.833145,6.616639500000001 51.83311320000001)
433	Bocholt	Bayernstraße	de:05554:61498:0:1	51.832246	6.608178	bus	MATCHED_THOUGH_REVERSED_DIR	n5350666650	2.8	1.0	Bayernstraße	C5	Bocholt, Bruktererstraße	Musikschule	LINESTRING(6.608178 51.832246,6.6082147 51.832256300000005)
434	Bocholt	Bayernstraße	de:05554:61498:0:2	51.832296	6.608151	bus	MATCHED_THOUGH_REVERSED_DIR	n5350666651	8.9	1.0	Bayernstraße	C5	Bocholt, Musikschule	Bruktererstraße	LINESTRING(6.608151 51.832296,6.608022900000001 51.8323035)
435	Bocholt	Benölkenplatz	de:05554:16721:0:1	51.842609	6.614538	bus	MATCHED_THOUGH_REVERSED_DIR	n5351370095	3.3	1.0	Benölkenplatz	C7	Bocholt, Markgrafenstr.	Bustreff	LINESTRING(6.614538 51.842609,6.6145594 51.8425822)
436	Bocholt	Benölkenplatz	de:05554:16721:0:2	51.842637	6.614547	bus	MATCHED_THOUGH_REVERSED_DIR	n5351370094	12.9	1.0	Benölkenplatz	C7	Bocholt, Bustreff	Markgrafenstraße	LINESTRING(6.614547 51.842637,6.614407900000001 51.8427148)
437	Bocholt	Blumenstr. 	de:05554:16676:0:1	51.841504	6.599518		NO_MATCH_AND_SEEMS_UNSERVED								POINT(6.599518 51.841504)
438	Bocholt	Bruktererstraße	de:05554:61499:0:1	51.830786	6.603246	bus	MATCHED_THOUGH_REVERSED_DIR	n5350666647	13.3	1.0	Bruktererstraße	C5	Bocholt, Hessenstr.	Bayernstraße	LINESTRING(6.603246 51.830786,6.603321 51.8306758)
439	Bocholt	Bruktererstraße	de:05554:61499:0:2	51.830575	6.602896	bus	MATCHED_THOUGH_REVERSED_DIR	n5350666648	24.4	1.0	Bruktererstraße	C5	Bocholt, Bayernstraße	Hessenstraße	LINESTRING(6.602896 51.830575,6.603118500000001 51.830745400000005)
440	Bocholt	Bustreff	de:05554:61479:1:A1	51.839445	6.613101	bus	MATCHED	w289542267	19.3	1.0	Bustreff	64,95,BHL,X80	Bocholt, Rathaus / Bocholt, Bahnhof / Bocholt, Kinodrom / Bocholt, Neutorplatz / Bocholt, St.-Georg-Gymnasium	Rathaus / Bahnhof / St.-Georg-Gymnasium / Fidelekesweg / Theodor-Heuss-Ring / Kinodrom / Neutorplatz / Westend / Euregio-Gymnasium	LINESTRING(6.613101 51.839445,6.613096821778886 51.83961854445864)
441	Bocholt	Bustreff	de:05554:61479:2:B1	51.839412	6.613182	bus	NO_MATCH_BUT_OTHER_PLATFORM_MATCHED					751,R51,R52,S75	Bocholt, Westend		POINT(6.613182 51.839412)
442	Bocholt	Bustreff	de:05554:61479:3:B2	51.839606	6.613182	bus	MATCHED	w289541978	8.1	0.36	Bustreff	731,N51,R51,R52,S75	Bocholt, Bahnhof / Bocholt, Fidelekesweg / Bocholt, Theodor-Heuss-Ring / Bocholt, Ostwall / Giethorst, Euregio-Gymnasium / Bocholt, St.-Georg-Gymnasium	Bahnhof / Ostwall	LINESTRING(6.613182 51.839606,6.6132147520461295 51.83953603440874)
443	Bocholt	Bustreff	de:05554:61479:4:C	51.839567	6.613334	bus	MATCHED_AMBIGUOUSLY	w554386155	4.7	1.0	Bustreff	C1,C2,C3,C4,C5,C6	Bocholt, Viktoriastr. / Bocholt, Fidelekesweg / Bocholt, Windmühlenplatz / Bocholt, Christuskirche / Bocholt, Rathaus	Viktoriastraße / Christuskirche	LINESTRING(6.613334 51.839567,6.61339993931726 51.83955812016762)
444	Bocholt	Bustreff	de:05554:61479:4:C	51.839567	6.613334	bus	MATCHED_AMBIGUOUSLY	w554386154	1.6	1.0	Bustreff	C1,C2,C3,C4,C5,C6	Bocholt, Viktoriastr. / Bocholt, Fidelekesweg / Bocholt, Windmühlenplatz / Bocholt, Christuskirche / Bocholt, Rathaus	Rathaus / Windmühlenplatz	LINESTRING(6.613334 51.839567,6.613354618640321 51.839560614709185)
445	Bocholt	Bustreff	de:05554:61479:5:D1	51.839445	6.613505	bus	NO_MATCH_BUT_OTHER_PLATFORM_MATCHED					752	Bocholt, Bahnhof / Bocholt, Büngerner Str.		POINT(6.613505 51.839445)
446	Bocholt	Bustreff	de:05554:61479:6:D2	51.839706	6.613505	bus	MATCHED	w554386157	15.5	1.0	Bustreff	BBS		Benölkenplatz / Kuckuckstraße	LINESTRING(6.613505 51.839706,6.613581518885814 51.839574724399284)
447	Bocholt	Bustreff	de:05554:61479:7:D3	51.839462	6.613523		MATCHED	w554386156	13.7	1.0	Bustreff			Rathaus / Walramstraße / St.-Georg-Gymnasium / Bahnhof / Kochenheimstraße	LINESTRING(6.613523 51.839462,6.613607335764481 51.839573334674114)
448	Bocholt	Bustreff	de:05554:61479:8:D4	51.839584	6.613613	bus	NO_MATCH_BUT_OTHER_PLATFORM_MATCHED					731,BBS,C11,C13,C7,C8,T11,T12,T14	Bocholt, Jeanette-Wolff-Zentr. / Bocholt, Rathaus / Bocholt, Benölkenplatz / Bocholt, St.-Georg-Gymnasium / Bocholt, Kuckuckstraße / Bocholt, Bahnhof / Bocholt, Kochenheimstr.		POINT(6.613613 51.839584)
449	Bocholt	Böggeringstraße	de:05554:61501:0:1	51.833412	6.583887	bus	MATCHED	n5350666632	2.1	1.0	Böggeringstraße	C5	Bocholt, Wiesenstraße	Wiesenstraße	LINESTRING(6.583887 51.833412,6.583909800000001 51.8334248)
450	Bocholt	Böggeringstraße	de:05554:61501:0:2	51.833101	6.583905		NO_MATCH_AND_SEEMS_UNSERVED								POINT(6.583905 51.833101)
451	Bocholt	Büngerner Str. 	de:05554:61492:0:1	51.821953	6.632217	bus	NO_MATCH					752	Bocholt, Kinodrom		POINT(6.632217 51.821953)
452	Bocholt	Büngerner Str. 	de:05554:61492:0:2	51.821875	6.632217	bus	NO_MATCH					752	Bocholt, Haltermann		POINT(6.632217 51.821875)
453	Bocholt	Chemnitzer Weg	de:05554:12195:0:1	51.839073	6.645251	bus	MATCHED	n5347703579	64.2	1.0	Chemnitzer Weg	C2	Bocholt, Am Sandbach	Am Sandbach	LINESTRING(6.645251 51.839073,6.6461693 51.839168400000005)
454	Bocholt	Chemnitzer Weg	de:05554:12195:0:2	51.839068	6.645215		NO_MATCH_AND_SEEMS_UNSERVED								POINT(6.645215 51.839068)
455	Bocholt	Christuskirche	de:05554:61485:0:1	51.838441	6.624321	bus	MATCHED_THOUGH_REVERSED_DIR	n5347649539	5.1	1.0	Christuskirche	C2,C3	Bocholt, Kreuzberg / Bocholt, Lützowstr.	Liebfrauenkirche	LINESTRING(6.624321 51.838441,6.624341500000001 51.8384848)
456	Bocholt	Christuskirche	de:05554:61485:0:2	51.838457	6.622847	bus	MATCHED	n5347649538	8.9	1.0	Christuskirche	731,C2,C3,R51	Bocholt, Kreuzberg / Bocholt, Am Kreuzberg / Bocholt, Liebfrauenkirche	Am Kreuzberg / Lützowstraße / Kreuzberg	LINESTRING(6.622847 51.838457,6.6229762 51.83846320000001)
457	Bocholt	Domizil Diepenbrock	de:05554:61381:0:1	51.851499	6.617475	bus	MATCHED_THOUGH_REVERSED_DIR	n5352899157	10.7	1.0	Domizil Diepenbrock	C11,T11	Bocholt, Up de Welle	Europa-Haus	LINESTRING(6.617475 51.851499,6.6173532 51.851559300000005)
458	Bocholt	Domizil Diepenbrock	de:05554:61381:0:2	51.851505	6.617431	bus	MATCHED_THOUGH_REVERSED_DIR	n5352899156	11.0	1.0	Domizil Diepenbrock	C11,T11	Bocholt, Europahaus	Up de Welle	LINESTRING(6.617431 51.851505,6.617543400000001 51.851434600000005)
459	Bocholt	Eichendorffstr. 	de:05554:16783:0:1	51.833278	6.639924	bus	MATCHED_THOUGH_REVERSED_DIR	n5349488362	18.8	1.0	Eichendorffstraße	C3	Hochfeld, Jahnstr.	Tenkingstraße	LINESTRING(6.639924 51.833278,6.6401705 51.8333494)
460	Bocholt	Eichendorffstr. 	de:05554:16783:0:2	51.833334	6.64014	bus	MATCHED_THOUGH_REVERSED_DIR	n5349488363	18.3	1.0	Eichendorffstraße	C3	Bocholt, Tenkingstraße	Jahnstraße	LINESTRING(6.64014 51.833334,6.6398755000000005 51.833320400000005)
461	Bocholt	Europahaus	de:05554:16844:0:1	51.847931	6.616389	bus	MATCHED_THOUGH_REVERSED_DIR	n5352899161	17.2	1.0	Europa-Haus	C11,T11	Bocholt, Domizil Diepenbrock	St.-Georg-Gymnasium	LINESTRING(6.616389 51.847931,6.6162492 51.8478031)
462	Bocholt	Europahaus	de:05554:16844:0:2	51.847942	6.616451	bus	MATCHED_THOUGH_REVERSED_DIR	n5352899160	48.4	1.0	Europa-Haus	C11,T11	Bocholt, St.-Georg-Gymnasium	Domizil Diepenbrock	LINESTRING(6.616451 51.847942,6.6166128 51.8483657)
463	Bocholt	Fachhochschule	de:05554:34260:0:1	51.837897	6.648988	bus	MATCHED	n4675674819	11.0	1.0	Fachhochschule	731,751,N51,R51,S75,X80	Bocholt, Bahnhof / Bocholt, Kochenheimstr. / Bocholt, Bahnhof / Bocholt, Kochenheimstr.	Bahnhof / Kochenheimstraße	LINESTRING(6.648988 51.837897,6.6491435 51.837918200000004)
464	Bocholt	Fachhochschule	de:05554:34260:0:2	51.83788	6.650587	bus	MATCHED	n4675674818	12.9	1.0	Fachhochschule	731,N51,R51,S75,X80	Rhede, Haus Tenking / Rhede (Westf), Barloer Str. / Rhede, Gudulakirche / Rhede, Ludgerusschule	Haus Tenking / Barloer Straße / Gudulakirche / Ludgerusschule	LINESTRING(6.650587 51.83788,6.6506335000000005 51.837767400000004)
465	Bocholt	Feldstr. 	de:05554:16730:0:1	51.823752	6.607423	bus	MATCHED_THOUGH_REVERSED_DIR	n5357415243	41.1	1.0	Feldstraße	C13	Bocholt, Steinstr. / Bocholt, Im Hoynkesch	BKK Gesundheit / Kochs Weide	LINESTRING(6.607423 51.823752,6.6070774000000005 51.823451500000004)
466	Bocholt	Feldstr. 	de:05554:16730:0:2	51.823457	6.607055	bus	MATCHED_THOUGH_REVERSED_DIR	n5357415244	40.4	1.0	Feldstraße	C13	Bocholt, Kochs Weide / Bocholt, BKK Gesundheit	Im Hoynkesch / Steinstraße	LINESTRING(6.607055 51.823457,6.6073604 51.8237673)
467	Bocholt	Ferdinandstr. 	de:05554:16830:0:1	51.844396	6.600443	bus	MATCHED_THOUGH_REVERSED_DIR	n5359518143	18.0	1.0	Ferdinandstraße	T14	Bocholt, von-Galen-Str.	Walramstraße	LINESTRING(6.600443 51.844396,6.6004094 51.844236)
468	Bocholt	Ferdinandstr. 	de:05554:16830:0:2	51.844318	6.600443	bus	MATCHED_THOUGH_REVERSED_DIR	n5359518144	10.6	1.0	Ferdinandstraße	T14	Bocholt, Walramstraße	von-Galen-Straße	LINESTRING(6.600443 51.844318,6.6002887 51.844317200000006)
469	Bocholt	Fidelekesweg	de:05554:16754:0:1	51.826966	6.618077	bus	MATCHED	n5350618791	12.8	1.0	Fidelekesweg	C4,R52	Bocholt, Moselstr. / Bocholt, Bustreff	Rheinstraße / Bustreff	LINESTRING(6.618077 51.826966,6.6181643 51.8270671)
470	Bocholt	Fidelekesweg	de:05554:16754:0:2	51.827238	6.618068	bus	MATCHED	n5350618792	16.6	1.0	Fidelekesweg	C4,R52	Bocholt, Bahnhof / Bocholt, Rheinstraße / Bocholt, Bustreff	Moselstraße	LINESTRING(6.618068 51.827238,6.6180275 51.827091200000005)
471	Bocholt	Fissenstegge	de:05554:61517:0:1	51.849568	6.628579	bus	MATCHED_THOUGH_REVERSED_DIR	n5352368736	6.7	1.0	Fissenstegge	C8	Giethorst, Kurzer Weg	Horststraße	LINESTRING(6.628579 51.849568,6.6284841000000005 51.8495549)
472	Bocholt	Fissenstegge	de:05554:61517:0:2	51.849551	6.628561	bus	MATCHED_THOUGH_REVERSED_DIR	n5352368735	8.3	1.0	Fissenstegge	C8	Bocholt, Horststraße	Kurzer Weg	LINESTRING(6.628561 51.849551,6.6286665000000005 51.8495143)
473	Bocholt	Friedhof Nord	de:05554:61486:0:1	51.842492	6.634876	bus	MATCHED_THOUGH_REVERSED_DIR	n5347649531	6.6	1.0	Friedhof Nord	C2	Bocholt, Friedhof Süd	Lützowstraße	LINESTRING(6.634876 51.842492,6.634959 51.842520900000004)
474	Bocholt	Friedhof Nord	de:05554:61486:0:2	51.842587	6.634858	bus	MATCHED_THOUGH_REVERSED_DIR	n5347649530	7.3	1.0	Friedhof Nord	C2	Bocholt, Lützowstr.	Friedhof Süd	LINESTRING(6.634858 51.842587,6.6347699 51.842623700000004)
475	Bocholt	Friedhof Süd	de:05554:61487:0:1	51.840694	6.636771	bus	MATCHED_THOUGH_REVERSED_DIR	n5347649528	8.5	1.0	Friedhof Süd	C2	Bocholt, Lübecker Str.	Friedhof Nord	LINESTRING(6.636771 51.840694,6.636648800000001 51.840701300000006)
476	Bocholt	Friedhof Süd	de:05554:61487:0:2	51.840683	6.636789	bus	MATCHED_THOUGH_REVERSED_DIR	n5347649527	37.4	1.0	Friedhof Süd	C2	Bocholt, Friedhof Nord	Am Sandbach	LINESTRING(6.636789 51.840683,6.637330100000001 51.84070800000001)
477	Bocholt	Friesenstr. 	de:05554:61538:0:1	51.830386	6.615688	bus	MATCHED	n5355044886	19.3	1.0	Friesenstraße	T12	Bocholt, Shopping Arkaden / Bocholt, BEW / Biemenhorst, Bürgerzentrum	Kinodrom / Bahnhof / Shopping Arkaden	LINESTRING(6.615688 51.830386,6.615782500000001 51.830549000000005)
478	Bocholt	Friesenstr. 	de:05554:61538:0:2	51.830558	6.615805	bus	MATCHED	n1457465147	26.4	1.0	Friesenstraße	T12	Bocholt, Kinodrom / Bocholt, Shopping Arkaden / Bocholt, Bahnhof / Bocholt, BKK Gesundheit	Bürgerzentrum / BEW / BKK Gesundheit	LINESTRING(6.615805 51.830558,6.6155951 51.830359)
479	Bocholt	Funkenbusch	de:05554:6316:0:1	51.836015	6.585235	bus	MATCHED	n3655296915	4.3	0.82	Funkenbusch	R52	Lowick, Boyting	Boyting	LINESTRING(6.585235 51.836015,6.585266900000001 51.8359819)
480	Bocholt	Funkenbusch	de:05554:6316:0:2	51.835926	6.585828	bus	MATCHED	n3655352848	90.1	0.31	Funkenbusch	R52	Bocholt, Kaisergarten	Kaisergarten	LINESTRING(6.585828 51.835926,6.587132700000001 51.835973800000005)
481	Bocholt	Fürstenbergweg	de:05554:16773:0:1	51.842775	6.591757	bus	MATCHED	n5351252710	10.8	1.0	Fürstenbergweg	C6	Bocholt, Uferstr.	Hitzestraße	LINESTRING(6.591757 51.842775,6.5917969 51.842680800000004)
482	Bocholt	Fürstenbergweg	de:05554:16773:0:2	51.842709	6.591802	bus	MATCHED	n5351252709	12.4	1.0	Fürstenbergweg	C6	Bocholt, Hitzestr.	Uferstraße	LINESTRING(6.591802 51.842709,6.591656100000001 51.842774500000004)
483	Bocholt	GigaSet-P. (Open Air)	de:05554:37197:0:1	51.829104	6.612705		NO_MATCH_AND_SEEMS_UNSERVED								POINT(6.612705 51.829104)
484	Bocholt	Haltermann	de:05554:36802:0:1	51.816022	6.635271	bus	NO_MATCH					752	Bocholt, Büngerner Str.		POINT(6.635271 51.816022)
485	Bocholt	Haltermann	de:05554:36802:0:2	51.816066	6.635253	bus	NO_MATCH					752	Büngern, Abzw. Rhede		POINT(6.635253 51.816066)
486	Bocholt	Hamburger Str. 	de:05554:16807:0:1	51.840639	6.641721	bus	MATCHED	n5347703584	2.6	1.0	Hamburger Straße	C2	Bocholt, Am Sandbach		LINESTRING(6.641721 51.840639,6.6417584000000005 51.8406351)
487	Bocholt	Hamburger Str. 	de:05554:16807:0:2	51.840661	6.641802	bus	MATCHED	n5347703583	17.8	1.0	Hamburger Straße	C2	Bocholt, Lübecker Str.		LINESTRING(6.641802 51.840661,6.642022600000001 51.840577)
488	Bocholt	Hessenstr. 	de:05554:16794:0:1	51.830092	6.599078	bus	MATCHED_THOUGH_REVERSED_DIR	n5350666645	7.1	1.0	Hessenstraße	C5	Bocholt, Weidenstr.	Bruktererstraße	LINESTRING(6.599078 51.830092,6.5991555 51.8300501)
489	Bocholt	Hessenstr. 	de:05554:16794:0:2	51.830053	6.599132	bus	MATCHED_THOUGH_REVERSED_DIR	n5350666644	13.6	1.0	Hessenstraße	C5	Bocholt, Bruktererstraße	Weidenstraße	LINESTRING(6.599132 51.830053,6.598970400000001 51.8301238)
490	Bocholt	Hitzestr. 	de:05554:16774:0:1	51.842836	6.593832	bus	MATCHED_THOUGH_REVERSED_DIR	n5351252716	17.0	1.0	Hitzestraße	C6	Bocholt, Fürstenbergweg	Wichernstraße	LINESTRING(6.593832 51.842836,6.5940244 51.842740500000005)
491	Bocholt	Hitzestr. 	de:05554:16774:0:2	51.84272	6.594056	bus	MATCHED_THOUGH_REVERSED_DIR	n5351252717	18.4	1.0	Hitzestraße	C6	Bocholt, Wichernstr.	Fürstenbergweg	LINESTRING(6.594056 51.84272,6.593831300000001 51.8428101)
492	Bocholt	Horststraße	de:05554:61518:0:1	51.847998	6.625803	bus	MATCHED_THOUGH_REVERSED_DIR	n5352368739	19.3	1.0	Horststraße	C8	Bocholt, Fissenstegge	Kuckuckstraße	LINESTRING(6.625803 51.847998,6.6259766 51.8481346)
493	Bocholt	Horststraße	de:05554:61518:0:2	51.848014	6.625848	bus	MATCHED_THOUGH_REVERSED_DIR	n5352368738	38.9	1.0	Horststraße	C8	Bocholt, Kuckuckstraße	Fissenstegge	LINESTRING(6.625848 51.848014,6.6263250000000005 51.8482008)
494	Bocholt	Hünting (Open Air)	de:05554:37196:0:1	51.854368	6.611017		NO_MATCH_AND_SEEMS_UNSERVED								POINT(6.611017 51.854368)
495	Bocholt	Im Hoynkesch	de:05554:16731:0:1	51.821875	6.604225	bus	MATCHED	n5357415241	16.3	1.0	Im Hoynkesch	C13	Bocholt, Steinstr.	Feldstraße	LINESTRING(6.604225 51.821875,6.6044556000000005 51.821843400000006)
496	Bocholt	Im Hoynkesch	de:05554:16731:0:2	51.821858	6.604441	bus	MATCHED	n5357415242	13.2	1.0	Im Hoynkesch	C13	Bocholt, Feldstr.	Steinstraße	LINESTRING(6.604441 51.821858,6.6042544 51.8218832)
497	Bocholt	Industriestr. 	de:05554:16750	51.835404	6.620557		NO_MATCH_AND_SEEMS_UNSERVED								POINT(6.620557 51.835404)
498	Bocholt	Jeanette-Wolff-Zentr. 	de:05554:61514:0:1	51.847398	6.608906	bus	MATCHED	n1384734908	74.4	0.14	Jeanette-Wolff-Zentrum	T14	Bocholt, Walramstraße	Bustreff / Walramstraße	LINESTRING(6.608906 51.847398,6.6078953 51.8476323)
499	Bocholt	Jeanette-Wolff-Zentr. 	de:05554:61514:0:2	51.847398	6.608915	bus	NO_MATCH_BUT_OTHER_PLATFORM_MATCHED					T14	Bocholt, Bustreff		POINT(6.608915 51.847398)
500	Bocholt	Kaisergarten	de:05554:6315:0:1	51.836337	6.590319	bus	MATCHED	n3655296916	1.7	0.9	Kaisergarten	R52	Bocholt, Funkenbusch	Funkenbusch	LINESTRING(6.590319 51.836337,6.590308800000001 51.836323300000004)
501	Bocholt	Kaisergarten	de:05554:6315:0:2	51.83622	6.590472	bus	MATCHED	n3655352851	51.0	0.39	Kaisergarten	R52	Bocholt, Molkerei	Molkerei	LINESTRING(6.590472 51.83622,6.5897383000000005 51.836158600000005)
502	Bocholt	Kampstr. 	de:05554:16790:0:1	51.8334	6.591092	bus	MATCHED_THOUGH_REVERSED_DIR	n5350666635	1.2	1.0	Kampstraße	C5	Bocholt, Arnikaweg	Lowicker Straße	LINESTRING(6.591092 51.8334,6.5910834000000005 51.833390800000004)
503	Bocholt	Kampstr. 	de:05554:16790:0:2	51.833434	6.590625	bus	MATCHED_THOUGH_REVERSED_DIR	n5350666634	10.5	1.0	Kampstraße	C5	Bocholt, Lowicker Str.	Arnikaweg	LINESTRING(6.590625 51.833434,6.5907669 51.8334679)
504	Bocholt	Kinodrom	de:05554:61496:0:1	51.837758	6.609004	bus	MATCHED	n5350559249	37.5	1.0	Kinodrom	752	Bocholt, Bahnhof / Bocholt, Bustreff / Bocholt, St.-Georg-Gymnasium / Bocholt, Bustreff	Bustreff / St.-Georg-Gymnasium	LINESTRING(6.609004 51.837758,6.609337200000001 51.837492100000006)
505	Bocholt	Kinodrom	de:05554:61496:0:2	51.837503	6.609247	bus	MATCHED_THOUGH_REVERSED_DIR	n5350559250	35.0	1.0	Kinodrom	C4,C5,T12	Bocholt, Bustreff / Bocholt, Bustreff / Bocholt, Bustreff	Bahnhof	LINESTRING(6.609247 51.837503,6.6089134000000005 51.837740600000004)
506	Bocholt	Klaraschule	de:05554:13826:0:1	51.842709	6.592386		NO_MATCH_AND_SEEMS_UNSERVED								POINT(6.592386 51.842709)
507	Bocholt	Klarastr. 	de:05554:16716:0:1	51.845018	6.594488	bus	MATCHED_THOUGH_REVERSED_DIR	n5359518155	7.6	1.0	Klarastraße	T14	Bocholt, Schmeddinghoffstr.	von-Galen-Straße	LINESTRING(6.594488 51.845018,6.5943785 51.8450148)
508	Bocholt	Klarastr. 	de:05554:16716:0:2	51.845101	6.594326	bus	MATCHED_THOUGH_REVERSED_DIR	n5359518154	3.8	1.0	Klarastraße	T14	Bocholt, von-Galen-Str.	Schmeddinghofstraße	LINESTRING(6.594326 51.845101,6.5942712000000006 51.845100200000005)
509	Bocholt	Kochenheimstr. 	de:05554:16866:0:1	51.835782	6.639996	bus	MATCHED	n5349488354	2.7	1.0	Kochenheimstraße	731,C3	Bocholt, Kreuzberg / Hochfeld, Lönsstr.	Lönsstraße	LINESTRING(6.639996 51.835782,6.6400284 51.83579580000001)
510	Bocholt	Kochenheimstr. 	de:05554:16866:0:2	51.837469	6.640913	bus	MATCHED	n5349488350	74.4	1.0	Kochenheimstraße	731,R51	Bocholt, Fachhochschule	Fachhochschule / Schulzentrum	LINESTRING(6.640913 51.837469,6.6419917 51.8374473)
511	Bocholt	Kochenheimstr. 	de:05554:16866:0:3	51.837603	6.641811	bus	MATCHED	n5349488351	3.3	1.0	Kochenheimstraße	751,R51	Bocholt, Am Kreuzberg	Am Kreuzberg / Bustreff	LINESTRING(6.641811 51.837603,6.641765100000001 51.837610600000005)
512	Bocholt	Kochenheimstr. 	de:05554:16866:0:5	51.836048	6.640347	bus	NO_MATCH_BUT_OTHER_PLATFORM_MATCHED					BBS	Rhede, Schulzentrum		POINT(6.640347 51.836048)
513	Bocholt	Kochenheimstr. 	de:05554:16866:0:6	51.836054	6.640347	bus	NO_MATCH_BUT_OTHER_PLATFORM_MATCHED					BBS	Bocholt, Bustreff		POINT(6.640347 51.836054)
514	Bocholt	Kochs Weide	de:05554:16728:0:1	51.828138	6.606282	bus	MATCHED_THOUGH_REVERSED_DIR	n5357415248	1.6	1.0	Kochs Weide	C13	Bocholt, Feldstr.	Lothringerstraße	LINESTRING(6.606282 51.828138,6.6062875000000005 51.828152100000004)
515	Bocholt	Kochs Weide	de:05554:16728:0:2	51.828127	6.606282	bus	MATCHED_THOUGH_REVERSED_DIR	n5357415246	7.9	1.0	Kochs Weide	C13	Bocholt, Lothringerstr.	Feldstraße	LINESTRING(6.606282 51.828127,6.606203000000001 51.828075000000005)
516	Bocholt	Kreuzberg	de:05554:61488:0:1	51.838002	6.63086	bus	NO_MATCH_BUT_OTHER_PLATFORM_MATCHED					731,C3	Bocholt, Tenkingstraße / Bocholt, Theodor-Heuss-Ring		POINT(6.63086 51.838002)
517	Bocholt	Kreuzberg	de:05554:61488:0:2	51.837819	6.632549	bus	MATCHED	n5349488368	81.7	1.0	Kreuzberg	731,C3	Bocholt, Christuskirche / Bocholt, Kochenheimstr.	Tenkingstraße	LINESTRING(6.632549 51.837819,6.6318932 51.83720700000001)
518	Bocholt	Kuckuckstraße	de:05554:61519:0:1	51.845151	6.619146	bus	MATCHED_THOUGH_REVERSED_DIR	n5352368741	11.7	1.0	Kuckuckstraße	C8	Bocholt, Horststraße	Bustreff	LINESTRING(6.619146 51.845151,6.6190696 51.8452452)
519	Bocholt	Kuckuckstraße	de:05554:61519:0:2	51.845151	6.619137	bus	MATCHED_THOUGH_REVERSED_DIR	n5352368742	4.6	1.0	Kuckuckstraße	C8	Bocholt, Bustreff	Horststraße	LINESTRING(6.619137 51.845151,6.6192023 51.8451582)
520	Bocholt	Langfeld	de:05554:63186	51.85788	6.606354		NO_MATCH_AND_SEEMS_UNSERVED								POINT(6.606354 51.85788)
521	Bocholt	Liebfrauenkirche	de:05554:16722:0:1	51.839157	6.617565		MATCHED	n5347649537	3.6	1.0	Liebfrauenkirche			Bustreff	LINESTRING(6.617565 51.839157,6.617521300000001 51.8391394)
522	Bocholt	Liebfrauenkirche	de:05554:16722:0:2	51.839101	6.617529	bus	NO_MATCH_BUT_OTHER_PLATFORM_MATCHED					C2,C3	Bocholt, Bustreff		POINT(6.617529 51.839101)
523	Bocholt	Lothringerstr. 	de:05554:16727:0:1	51.83168	6.611843	bus	MATCHED_THOUGH_REVERSED_DIR	n5355217194	38.4	1.0	Lothringerstraße	C13	Bocholt, Kochs Weide	Bahnhofstraße	LINESTRING(6.611843 51.83168,6.6123887 51.831610000000005)
524	Bocholt	Lothringerstr. 	de:05554:16727:0:2	51.831585	6.612364	bus	MATCHED_THOUGH_REVERSED_DIR	n5355217195	36.1	1.0	Lothringerstraße	C13	Bocholt, Bahnhofstr.	Kochs Weide	LINESTRING(6.612364 51.831585,6.6118668000000005 51.831685500000006)
525	Bocholt	Lowicker Str. 	de:05554:16792:0:1	51.833178	6.59252	bus	MATCHED_THOUGH_REVERSED_DIR	n5350666637	15.2	1.0	Lowicker Straße	C5	Bocholt, Kampstr.	Weidenstraße	LINESTRING(6.59252 51.833178,6.5925023000000005 51.8333146)
526	Bocholt	Lowicker Str. 	de:05554:16792:0:2	51.8335	6.592655	bus	MATCHED_THOUGH_REVERSED_DIR	n5350666638	6.4	1.0	Lowicker Straße	C5	Bocholt, Weidenstr.	Kampstraße	LINESTRING(6.592655 51.8335,6.592564 51.833489400000005)
527	Bocholt	Lübecker Str. 	de:05554:16806:0:1	51.840411	6.638828	bus	MATCHED	n5347649521	9.1	1.0	Lübecker Straße	C2	Bocholt, Hamburger Str.		LINESTRING(6.638828 51.840411,6.6387825000000005 51.8404876)
528	Bocholt	Lübecker Str. 	de:05554:16806:0:2	51.840455	6.638784	bus	MATCHED	n5347649522	11.1	1.0	Lübecker Straße	C2	Bocholt, Friedhof Süd		LINESTRING(6.638784 51.840455,6.6386953 51.840371600000005)
529	Bocholt	Lützowstr. 	de:05554:16803:0:1	51.840489	6.632046	bus	MATCHED_THOUGH_REVERSED_DIR	n5347649535	10.9	1.0	Lützowstraße	C2	Bocholt, Friedhof Nord	Christuskirche	LINESTRING(6.632046 51.840489,6.6319153 51.840433700000006)
530	Bocholt	Lützowstr. 	de:05554:16803:0:2	51.840455	6.632064	bus	MATCHED_THOUGH_REVERSED_DIR	n5347649534	5.7	1.0	Lützowstraße	C2	Bocholt, Christuskirche	Friedhof Nord	LINESTRING(6.632064 51.840455,6.632144 51.8404685)
531	Bocholt	Mariengymnasium	de:05554:35487	51.838257	6.609525		NO_MATCH_AND_SEEMS_UNSERVED								POINT(6.609525 51.838257)
532	Bocholt	Markgrafenstr. 	de:05554:16720:0:1	51.843802	6.609624	bus	MATCHED_THOUGH_REVERSED_DIR	n5351370092	7.6	1.0	Markgrafenstraße	C7	Bocholt, Am Schievegraben	Benölkenplatz	LINESTRING(6.609624 51.843802,6.6096309 51.843733900000004)
533	Bocholt	Markgrafenstr. 	de:05554:16720:0:2	51.843813	6.609642	bus	MATCHED_THOUGH_REVERSED_DIR	n5351370091	4.0	1.0	Markgrafenstraße	C7	Bocholt, Benölkenplatz	Am Schievegraben	LINESTRING(6.609642 51.843813,6.609596000000001 51.8438342)
534	Bocholt	Molkerei	de:05554:6314:0:1	51.83738	6.599231	bus	MATCHED	n3655352860	3.0	0.86	Molkerei	R52	Bocholt, Kaisergarten	Kaisergarten	LINESTRING(6.599231 51.83738,6.5992692 51.8373926)
535	Bocholt	Molkerei	de:05554:6314:0:2	51.837863	6.601081	bus	MATCHED	n3655352858	156.8	0.24	Molkerei	R52	Bocholt, Westend	Westend	LINESTRING(6.601081 51.837863,6.5991045 51.837164400000006)
536	Bocholt	Moselstr. 	de:05554:16757:0:1	51.824412	6.623234	bus	MATCHED_THOUGH_REVERSED_DIR	n5350618789	23.5	1.0	Moselstraße	C4	Bocholt, Sonnenscheinstr.	Fidelekesweg	LINESTRING(6.623234 51.824412,6.6229636 51.8245408)
537	Bocholt	Moselstr. 	de:05554:16757:0:2	51.824329	6.623162	bus	MATCHED_THOUGH_REVERSED_DIR	n5350618790	0.8	1.0	Moselstraße	C4	Bocholt, Fidelekesweg	Sonnenscheinstraße	LINESTRING(6.623162 51.824329,6.6231736 51.8243306)
538	Bocholt	Musikschule	de:05554:61497:0:1	51.834422	6.611035	bus	MATCHED_THOUGH_REVERSED_DIR	n5350666653	7.5	1.0	Musikschule	C5	Bocholt, Bayernstraße	Shopping Arkaden	LINESTRING(6.611035 51.834422,6.6110525 51.8344881)
539	Bocholt	Musikschule	de:05554:61497:0:2	51.83304	6.611035	bus	MATCHED_THOUGH_REVERSED_DIR	n5350666654	148.0	1.0	Musikschule	C5	Bocholt, Shopping Arkaden	Bayernstraße	LINESTRING(6.611035 51.83304,6.6109344000000005 51.834368700000006)
540	Bocholt	Mühlenweg	de:05554:16841:0:1	51.830014	6.618473	bus	MATCHED_THOUGH_REVERSED_DIR	n5350618797	6.2	1.0	Mühlenweg	C4	Bocholt, Rheinstraße	Bahnhof	LINESTRING(6.618473 51.830014,6.618545200000001 51.8299813)
541	Bocholt	Mühlenweg	de:05554:16841:0:2	51.829975	6.618491	bus	MATCHED_THOUGH_REVERSED_DIR	n5350618798	10.0	1.0	Mühlenweg	C4	Bocholt, Bahnhof	Rheinstraße	LINESTRING(6.618491 51.829975,6.6184379 51.830058400000006)
542	Bocholt	Neutorplatz	de:05554:61490:0:1	51.835976	6.614897	bus	MATCHED	n5350559255	3.6	1.0	Neutorplatz	C4,C5,T12	Bocholt, Musikschule / Bocholt, Friesenstr. / Bocholt, Bahnhof / Bocholt, Bahnhof / Bocholt, Friesenstr.	Musikschule / Bahnhof / Friesenstraße	LINESTRING(6.614897 51.835976,6.6148987 51.835943300000004)
543	Bocholt	Nevelkamp	de:05554:16771:0:1	51.842681	6.584085	bus	MATCHED_THOUGH_REVERSED_DIR	n5351252695	25.6	1.0	Nevelkamp	C6	Lowick, Elsenpaß	Uferstraße	LINESTRING(6.584085 51.842681,6.5844329 51.8425996)
544	Bocholt	Nevelkamp	de:05554:16771:0:2	51.842731	6.584157	bus	MATCHED_THOUGH_REVERSED_DIR	n5351252696	1.4	1.0	Nevelkamp	C6	Bocholt, Uferstr.	Elsenpass	LINESTRING(6.584157 51.842731,6.5841405 51.84273880000001)
545	Bocholt	Ostwall	de:05554:30633:0:1	51.841565	6.618832	bus	MATCHED	n5359629500	11.9	1.0	Ostwall	731,751,R51	Bocholt, Bustreff / Bocholt, Bustreff	Bustreff	LINESTRING(6.618832 51.841565,6.6190012000000005 51.841543200000004)
546	Bocholt	Ostwall	de:05554:30633:0:2	51.841238	6.619461	bus	MATCHED	n5359629501	7.0	1.0	Ostwall	731,R51	Bocholt, Christuskirche / Bocholt, Bahnhof	Bahnhof	LINESTRING(6.619461 51.841238,6.619415600000001 51.8411819)
547	Bocholt	Rathaus	de:05554:16724:0:1	51.837714	6.612634	bus	MATCHED	n5350559256	3.7	1.0	Rathaus	C4,C5,T12	Bocholt, Neutorplatz	Neutorplatz	LINESTRING(6.612634 51.837714,6.6126249 51.837681)
548	Bocholt	Rheinstraße	de:05554:61491:0:1	51.828238	6.619506	bus	MATCHED_THOUGH_REVERSED_DIR	n5350618795	6.2	1.0	Rheinstraße	C4	Bocholt, Fidelekesweg	Mühlenweg	LINESTRING(6.619506 51.828238,6.6195041 51.828293800000004)
549	Bocholt	Rheinstraße	de:05554:61491:0:2	51.82821	6.619461	bus	MATCHED_THOUGH_REVERSED_DIR	n5350618794	8.8	1.0	Rheinstraße	C4	Bocholt, Mühlenweg	Fidelekesweg	LINESTRING(6.619461 51.82821,6.6194652000000005 51.8281305)
550	Bocholt	Schmeddinghoffstr. 	de:05554:16715:0:1	51.845284	6.592233	bus	MATCHED	n5359518158	108.4	1.0	Schmeddinghofstraße	T14	Bocholt, Klarastr.	Klarastraße	LINESTRING(6.592233 51.845284,6.5924111000000005 51.846251800000005)
551	Bocholt	Schulzentrum Süd-Ost	de:05554:63188:0:1	51.827283	6.617961		NO_MATCH_AND_SEEMS_UNSERVED								POINT(6.617961 51.827283)
552	Bocholt	Schwartzstraße	de:05554:61480:0:1	51.845339	6.625174	bus	MATCHED_THOUGH_REVERSED_DIR	n5345453596	19.5	1.0	Schwartzstraße	C1	Bocholt, Vereinsstraße	Viktoriastraße	LINESTRING(6.625174 51.845339,6.6249745 51.845214500000004)
553	Bocholt	Schwartzstraße	de:05554:61480:0:2	51.845323	6.625174	bus	MATCHED_THOUGH_REVERSED_DIR	n5345453597	12.9	1.0	Schwartzstraße	C1	Bocholt, Viktoriastr.	Vereinsstraße	LINESTRING(6.625174 51.845323,6.625187700000001 51.845207)
554	Bocholt	Shopping Arkaden	de:05554:11073:0:1	51.835588	6.610612	bus	MATCHED	n5350559251	19.6	1.0	Shopping Arkaden	BHL	Bocholt, Kinodrom	Kinodrom	LINESTRING(6.610612 51.835588,6.6108137000000005 51.8357121)
555	Bocholt	Shopping Arkaden	de:05554:11073:0:2	51.835649	6.610855	bus	NO_MATCH_BUT_OTHER_PLATFORM_MATCHED					C4,C5,T12	Bocholt, Kinodrom		POINT(6.610855 51.835649)
556	Bocholt	Sonnenscheinstr. 	de:05554:60079:0:1	51.821475	6.626027	bus	MATCHED	n5350618786	1.3	1.0	Sonnenscheinstraße	C4	Biemenhorst, Mitte	Biemenhorst Mitte	LINESTRING(6.626027 51.821475,6.626028600000001 51.821486900000004)
557	Bocholt	Sonnenscheinstr. 	de:05554:60079:0:2	51.821264	6.626189	bus	MATCHED	n5350618785	1.1	1.0	Sonnenscheinstraße	C4	Bocholt, Moselstr.	Moselstraße	LINESTRING(6.626189 51.821264,6.626201600000001 51.8212582)
558	Bocholt	St. -Georg-Gymnasium	de:05554:16843:0:1	51.844207	6.615787	bus	MATCHED_THOUGH_REVERSED_DIR	n5352845153	7.4	1.0	St.-Georg-Gymnasium	C11,T11	Bocholt, Europahaus	Bustreff	LINESTRING(6.615787 51.844207,6.6156967 51.844170600000005)
559	Bocholt	St. -Georg-Gymnasium	de:05554:16843:0:2	51.844207	6.615832	bus	MATCHED	n5352845154	12.1	1.0	St.-Georg-Gymnasium	C11,R52,T11	Bocholt, St.-Josef-Gymnasium / Bocholt, Bustreff / Bocholt, Bahnhof	St.-Josef-Gymnasium / Europa-Haus	LINESTRING(6.615832 51.844207,6.615970300000001 51.8442741)
560	Bocholt	St. -Josef-Gymnasium	de:05554:35468:0:01	51.845278	6.614107	bus	MATCHED	n3587989219	7.0	0.73	St.-Josef-Gymnasium	R52	Bocholt, Kinodrom / Bocholt, Bustreff / Bocholt, Bustreff	Kinodrom / Bustreff	LINESTRING(6.614107 51.845278,6.6140059 51.845272800000004)
561	Bocholt	St. -Josef-Gymnasium	de:05554:35468:0:02	51.845328	6.614071	bus	NO_MATCH_BUT_OTHER_PLATFORM_MATCHED					R52			POINT(6.614071 51.845328)
562	Bocholt	Steinstr. 	de:05554:16732:0:1	51.820725	6.602644	bus	MATCHED_THOUGH_REVERSED_DIR	n5357415238	19.3	1.0	Steinstraße	C13	Mussum, Wachtelschlag / Mussum, Kreuzschule	Feldstraße / Im Hoynkesch	LINESTRING(6.602644 51.820725,6.602922700000001 51.8207425)
563	Bocholt	Steinstr. 	de:05554:16732:0:2	51.820748	6.602887	bus	MATCHED_THOUGH_REVERSED_DIR	n5357415239	18.0	1.0	Steinstraße	C13	Bocholt, Feldstr. / Bocholt, Im Hoynkesch	Wachtelschlag / Kreuzschule / Bömkesweg	LINESTRING(6.602887 51.820748,6.602632300000001 51.820711900000006)
564	Bocholt	Suderwick. Im Jägeringshof	de:05554:13824:0:1	51.859661	6.512831		NO_MATCH_AND_SEEMS_UNSERVED								POINT(6.512831 51.859661)
565	Bocholt	Tenkingstraße	de:05554:61489:0:1	51.834738	6.636439	bus	MATCHED_THOUGH_REVERSED_DIR	n5349488365	1.9	1.0	Tenkingstraße	C3	Bocholt, Eichendorffstr.	Am Kreuzberg	LINESTRING(6.636439 51.834738,6.6364543000000005 51.834752400000006)
566	Bocholt	Tenkingstraße	de:05554:61489:0:2	51.834672	6.636475	bus	MATCHED_THOUGH_REVERSED_DIR	n5349488366	4.2	1.0	Tenkingstraße	C3	Bocholt, Kreuzberg	Eichendorffstraße	LINESTRING(6.636475 51.834672,6.636473100000001 51.8346339)
567	Bocholt	Theodor-Heuss-Ring	de:05554:16800:0:1	51.837891	6.621383	bus	MATCHED	w361007938	6.7	1.0	Theodor-Heuss-Ring	731,751,R51,R52	Bocholt, Bustreff / Bocholt, Bahnhof	Bahnhof	LINESTRING(6.621383 51.837891,6.62134075 51.83783685)
568	Bocholt	Theodor-Heuss-Ring	de:05554:16800:0:2	51.838885	6.621455	bus	MATCHED_THOUGH_REVERSED_DIR	w361007939	43.3	1.0	Theodor-Heuss-Ring	R52	Bocholt, Bahnhof	Bustreff	LINESTRING(6.621455 51.838885,6.6214458 51.83927385)
569	Bocholt	Uferstr. 	de:05554:16772:0:1	51.841593	6.588568	bus	MATCHED_THOUGH_REVERSED_DIR	n5351252702	10.0	1.0	Uferstraße	C6	Bocholt, Nevelkamp	Fürstenbergweg	LINESTRING(6.588568 51.841593,6.5885863 51.8415042)
570	Bocholt	Uferstr. 	de:05554:16772:0:2	51.84161	6.588523	bus	MATCHED_THOUGH_REVERSED_DIR	n5351252703	3.4	1.0	Uferstraße	C6	Bocholt, Fürstenbergweg	Nevelkamp	LINESTRING(6.588523 51.84161,6.5885474 51.841583)
571	Bocholt	Up de Welle	de:05554:61505:0:1	51.854523	6.614206	bus	MATCHED_THOUGH_REVERSED_DIR	n5352899154	43.8	1.0	Up de Welle	C11,T11	Bocholt, Alffstr.	Domizil Diepenbrock	LINESTRING(6.614206 51.854523,6.613595200000001 51.8544126)
572	Bocholt	Up de Welle	de:05554:61505:0:2	51.854518	6.61417	bus	MATCHED_THOUGH_REVERSED_DIR	n5352899153	37.2	1.0	Up de Welle	C11,T11	Bocholt, Domizil Diepenbrock	Alffstraße	LINESTRING(6.61417 51.854518,6.6136314 51.8544963)
573	Bocholt	Vereinsstraße	de:05554:61481:0:1	51.846799	6.627016	bus	MATCHED_THOUGH_REVERSED_DIR	n5345453593	12.5	1.0	Vereinsstraße	C1	Giethorst, Büningweg	Schwartzstraße	LINESTRING(6.627016 51.846799,6.626841300000001 51.846768000000004)
574	Bocholt	Vereinsstraße	de:05554:61481:0:2	51.846843	6.626998	bus	MATCHED_THOUGH_REVERSED_DIR	n5345453594	5.3	1.0	Vereinsstraße	C1	Bocholt, Schwartzstraße	Büningweg	LINESTRING(6.626998 51.846843,6.6270746 51.846848300000005)
575	Bocholt	Viktoriastr. 	de:05554:16749:0:1	51.842886	6.61841	bus	MATCHED_THOUGH_REVERSED_DIR	n5345453599	10.3	1.0	Viktoriastraße	C1	Bocholt, Schwartzstraße	Bustreff	LINESTRING(6.61841 51.842886,6.618271600000001 51.842921100000005)
576	Bocholt	Viktoriastr. 	de:05554:16749:0:2	51.842903	6.618383	bus	MATCHED_THOUGH_REVERSED_DIR	n5345453600	6.9	1.0	Viktoriastraße	C1	Bocholt, Bustreff	Schwartzstraße	LINESTRING(6.618383 51.842903,6.618387 51.8428407)
577	Bocholt	Walramstraße	de:05554:61515:0:1	51.844568	6.603156	bus	MATCHED_THOUGH_REVERSED_DIR	n5359518140	9.4	1.0	Walramstraße	T14	Bocholt, Ferdinandstr.	Bustreff	LINESTRING(6.603156 51.844568,6.6032016 51.84448870000001)
578	Bocholt	Walramstraße	de:05554:61515:0:2	51.844535	6.603129	bus	MATCHED_THOUGH_REVERSED_DIR	n5359518141	5.3	1.0	Walramstraße	T14	Bocholt, Jeanette-Wolff-Zentr.	Ferdinandstraße	LINESTRING(6.603129 51.844535,6.6030528 51.8445401)
579	Bocholt	Weidenstr. 	de:05554:16793:0:1	51.829909	6.59438	bus	MATCHED_THOUGH_REVERSED_DIR	n5350666641	6.1	1.0	Weidenstraße	C5	Bocholt, Lowicker Str.	Hessenstraße	LINESTRING(6.59438 51.829909,6.594307400000001 51.8299407)
580	Bocholt	Weidenstr. 	de:05554:16793:0:2	51.830325	6.594254	bus	MATCHED_THOUGH_REVERSED_DIR	n5350666640	5.7	1.0	Weidenstraße	C5	Bocholt, Hessenstr.	Lowicker Straße	LINESTRING(6.594254 51.830325,6.5942578 51.8303766)
581	Bocholt	Weserstr. 	de:05554:63187:0:1	51.828304	6.621329		NO_MATCH_AND_SEEMS_UNSERVED								POINT(6.621329 51.828304)
582	Bocholt	Westend	de:05554:16777:0:1	51.839356	6.603525	bus	MATCHED	n1995283351	17.5	0.59	Westend	R52	Bocholt, Molkerei	Molkerei	LINESTRING(6.603525 51.839356,6.603776300000001 51.8393328)
583	Bocholt	Westend	de:05554:16777:0:2	51.839223	6.604809	bus	MATCHED	n1457465152	53.2	0.39	Westend	R52	Bocholt, Bustreff	Bustreff	LINESTRING(6.604809 51.839223,6.605572 51.839151)
584	Bocholt	Westf. Hochschule	de:05554:16809:0:1	51.839279	6.648458	bus	MATCHED	n5347703580	26.9	1.0	Westfälische Hochschule	C2	Bocholt, Chemnitzer Weg	Chemnitzer Weg	LINESTRING(6.648458 51.839279,6.6484331 51.8395206)
585	Bocholt	Westf. Hochschule	de:05554:16809:0:2	51.839517	6.648351		NO_MATCH_AND_SEEMS_UNSERVED								POINT(6.648351 51.839517)
586	Bocholt	Wichernstr. 	de:05554:16775:0:1	51.842115	6.59818	bus	MATCHED_THOUGH_REVERSED_DIR	n5351252722	4.7	1.0	Wichernstraße	C6	Bocholt, Hitzestr.	Windmühlenplatz	LINESTRING(6.59818 51.842115,6.5981671 51.842073500000005)
587	Bocholt	Wichernstr. 	de:05554:16775:0:2	51.84217	6.598126	bus	MATCHED_THOUGH_REVERSED_DIR	n5351252721	2.0	1.0	Wichernstraße	C6	Bocholt, Windmühlenplatz	Hitzestraße	LINESTRING(6.598126 51.84217,6.5981027 51.842181200000006)
588	Bocholt	Wiesenstraße	de:05554:61502:0:1	51.8341	6.588433	bus	MATCHED	n5350666631	1.9	1.0	Wiesenstraße	C5	Bocholt, Kampstr.	Kampstraße	LINESTRING(6.588433 51.8341,6.5884052 51.834096900000006)
589	Bocholt	Wiesenstraße	de:05554:61502:0:2	51.83415	6.588451		NO_MATCH_AND_SEEMS_UNSERVED								POINT(6.588451 51.83415)
590	Bocholt	Windmühlenplatz	de:05554:61503:0:1	51.840927	6.604091	bus	MATCHED_THOUGH_REVERSED_DIR	n5351252727	11.6	1.0	Windmühlenplatz	C6	Bocholt, Wichernstr.	Bustreff	LINESTRING(6.604091 51.840927,6.6041109 51.8408231)
591	Bocholt	Windmühlenplatz	de:05554:61503:0:2	51.840916	6.603677	bus	MATCHED_THOUGH_REVERSED_DIR	n5351252728	23.6	1.0	Windmühlenplatz	C6	Bocholt, Bustreff	Wichernstraße	LINESTRING(6.603677 51.840916,6.6040184 51.840931700000006)
592	Bocholt	von-Galen-Str. 	de:05554:16717:0:1	51.844496	6.596904	bus	MATCHED_THOUGH_REVERSED_DIR	n5359518152	26.7	1.0	von-Galen-Straße	T14	Bocholt, Klarastr.	Ferdinandstraße	LINESTRING(6.596904 51.844496,6.596577900000001 51.844625400000005)
593	Bocholt	von-Galen-Str. 	de:05554:16717:0:2	51.844551	6.596931	bus	MATCHED_THOUGH_REVERSED_DIR	n5359518153	33.1	1.0	von-Galen-Straße	T14	Bocholt, Ferdinandstr.	Klarastraße	LINESTRING(6.596931 51.844551,6.5965752 51.8447514)
594	Borken	Abzw. Hoxfeld	de:05554:30623:0:1	51.838435	6.822175	bus	MATCHED	n5361948966	3.0	1.0	Abzweig Hoxfeld	726,751,R51	Hoxfeld, Haus Pröbsting	Haus Pröbsting	LINESTRING(6.822175 51.838435,6.8221343 51.838425900000004)
595	Borken	Abzw. Hoxfeld	de:05554:30623:0:2	51.838407	6.822965	bus	MATCHED	n5361948967	45.5	1.0	Abzweig Hoxfeld	726,R51	Borken, Jeanette-Wolf-Str.	Jeanette-Wolff-Straße	LINESTRING(6.822965 51.838407,6.8236175 51.8383431)
596	Borken	Alter Kasernenring	de:05554:37025:0:1	51.850706	6.888695		NO_MATCH_AND_SEEMS_UNSERVED								POINT(6.888695 51.850706)
597	Borken	Alter Kasernenring	de:05554:37025:0:2	51.850706	6.888695		NO_MATCH_AND_SEEMS_UNSERVED								POINT(6.888695 51.850706)
598	Borken	Am Dyckhuser Baum	de:05554:36837:0:1	51.83103	6.837653	bus	MATCHED	n5521613890	25.4	1.0	Am Dyckhuser Baum	B8	Borken, Fibelweg		LINESTRING(6.837653 51.83103,6.8377515 51.8308097)
599	Borken	An der Nathe	de:05554:24984:0:1	51.842065	6.847651	bus	MATCHED	n11292614041	15.0	1.0	An der Nathe	853	Borken, Remigiusschule / Borken, Steingrube/Finanzamt	Steingrube	LINESTRING(6.847651 51.842065,6.8477829 51.8419583)
600	Borken	Aquarius	de:05554:36841:0:1	51.837031	6.861961	bus	MATCHED	n5519723222	24.2	1.0	Aquarius	853,B9	Marbeck, Duesbergstraße / Borken, Remigiusschule / Borken, Parkstraße	Parkstraße / Duesbergstraße / Remigiusschule	LINESTRING(6.861961 51.837031,6.861827000000001 51.8368297)
601	Borken	Bahnhof	de:05554:60831:1:1	51.848236	6.865949	bus	MATCHED	w387681121	6.6	1.0	Bahnhof	751,N20,N51,R51,S75	Gemen, Bodelschwinghhaus / Heiden, Ramsdorf/Heiden	Bodelschwinghhaus / Ramsdorf / Heiden	LINESTRING(6.865949 51.848236,6.865893700000001 51.84818785)
602	Borken	Bahnhof	de:05554:60831:2:2	51.848125	6.865608	bus	MATCHED	w387681119	9.6	1.0	Bahnhof	751,N20,N51,R21,R51,R54,S75	Borken, Wilbecke / Borken, Nordring / Borken, Nordring / Borken, Schulzentrum I / Borken, Remigiusschule	Wilbecke / Nordring	LINESTRING(6.865608 51.848125,6.8657383 51.8480955)
603	Borken	Bahnhof	de:05554:60831:3:3	51.848336	6.865321	bus	MATCHED	w387681123	9.5	1.0	Bahnhof	753,D76,R76	Weseke, Schlückersring / Borken, Wilbecke / Gemen, Bodelschwinghhaus	Bodelschwinghhaus / Wilbecke	LINESTRING(6.865321 51.848336,6.86544485 51.84829785)
604	Borken	Bahnhof	de:05554:60831:4:4	51.848514	6.8655	bus	MATCHED	w387681122	10.5	1.0	Bahnhof	R21,R74	Borken, Marienschule / Borken, Martin-Luther-Kirche / Borken, Wilbecke / Borken, Friedhof	Martin-Luther-Kirche / Wilbecke	LINESTRING(6.8655 51.848514,6.8655556 51.848426350000004)
605	Borken	Bahnhof	de:05554:60831:5:5	51.848775	6.865204	bus	MATCHED	w387681118	16.1	1.0	Bahnhof	713,724	Borken, Wilbecke / Borken, Martin-Luther-Kirche		LINESTRING(6.865204 51.848775,6.864985950000001 51.848826450000004)
606	Borken	Bahnhof	de:05554:60831:6:6	51.848725	6.8648	bus	MATCHED	w387681124	6.0	1.0	Bahnhof	724,R54	Borken, Jahnstr. / Borken, Wilbecke	Wilbecke	LINESTRING(6.8648 51.848725,6.864875250000001 51.8486983)
607	Borken	Bahnhof	de:05554:60831:7:7	51.84898	6.864404	bus	MATCHED	w387681120	9.7	1.0	Bahnhof	853,B8,B9	Borken, Martin-Luther-Kirche / Borken (Westf), Markt	Martin-Luther-Kirche / Markt	LINESTRING(6.864404 51.84898,6.8645277 51.848938450000006)
608	Borken	Bahnhof	de:05554:60831:89:89	51.848985	6.864889	bus	NO_MATCH_AND_SEEMS_UNSERVED								POINT(6.864889 51.848985)
609	Borken	Bahnhof	de:05554:60831:8:8	51.849102	6.864719		NO_MATCH_AND_SEEMS_UNSERVED								POINT(6.864719 51.849102)
610	Borken	Bahnhof	de:05554:60831:90:DB	51.848014	6.866497		NO_MATCH_AND_SEEMS_UNSERVED								POINT(6.866497 51.848014)
611	Borken	Bahnhof	de:05554:60831:91:1	51.847937	6.866623	train	MATCHED	n4686147146	6.5	1.0	Borken (Westf)	RE14	Marbeck, Bahnh. Marbeck-Heiden	Marbeck-Heiden	LINESTRING(6.866623 51.847937,6.8665514000000005 51.847975500000004)
612	Borken	Bahnhof	de:05554:60831:9:.	51.849035	6.864809		NO_MATCH_AND_SEEMS_UNSERVED								POINT(6.864809 51.849035)
613	Borken	Brüggemann	de:05554:30792:0:1	51.843042	6.876145	bus	MATCHED	w208565099	7.4	1.0	Brüggemann	B8,B9	Borken, Josefskirche	Josefskirche	LINESTRING(6.876145 51.843042,6.8760496 51.84307295000001)
614	Borken	Brüggemann	de:05554:30792:0:2	51.843014	6.876181	bus	MATCHED	w208565100	3.4	1.0	Brüggemann	B8,B9	Borken, Hohe Oststraße	Hohe Oststraße	LINESTRING(6.876181 51.843014,6.87617225 51.8429838)
615	Borken	Butenbomskamp	de:05554:36835:0:1	51.831646	6.840527	bus	MATCHED	n5521613895	5.3	1.0	Butenbomskamp	B8	Borken, Am Dyckhuser Baum		LINESTRING(6.840527 51.831646,6.8406026 51.8316388)
616	Borken	Böltingsweg	de:05554:36840:0:1	51.831735	6.836952	bus	MATCHED	n5521613886	12.6	1.0	Böltingsweg	B8	Borken, Hovesath		LINESTRING(6.836952 51.831735,6.8369856 51.831623900000004)
617	Borken	Böltingsweg	de:05554:36840:0:2	51.831835	6.836862		MATCHED	n5521613887	5.4	1.0	Böltingsweg			Hovesath	LINESTRING(6.836862 51.831835,6.836907900000001 51.8318742)
618	Borken	Faktoreistraße	de:05554:36839:0:1	51.833428	6.848855	bus	MATCHED	n5521613900	5.9	1.0	Faktoreistraße	B8	Borken, Grütlohner Weg	Grütlohner Weg	LINESTRING(6.848855 51.833428,6.848913400000001 51.8334671)
619	Borken	Fedor-Sommer-Straße	de:05554:30791:0:1	51.846638	6.879146	bus	MATCHED	n5520270169	198.8	1.0	Fedor-Sommer-Straße	B8,B9	Borken, Brüggemann	Brüggemann	LINESTRING(6.879146 51.846638,6.876581300000001 51.8458185)
620	Borken	Finanzamt	de:05554:36843:0:1	51.844141	6.842683		NO_MATCH_AND_SEEMS_UNSERVED								POINT(6.842683 51.844141)
621	Borken	Friedhof	de:05554:12950:0:1	51.841482	6.857236	bus	MATCHED	n2117887963	15.6	1.0	Friedhof	721,724,726,R21,R74	Borken, Remigiusschule / Borken, Wilbecke / Borken, Marienschule / Borken, Jahnstr.	Wilbecke	LINESTRING(6.857236 51.841482,6.857456300000001 51.8414482)
622	Borken	Friedhof	de:05554:12950:0:2	51.84151	6.857245	bus	MATCHED	n2117886545	13.1	1.0	Friedhof	721,724,726,B8,R21,R74	Borken, St. Marien Hospital / Borken, Parkstraße	St. Marien Hospital / Parkstraße	LINESTRING(6.857245 51.84151,6.857290000000001 51.8413952)
623	Borken	Gasth. Einhaus	de:05554:30620:0:1	51.844263	6.853894	bus	MATCHED	n5361948954	70.3	1.0	Gasthaus Einhaus	726,751,R51	Borken, Steingrube/Finanzamt	Steingrube/Finanzamt	LINESTRING(6.853894 51.844263,6.852873700000001 51.844265)
624	Borken	Gasth. Einhaus	de:05554:30620:0:2	51.844091	6.852627	bus	MATCHED	n5361948955	44.5	1.0	Gasthaus Einhaus	726,R51	Borken, Wilbecke / Marbeck, Kirche / Borken, Marienschule	Wilbecke	LINESTRING(6.852627 51.844091,6.8532519 51.844191300000006)
625	Borken	Gildenstr. 	de:05554:24919:0:1	51.833173	6.856095	bus	MATCHED	n5525956835	9.2	1.0	Gildenstraße	721,726,R21	Borken, Remigiusschule / Borken, Schulzentrum I / Borken, Parkstraße	Parkstraße	LINESTRING(6.856095 51.833173,6.856201 51.83312230000001)
626	Borken	Gildenstr. 	de:05554:24919:0:2	51.833356	6.856149	bus	MATCHED	n5525956836	9.8	1.0	Gildenstraße	721,726,R21	Grütlohn, Grütering	Grütering	LINESTRING(6.856149 51.833356,6.856014600000001 51.833327800000006)
627	Borken	Grütlohner Weg	de:05554:36838:0:1	51.835282	6.845477	bus	MATCHED	n5521613899	20.0	1.0	Grütlohner Weg	B8	Borken (Westf), H.-Böckler-Str / Borken, Christa-Wolf-Straße	Hans-Böckler-Straße	LINESTRING(6.845477 51.835282,6.845338000000001 51.835124500000006)
628	Borken	Hohe Oststraße	de:05554:30790:0:1	51.844951	6.882919		NO_MATCH_AND_SEEMS_UNSERVED								POINT(6.882919 51.844951)
629	Borken	Hohe Oststraße	de:05554:30790:0:2	51.844929	6.882676	bus	MATCHED	n750426841	21.5	1.0	Hohe Oststraße	B8,B9	Borken, Waldfriedhof	Waldfriedhof	LINESTRING(6.882676 51.844929,6.8829872000000005 51.8449338)
630	Borken	Hovesath	de:05554:36651:0:1	51.832002	6.830807	bus	NO_MATCH_BUT_OTHER_PLATFORM_MATCHED					B8			POINT(6.830807 51.832002)
631	Borken	Hovesath	de:05554:36651:0:2	51.832218	6.830807	bus	MATCHED	n5521643138	108.8	1.0	Hovesath	B8	Borken (Westf), EKZ Hovesath	EKZ Hovesath	LINESTRING(6.830807 51.832218,6.831090100000001 51.8331803)
632	Borken	Jahnstr. 	de:05554:12087:0:1	51.847609	6.854568	bus	MATCHED	n5535181340	5.1	1.0	Jahnstraße	721,724,751,R54	Borken, Jodocus Nünning GE / Borken, Kettelerstr.	Kettelerstraße	LINESTRING(6.854568 51.847609,6.854641300000001 51.84760180000001)
633	Borken	Jahnstr. 	de:05554:12087:0:2	51.847609	6.854568	bus	MATCHED	n5535181341	7.1	1.0	Jahnstraße	751,753,R54	Borken, Wilbecke / Borken, Bahnhof	Wilbecke	LINESTRING(6.854568 51.847609,6.854508500000001 51.8476615)
634	Borken	Jeanette-Wolf-Str. 	de:05554:34815:0:1	51.839984	6.835802	bus	MATCHED	n5229114226	7.6	1.0	Jeanette-Wolff-Straße	726,751,R51,R54	Borken, Abzw. Hoxfeld	Abzweig Hoxfeld	LINESTRING(6.835802 51.839984,6.835911200000001 51.839992300000006)
635	Borken	Jeanette-Wolf-Str. 	de:05554:34815:0:2	51.839945	6.835982	bus	MATCHED	n5229114225	8.0	1.0	Jeanette-Wolff-Straße	721,726,R51,R54	Borken, Steingrube/Finanzamt / Borken, Sägewerk	Sägewerk	LINESTRING(6.835982 51.839945,6.835880800000001 51.839909500000005)
636	Borken	Jodocus Nünning GE	de:05554:16434:0:1	51.858818	6.844013	bus	MATCHED	n1447653218	7.0	0.44	Jodocus Nünning Gesamtschule	721,724,753,R74,R76	Borken, Bahnhof / Borken, Marienschule / Gemen, Bodelschwinghhaus / Borken, Martin-Luther-Kirche / Borken, Marienschule		LINESTRING(6.844013 51.858818,6.8439274 51.8587842)
637	Borken	Jodocus Nünning GE	de:05554:16434:0:2	51.858745	6.84404	bus	NO_MATCH_BUT_OTHER_PLATFORM_MATCHED					721,751	Grütlohn, Grütering / Borken, Marienschule / Ramsdorf, Lünsberg / Borken, Jahnstr. / Ramsdorf, Ortsmitte		POINT(6.84404 51.858745)
638	Borken	Johannesschule	de:05554:63189:0:1	51.86168	6.84527		NO_MATCH_AND_SEEMS_UNSERVED								POINT(6.84527 51.86168)
639	Borken	Josef-Haydn-Straße	de:05554:30797:0:1	51.863511	6.847543	bus	MATCHED	n5519771477	8.3	1.0	Joseph-Haydn-Straße	853	Gemen, Weseker Landweg	Weseker Landweg	LINESTRING(6.847543 51.863511,6.847659500000001 51.863531)
640	Borken	Josef-Haydn-Straße	de:05554:30797:0:2	51.863611	6.847651	bus	MATCHED	n5519771476	14.1	1.0	Joseph-Haydn-Straße	853	Borken, Schulzentrum II	Schulzentrum II	LINESTRING(6.847651 51.863611,6.8474691000000005 51.863552500000004)
641	Borken	Josefskirche	de:05554:16618:0:1	51.84126	6.868016	bus	MATCHED	n1446911623	5.0	1.0	Josefskirche	713,B8,B9,R74	Borken, Martin-Luther-Kirche	Martin-Luther-Kirche	LINESTRING(6.868016 51.84126,6.868086600000001 51.841249000000005)
642	Borken	Josefskirche	de:05554:16618:0:2	51.840705	6.868914	bus	MATCHED	n1446911622	4.8	1.0	Josefskirche	713,B8,B9,R74	Heiden, Schmelting / Heiden, Hengstermann / Borken, Brüggemann	Brüggemann / Hengstermann	LINESTRING(6.868914 51.840705,6.8689204 51.8406621)
643	Borken	Kettelerstr. 	de:05554:60835:0:1	51.848935	6.847624	bus	MATCHED	n5345251435	5.8	1.0	Kettelerstraße	853,D76,R54,R76	Borken, Kreishaus	Kreishaus	LINESTRING(6.847624 51.848935,6.847580700000001 51.8489793)
644	Borken	Kettelerstr. 	de:05554:60835:0:2	51.849124	6.847022	bus	MATCHED	n5345251434	7.7	1.0	Kettelerstraße	753,853,D76,R54,R76	Borken, Jahnstr. / Borken, Wilbecke / Borken, Nordring	Nordring / Wilbecke / Jahnstraße	LINESTRING(6.847022 51.849124,6.846916500000001 51.8491481)
645	Borken	Kreishaus	de:05554:60836:0:1	51.850922	6.844408	bus	MATCHED	n5345251438	4.2	1.0	Kreishaus	853,D76,R54,R74,R76	Borken, Jodocus Nünning GE / Gemenwirthe, Alte Mühle / Borken, Neumühlenallee / Gemenwirthe, Alte Mühle / Weseke, Schlückersring	Alte Mühle / Schlückersring / Neumühlenallee	LINESTRING(6.844408 51.850922,6.844466300000001 51.850931700000004)
646	Borken	Kreishaus	de:05554:60836:0:2	51.851555	6.84333	bus	MATCHED	n5209036845	4.2	1.0	Kreishaus	753,853,D76,R54,R76	Borken, Kettelerstr.	Kettelerstraße	LINESTRING(6.84333 51.851555,6.8433906 51.8515559)
647	Borken	Landwehr	de:05554:30789:0:1	51.847909	6.895405		NO_MATCH_AND_SEEMS_UNSERVED								POINT(6.895405 51.847909)
648	Borken	Landwehr	de:05554:30789:0:2	51.847415	6.893034	bus	MATCHED	n2538514606	13.4	1.0	Landwehr	B8,B9	Borken (Westf), Dülmener Weg	Dülmener Weg	LINESTRING(6.893034 51.847415,6.8929251 51.847315)
649	Borken	Marienschule	de:05554:16440:0:1	51.848048	6.852403	bus	MATCHED	n7881444953	30.0	0.31	Marienschule	713,721,753,R51,R54,R74,R76	Borken, Gasth. Einhaus / Borken, Martin-Luther-Kirche / Borken, Kreishaus / Borken, Jodocus Nünning GE / Borken, Bahnhof / Borken, Kettelerstr.		LINESTRING(6.852403 51.848048,6.8528373 51.848061900000005)
650	Borken	Marienschule	de:05554:16440:0:2	51.848036	6.852349	bus	MATCHED	n3167561470	23.6	0.36	Marienschule	721,R51,R76	Borken, Wilbecke / Weseke, Ev. Kirche / Borken, Bahnhof / Borken, Friedhof		LINESTRING(6.852349 51.848036,6.8520094 51.8480063)
651	Borken	Martin-Luther-Kirche	de:05554:16619:0:1	51.845067	6.863704	bus	MATCHED	n1446911628	9.2	1.0	Martin-Luther-Kirche	713,B8,B9,R74	Borken, Bahnhof / Borken, Bahnhof / Borken, Bahnhof	Bahnhof	LINESTRING(6.863704 51.845067,6.8637372 51.844986500000005)
652	Borken	Martin-Luther-Kirche	de:05554:16619:0:2	51.844979	6.863551	bus	MATCHED	n1446911627	6.9	1.0	Martin-Luther-Kirche	713,B8,B9,R74	Borken, Josefskirche / Borken (Westf), Markt	Markt / Josefskirche	LINESTRING(6.863551 51.844979,6.8634972 51.8449265)
653	Borken	Martin-Luther-Kirche	de:05554:16619:0:3	51.845018	6.863596		NO_MATCH_AND_SEEMS_UNSERVED								POINT(6.863596 51.845018)
654	Borken	Meisterstraße	de:05554:36714:0:1	51.835193	6.853391	bus	MATCHED	n5521613902	8.4	1.0	Meisterstraße	B8	Borken, Faktoreistraße	Faktoreistraße	LINESTRING(6.853391 51.835193,6.853467800000001 51.8352513)
655	Borken	Neumühlenallee	de:05554:30794:0:1	51.858185	6.84306	bus	MATCHED	n1447653215	32.3	1.0	Neumühlenallee	853	Borken, Wagnerstraße	Wagnerstraße	LINESTRING(6.84306 51.858185,6.8435142 51.8581146)
656	Borken	Neumühlenallee	de:05554:30794:0:2	51.858191	6.843294	bus	MATCHED	n1447653217	6.6	1.0	Neumühlenallee	853	Borken, Kreishaus	Kreishaus	LINESTRING(6.843294 51.858191,6.8433874 51.8582058)
657	Borken	Neumühlenallee	de:05554:30794:0:3	51.858157	6.842944		NO_MATCH_AND_SEEMS_UNSERVED								POINT(6.842944 51.858157)
658	Borken	Nina-Winkel-Straße	de:05554:36836:0:1	51.837103	6.835559	bus	MATCHED_THOUGH_DISTANT	n5521643135	283.4	1.0	Nina-Winkel-Straße	B8	Borken, Hovesath II	Christa-Wolf-Straße	LINESTRING(6.835559 51.837103,6.8355641 51.834556000000006)
659	Borken	Nordring	de:05554:31528:0:1	51.847304	6.847426	bus	MATCHED	n3143809155	3.7	1.0	Nordring	853,N51,S75	Borken, Bahnhof / Rhedebrügge, Ortsmitte / Borken, Kettelerstr.	Ortsmitte / Steingrube	LINESTRING(6.847426 51.847304,6.847465100000001 51.847280600000005)
660	Borken	Nordring	de:05554:31528:0:2	51.847276	6.847678	bus	MATCHED	n3143809156	3.6	1.0	Nordring	853,N51,S75	Rhedebrügge, Ortsmitte / Borken, Steingrube/Finanzamt / Borken, Bahnhof	Bahnhof / Kettelerstraße	LINESTRING(6.847678 51.847276,6.847727300000001 51.8472875)
661	Borken	Otto-Hahn-Straße	de:05554:36717:0:1	51.857547	6.877583	bus	NO_MATCH					853	Gemen, RotKreuz-Zentrum		POINT(6.877583 51.857547)
662	Borken	Otto-Hahn-Straße	de:05554:36717:0:2	51.857469	6.877322		NO_MATCH_AND_SEEMS_UNSERVED								POINT(6.877322 51.857469)
663	Borken	Parkstraße	de:05554:30638:0:1	51.837142	6.857622	bus	MATCHED	n5519723225	63.8	1.0	Parkstraße	721,724,853,B9,R21,R74	Borken, St. Marien Hospital / Borken, St. Marien Hospital / Borken, Jahnstr. / Borken, Friedhof	Friedhof / St. Marien Hospital	LINESTRING(6.857622 51.837142,6.857971200000001 51.8376735)
664	Borken	Parkstraße	de:05554:30638:0:2	51.837147	6.857631	bus	MATCHED	n5519723224	60.0	1.0	Parkstraße	721,724,B8,R21,R74	Borken, Gildenstr. / Borken, Meisterstraße / Borken, Marienschule / Grütlohn, Grütering / Borken, Bahnhof / Marbeck, Döringbach	Meisterstraße / Gildenstraße	LINESTRING(6.857631 51.837147,6.857354300000001 51.836636000000006)
665	Borken	Rathaus	de:05554:36713:0:1	51.846055	6.856589		NO_MATCH_AND_SEEMS_UNSERVED								POINT(6.856589 51.846055)
666	Borken	Rathaus	de:05554:36713:0:2	51.845989	6.856329		NO_MATCH_AND_SEEMS_UNSERVED								POINT(6.856329 51.845989)
667	Borken	Remigiusschule	de:05554:30734:0:1	51.838102	6.854173	bus	NO_MATCH_BUT_OTHER_PLATFORM_MATCHED					853	Borken, An der Nathe		POINT(6.854173 51.838102)
668	Borken	Remigiusschule	de:05554:30734:0:2	51.837941	6.854101	bus	MATCHED_AMBIGUOUSLY	n12305017683	172.8	1.0	Remigiusschule	721,726,853,R54	Borken, Parkstraße / Borken, Gildenstr. / Borken, Aquarius	Aquarius	LINESTRING(6.854101 51.837941,6.851614700000001 51.83773720000001)
669	Borken	Remigiusschule	de:05554:30734:0:2	51.837941	6.854101	bus	MATCHED_AMBIGUOUSLY	n5519744638	12.5	1.0	Remigiusschule	721,726,853,R54	Borken, Parkstraße / Borken, Gildenstr. / Borken, Aquarius		LINESTRING(6.854101 51.837941,6.854035100000001 51.8380456)
670	Borken	Remigiusschule	de:05554:30734:0:3	51.837941	6.854101	bus	MATCHED	n12305017682	176.1	1.0	Remigiusschule	721,726	Borken, Friedhof	An der Nathe	LINESTRING(6.854101 51.837941,6.8515487 51.8378584)
671	Borken	Schulzentrum I	de:05554:16622:0:1	51.839351	6.869228	bus	MATCHED	n1446911632	63.6	1.0	Schulzentrum I	721,751,R54,R74	Grütlohn, Grütering / Borken, Parkstraße / Ramsdorf, Lünsberg / Borken, Marienschule / Borken, Bahnhof / Borken, Wilbecke / Borken, Parkstraße		LINESTRING(6.869228 51.839351,6.870063600000001 51.83959290000001)
672	Borken	Schulzentrum II	de:05554:30796:0:1	51.860848	6.846869	bus	MATCHED	n5519771480	149.4	1.0	Schulzentrum II	853	Borken, Josef-Haydn-Straße	Joseph-Haydn-Straße / Wagnerstraße	LINESTRING(6.846869 51.860848,6.8451637000000005 51.8616783)
673	Borken	Schulzentrum II	de:05554:30796:0:2	51.861026	6.846743	bus	NO_MATCH_BUT_OTHER_PLATFORM_MATCHED					853	Borken, Wagnerstraße		POINT(6.846743 51.861026)
674	Borken	St. Marien Hospital	de:05554:36722:0:1	51.841416	6.860254	bus	MATCHED	n5519723228	12.2	1.0	St. Marien Hospital	853,B8,B9	Borken, Parkstraße / Borken, Aquarius / Borken (Westf), Markt		LINESTRING(6.860254 51.841416,6.8601529 51.841506200000005)
675	Borken	St. Marien Hospital	de:05554:36722:0:2	51.841416	6.860254	bus	MATCHED	n12304618775	6.6	1.0	St. Marien Hospital	B8,B9	Borken (Westf), Markt	Parkstraße / Markt / Aquarius	LINESTRING(6.860254 51.841416,6.8602892 51.841470900000004)
676	Borken	Steingrube/Finanzamt	de:05554:30621:0:1	51.843186	6.847525	bus	MATCHED	n5361948958	10.1	1.0	Steingrube/Finanzamt	726,751,853,R51,R54	Borken, Nordring / Borken, Sägewerk / Borken, Jeanette-Wolf-Str.	Sägewerk	LINESTRING(6.847525 51.843186,6.847379200000001 51.843192)
677	Borken	Steingrube/Finanzamt	de:05554:30621:0:2	51.84287	6.846627	bus	MATCHED	n5361948959	3.8	1.0	Steingrube/Finanzamt	721,726,853,R51,R54	Borken, Gasth. Einhaus / Borken, Bahnhof / Borken, An der Nathe / Grütlohn, Grütering	Gasthaus Einhaus	LINESTRING(6.846627 51.84287,6.8466309 51.8428358)
678	Borken	Sägewerk	de:05554:30622:0:1	51.840794	6.84068	bus	MATCHED	n5361948961	13.4	1.0	Sägewerk	726,751,R51	Borken, Jeanette-Wolf-Str.	Jeanette-Wolff-Straße	LINESTRING(6.84068 51.840794,6.8408199000000005 51.8408778)
679	Borken	Sägewerk	de:05554:30622:0:2	51.841066	6.841542	bus	MATCHED	n5361948962	17.9	1.0	Sägewerk	726,R51	Borken, Steingrube/Finanzamt	Steingrube/Finanzamt	LINESTRING(6.841542 51.841066,6.841383100000001 51.8409391)
680	Borken	Wagnerstraße	de:05554:30795:0:1	51.859128	6.847983	bus	MATCHED	n1447653221	15.2	1.0	Wagnerstraße	853	Borken, Schulzentrum II	Schulzentrum II	LINESTRING(6.847983 51.859128,6.8479421 51.8592622)
681	Borken	Wagnerstraße	de:05554:30795:0:2	51.859333	6.847866	bus	MATCHED	n1447653220	8.4	1.0	Wagnerstraße	853	Borken, Neumühlenallee	Neumühlenallee	LINESTRING(6.847866 51.859333,6.8477703000000005 51.859380300000005)
682	Borken	Waldfriedhof	de:05554:35279:0:2	51.845922	6.88706	bus	MATCHED	n705612489	77.7	1.0	Waldfriedhof	B8,B9	Borken, Landwehr	Landwehr	LINESTRING(6.88706 51.845922,6.886038 51.845627400000005)
683	Borken	Wilbecke	de:05554:60832:0:1	51.844873	6.857622	bus	MATCHED	n5345251431	7.9	0.72	Wilbecke	724,751,753,D76,R21,R51,R54,R74,R76	Borken, Jahnstr. / Borken, Gasth. Einhaus / Borken, Marienschule / Borken, Kettelerstr. / Borken, Friedhof	Jahnstraße / Kettelerstraße / Friedhof / Gasthaus Einhaus	LINESTRING(6.857622 51.844873,6.8577368000000005 51.8448664)
684	Borken	Wilbecke	de:05554:60832:0:2	51.844879	6.857937	bus	MATCHED	n1841131030	15.4	0.6	Wilbecke	721,724,751,753,D76,R21,R51,R54,R74,R76	Gemen, Bodelschwinghhaus / Borken, Bahnhof / Borken, Bahnhof / Borken, Schulzentrum I / Borken, Bahnhof / Borken, Bahnhof / Borken, Bahnhof	Bahnhof	LINESTRING(6.857937 51.844879,6.8578064 51.8447662)
685	Borken	Zwei-Linden-Weg	de:05554:30750:0:1	51.837725	6.844552		NO_MATCH_AND_SEEMS_UNSERVED								POINT(6.844552 51.837725)
686	Borken	Zwei-Linden-Weg	de:05554:30750:0:2	51.837752	6.844623		NO_MATCH_AND_SEEMS_UNSERVED								POINT(6.844623 51.837752)
687	Borken (Westf)	Am Fliegerberg	de:05554:37232:0:1	51.851061	6.890878	bus	MATCHED	n10678061036	22.2	1.0	Am Fliegerberg	B8,B9	Borken (Westf), Fliederbusch	Fliederbusch	LINESTRING(6.890878 51.851061,6.8905903 51.8509703)
688	Borken (Westf)	Dülmener Weg	de:05554:37233:0:1	51.848442	6.895432	bus	MATCHED	n10678061038	41.7	1.0	Dülmener Weg	B8,B9	Borken (Westf), Am Fliegerberg	Am Fliegerberg	LINESTRING(6.895432 51.848442,6.8952382000000005 51.8487975)
689	Borken (Westf)	EKZ Hovesath	de:05554:37027:0:1	51.83586	6.831679	bus	MATCHED	n5521643136	6.7	1.0	EKZ Hovesath	B8	Borken, Nina-Winkel-Straße	Nina-Winkel-Straße	LINESTRING(6.831679 51.83586,6.831733900000001 51.8358107)
690	Borken (Westf)	EKZ Hovesath	de:05554:37027:0:2	51.835843	6.831697		NO_MATCH_AND_SEEMS_UNSERVED								POINT(6.831697 51.835843)
691	Borken (Westf)	Fliederbusch	de:05554:37026:0:1	51.848358	6.87964		NO_MATCH_AND_SEEMS_UNSERVED								POINT(6.87964 51.848358)
692	Borken (Westf)	Fliederbusch	de:05554:37026:0:2	51.848358	6.87964	bus	MATCHED	n5520270171	9.0	1.0	Fliederbusch	B8,B9	Borken, Fedor-Sommer-Straße	Fedor-Sommer-Straße	LINESTRING(6.87964 51.848358,6.8795697 51.848289900000005)
693	Borken (Westf)	H. -Böckler-Str	de:05554:37028:0:1	51.838452	6.847732	bus	MATCHED	n5521656629	22.5	1.0	Hans-Böckler-Straße	B8	Borken (Westf), Windthorststr.	Windthorststraße	LINESTRING(6.847732 51.838452,6.8478117 51.838255700000005)
694	Borken (Westf)	H. -Böckler-Str	de:05554:37028:0:2	51.838452	6.847732		NO_MATCH_AND_SEEMS_UNSERVED								POINT(6.847732 51.838452)
695	Borken (Westf)	Markt	de:05554:37024:0:1	51.843902	6.860182	bus	MATCHED	n5519723230	27.8	1.0	Markt	853,B8,B9	Borken, Martin-Luther-Kirche / Borken, St. Marien Hospital	Bahnhof / Martin-Luther-Kirche / St. Marien Hospital	LINESTRING(6.860182 51.843902,6.859779100000001 51.8439071)
696	Borken (Westf)	Markt	de:05554:37024:0:2	51.843902	6.860182	bus	NO_MATCH_BUT_OTHER_PLATFORM_MATCHED					853	Borken, Bahnhof		POINT(6.860182 51.843902)
697	Borken (Westf)	Windthorststr. 	de:05554:37029:0:1	51.839906	6.852035	bus	MATCHED	n5521656627	8.4	1.0	Windthorststraße	B8	Borken, Friedhof	Friedhof	LINESTRING(6.852035 51.839906,6.8520409 51.839830500000005)
698	Borken (Westf)	Windthorststr. 	de:05554:37029:0:2	51.839906	6.852035		NO_MATCH_AND_SEEMS_UNSERVED								POINT(6.852035 51.839906)
699	Borkenwirthe	Alferding	de:05554:30712:0:1	51.880849	6.828059	bus	NO_MATCH					R54	Borkenwirthe, Niessing		POINT(6.828059 51.880849)
700	Borkenwirthe	Alferding	de:05554:30712:0:2	51.88076	6.828094	bus	NO_MATCH					R54	Gemenwirthe, DRK-Bildungshaus		POINT(6.828094 51.88076)
701	Borkenwirthe	Becker-Hardt	de:05554:30812:0:1	51.87827	6.804792		NO_MATCH_AND_SEEMS_UNSERVED								POINT(6.804792 51.87827)
702	Borkenwirthe	Becker-Schw. 	de:05554:30707:0:1	51.870789	6.796905	bus	MATCHED	n574953026	66.2	1.0	Becker-Schwitte	R54	Borkenwirthe, Raeder	Raeder	LINESTRING(6.796905 51.870789,6.796875900000001 51.871383900000005)
703	Borkenwirthe	Becker-Schw. 	de:05554:30707:0:2	51.870689	6.796941	bus	MATCHED	n574953022	34.8	1.0	Becker-Schwitte	R54	Borkenwirthe, Epskamp	Epskamp	LINESTRING(6.796941 51.870689,6.796900300000001 51.8703772)
704	Borkenwirthe	Burdarper Heide	de:05554:31530:0:1	51.888501	6.761754		NO_MATCH_AND_SEEMS_UNSERVED								POINT(6.761754 51.888501)
705	Borkenwirthe	Bösweg	de:05554:30710:0:1	51.894144	6.790868	bus	MATCHED	n574252207	18.4	1.0	Bösweg	R54	Burlo, Melis	Melis	LINESTRING(6.790868 51.894144,6.7909563 51.894299800000006)
706	Borkenwirthe	Bösweg	de:05554:30710:0:2	51.894228	6.790877	bus	MATCHED	n574252208	40.7	1.0	Bösweg	R54	Borkenwirthe, G. Wolbring	Wolbring	LINESTRING(6.790877 51.894228,6.790818000000001 51.893864400000005)
707	Borkenwirthe	Deelmann	de:05554:30817:0:1	51.876762	6.766551		MATCHED	n539834231	19.1	0.24	Deefmann				LINESTRING(6.766551 51.876762,6.7662754000000005 51.876743600000005)
708	Borkenwirthe	Dillage	de:05554:30814:0:1	51.863849	6.794497		NO_MATCH_AND_SEEMS_UNSERVED								POINT(6.794497 51.863849)
709	Borkenwirthe	Epskamp	de:05554:30706:0:1	51.866479	6.811305	bus	MATCHED	n574469008	30.4	1.0	Epskamp	R54	Borkenwirthe, Becker-Schw.	Becker-Schwitte	LINESTRING(6.811305 51.866479,6.8108675000000005 51.866513100000006)
710	Borkenwirthe	Epskamp	de:05554:30706:0:2	51.866501	6.811287	bus	MATCHED	n574469120	24.3	1.0	Epskamp	R54	Gemenwirthe, DRK-Bildungshaus	DRK-Bildungshaus	LINESTRING(6.811287 51.866501,6.811630200000001 51.866452300000006)
711	Borkenwirthe	Fasselt-Wans	de:05554:30816:0:1	51.873761	6.776136		MATCHED	n1455682594	9.0	0.34	Fasselt Wansing				LINESTRING(6.776136 51.873761,6.776030700000001 51.8737128)
712	Borkenwirthe	G. Wolbring	de:05554:30709:0:1	51.884403	6.793231	bus	MATCHED	n1455682603	37.9	1.0	Wolbring	R54	Borkenwirthe, Bösweg	Bösweg	LINESTRING(6.793231 51.884403,6.793203500000001 51.8847436)
713	Borkenwirthe	G. Wolbring	de:05554:30709:0:2	51.88432	6.79324	bus	MATCHED	n1455682602	74.2	1.0	Wolbring	R54	Borkenwirthe, Raeder	Raeder	LINESTRING(6.79324 51.88432,6.793377400000001 51.883658200000006)
714	Borkenwirthe	Hl. -Kreuz-Kirche	de:05554:30811:0:1	51.884381	6.808619		MATCHED	n540356124	1.6	0.64	HL. Kreuz Kirche				LINESTRING(6.808619 51.884381,6.808641700000001 51.8843784)
715	Borkenwirthe	Hundewick	de:05554:30818:0:1	51.881076	6.758197		NO_MATCH_AND_SEEMS_UNSERVED								POINT(6.758197 51.881076)
716	Borkenwirthe	Jüttermann	de:05554:30714:0:1	51.897415	6.803633	bus	NO_MATCH_BUT_OTHER_PLATFORM_MATCHED					R54	Burlo, Lagerstraße		POINT(6.803633 51.897415)
717	Borkenwirthe	Jüttermann	de:05554:30714:0:2	51.897371	6.803759	bus	MATCHED	n519333856	9.7	0.55	Jüttermann	R54	Borkenwirthe, Niessing		LINESTRING(6.803759 51.897371,6.803675200000001 51.8973006)
718	Borkenwirthe	Klüppel	de:05554:30815:0:1	51.865636	6.79112		MATCHED	n574254520	17.8	0.35	Klüppel				LINESTRING(6.79112 51.865636,6.7910864 51.865794900000004)
719	Borkenwirthe	Lange Dieksken	de:05554:36724:0:1	51.894189	6.78361		NO_MATCH_AND_SEEMS_UNSERVED								POINT(6.78361 51.894189)
720	Borkenwirthe	Niessing	de:05554:30713:0:1	51.88992	6.818761	bus	MATCHED	n574469256	46.6	1.0	Niessling	R54	Borkenwirthe, Jüttermann		LINESTRING(6.818761 51.88992,6.818695000000001 51.8903369)
721	Borkenwirthe	Niessing	de:05554:30713:0:2	51.889837	6.818779	bus	MATCHED	n574469260	16.1	1.0	Niessling	R54	Borkenwirthe, Alferding		LINESTRING(6.818779 51.889837,6.8185916 51.8899235)
722	Borkenwirthe	Raeder	de:05554:30708:0:1	51.87984	6.794875	bus	MATCHED	n5535226070	51.0	1.0	Raeder	R54	Borkenwirthe, G. Wolbring	Wolbring	LINESTRING(6.794875 51.87984,6.794826700000001 51.8802977)
723	Borkenwirthe	Raeder	de:05554:30708:0:2	51.879956	6.794848	bus	MATCHED	n5535226069	10.7	1.0	Raeder	R54	Borkenwirthe, Becker-Schw.	Becker-Schwitte	LINESTRING(6.794848 51.879956,6.7947435 51.879885400000006)
724	Borkenwirthe	Steverding	de:05554:30819:0:1	51.888052	6.764233		MATCHED	n540356048	8.5	0.52	Steverding				LINESTRING(6.764233 51.888052,6.7641334 51.8880965)
725	Borkenwirthe	Wansingsweg	de:05554:36750:0:1	51.873151	6.783017		NO_MATCH_AND_SEEMS_UNSERVED								POINT(6.783017 51.873151)
726	Brink	Dünne	de:05554:21261:0:1	52.128432	6.965366	bus	MATCHED_THOUGH_OSM_NO_NAME	n3312781919	9.3	0.21		828	Brink, Hüls		LINESTRING(6.965366 52.128432,6.9652327000000005 52.1284496)
727	Brink	Dünne	de:05554:21261:0:2	52.128432	6.965366	bus	MATCHED_THOUGH_OSM_NO_NAME	n3312781920	10.4	0.2		828	Brink, Vennbach		LINESTRING(6.965366 52.128432,6.9653241 52.1285217)
728	Brink	Ehler	de:05554:63192:0:1	52.125834	6.969355		NO_MATCH_AND_SEEMS_UNSERVED								POINT(6.969355 52.125834)
729	Brink	Ehler	de:05554:63192:0:2	52.125846	6.969364		NO_MATCH_AND_SEEMS_UNSERVED								POINT(6.969364 52.125846)
730	Brink	Elfering	de:05554:21262:0:1	52.129524	6.975158	bus	NO_MATCH					829	Götte, Vennekötter		POINT(6.975158 52.129524)
731	Brink	Hüls	de:05554:21263:0:1	52.123562	6.973379	bus	MATCHED	n3312781922	8.7	0.57	Hüls	828	Brink, Sudhues		LINESTRING(6.973379 52.123562,6.9733919 52.1234844)
732	Brink	Hüls	de:05554:21263:0:2	52.123562	6.973379	bus	MATCHED	n3312781923	13.1	0.48	Hüls	828	Brink, Dünne		LINESTRING(6.973379 52.123562,6.973321100000001 52.1236746)
733	Brink	Hünteler	de:05554:21264:0:1	52.141709	6.969876	bus	NO_MATCH					829	Brink, Elfering		POINT(6.969876 52.141709)
734	Brink	Sudhues	de:05554:21265:0:1	52.122945	6.980027	bus	MATCHED	n1496956030	8.6	0.57	Sudhues	828	Graes, Kirche		LINESTRING(6.980027 52.122945,6.980027000000001 52.123022500000005)
735	Brink	Sudhues	de:05554:21265:0:2	52.122945	6.980027	bus	NO_MATCH_BUT_OTHER_PLATFORM_MATCHED					828	Brink, Hüls		POINT(6.980027 52.122945)
736	Brink	Vennbach	de:05554:21266:0:1	52.131774	6.960039	bus	MATCHED_THOUGH_OSM_NO_NAME	n3312781921	53.1	0.08		828	Brink, Dünne		LINESTRING(6.960039 52.131774,6.9601338 52.132247400000004)
737	Brink	Vennbach	de:05554:21266:0:2	52.131774	6.960039	bus	NO_MATCH_BUT_OTHER_PLATFORM_MATCHED					828			POINT(6.960039 52.131774)
738	Brinkerhook	Feldjann	de:05554:63193:0:1	52.139642	6.916058		NO_MATCH_AND_SEEMS_UNSERVED								POINT(6.916058 52.139642)
739	Brinkerhook	Feldjann	de:05554:63193:0:2	52.139642	6.916066		NO_MATCH_AND_SEEMS_UNSERVED								POINT(6.916066 52.139642)
740	Brinkerhook	Trafo Brink	de:05554:21267:0:1	52.139493	6.906221	bus	MATCHED	n2545843162	1.7	0.83	Trafo Brink	821	Alstätte, Markt / Alstätte, Katharinenschule		LINESTRING(6.906221 52.139493,6.9062181 52.1395083)
741	Brinkerhook	Trafo Brink	de:05554:21267:0:2	52.139493	6.906221	bus	NO_MATCH_BUT_OTHER_PLATFORM_MATCHED					821	Gerwinghook, Bessler		POINT(6.906221 52.139493)
742	Burlo	Feuerwehrgerätehaus	de:05554:30810:0:1	51.905413	6.788353		NO_MATCH_AND_SEEMS_UNSERVED								POINT(6.788353 51.905413)
743	Burlo	Kloster	de:05554:25319:0:1	51.905053	6.778085	bus	MATCHED	n1455682593	3.9	1.0	Kloster	731,BBS,R54,X80	Burlo, Melis / Oeding, Woorteweg / Oeding, Bahnübergang / Burlo, Steverding / Oeding, Pfarrer-Becker-Straße / Vardingholt, Kirche / Burlo, Melis / Vardingholt, Siedlung	Barloer Straße / Kirche / Woorteweg / Melis / Bahnübergang / Ottensteiner Straße	LINESTRING(6.778085 51.905053,6.7780404 51.905031300000005)
744	Burlo	Kloster	de:05554:25319:0:2	51.904987	6.778184		NO_MATCH_AND_SEEMS_UNSERVED								POINT(6.778184 51.904987)
745	Burlo	Kloster	de:05554:25319:0:5	51.904914	6.778274		NO_MATCH_AND_SEEMS_UNSERVED								POINT(6.778274 51.904914)
746	Burlo	Kloster	de:05554:25319:0:6	51.904975	6.778346		NO_MATCH_AND_SEEMS_UNSERVED								POINT(6.778346 51.904975)
747	Burlo	Lagerstraße	de:05554:30715:0:1	51.903296	6.791928	bus	NO_MATCH					R54	Burlo, Melis		POINT(6.791928 51.903296)
748	Burlo	Lagerstraße	de:05554:30715:0:2	51.903329	6.792162	bus	NO_MATCH					R54	Borkenwirthe, Jüttermann		POINT(6.792162 51.903329)
749	Burlo	Melis	de:05554:29998:0:1	51.90364	6.787697	bus	MATCHED	n1709676287	7.3	1.0	Melis	731,R54	Burlo, Kloster / Burlo, Vennweg / Oeding, Bahnübergang	Vennweg / Kloster	LINESTRING(6.787697 51.90364,6.787765800000001 51.903690100000006)
750	Burlo	Melis	de:05554:29998:0:2	51.90359	6.787886	bus	MATCHED	n1709676278	2.5	1.0	Melis	R54	Borkenwirthe, Bösweg / Burlo, Lagerstraße	Bösweg	LINESTRING(6.787886 51.90359,6.7878819 51.9035676)
751	Burlo	Melis	de:05554:29998:0:3	51.903618	6.787814		NO_MATCH_AND_SEEMS_UNSERVED								POINT(6.787814 51.903618)
752	Burlo	Rosengarten	de:05554:30711:0:1	51.901495	6.791955		NO_MATCH_AND_SEEMS_UNSERVED								POINT(6.791955 51.901495)
753	Burlo	Rosengarten	de:05554:30711:0:2	51.901439	6.791901		NO_MATCH_AND_SEEMS_UNSERVED								POINT(6.791901 51.901439)
754	Burlo	Steverding	de:05554:30694:0:1	51.890863	6.765671	bus	NO_MATCH					731	Burlo, Kloster		POINT(6.765671 51.890863)
755	Burlo	Steverding	de:05554:30694:0:2	51.890979	6.765859	bus	NO_MATCH					731	Vardingholt, Rademacher		POINT(6.765859 51.890979)
756	Burlo	Vennweg	de:05554:31098:0:1	51.905236	6.777025	bus	MATCHED	n1455682601	7.4	1.0	Vennweg	721,R54	Borken, Jeanette-Wolf-Str. / Burlo, Kloster	Kloster	LINESTRING(6.777025 51.905236,6.7770533 51.9052999)
757	Burlo	Vornholt	de:05554:30820:0:1	51.892332	6.768931		MATCHED	n540304227	10.0	0.48	Vornholt				LINESTRING(6.768931 51.892332,6.768827000000001 51.8922691)
758	Büngern	Abzw. Rhede	de:05554:36803:0:1	51.815311	6.659912	bus	MATCHED_THOUGH_DISTANT	n10677776433	228.2	1.0	Abzweig Rhede	752	Bocholt, Haltermann		LINESTRING(6.659912 51.815311,6.6631939000000004 51.815578)
759	Büngern	Abzw. Rhede	de:05554:36803:0:2	51.815289	6.659777	bus	MATCHED_THOUGH_DISTANT	n10677776432	226.4	1.0	Abzweig Rhede	752	Büngern, Büngern Technik		LINESTRING(6.659777 51.815289,6.663047700000001 51.81546650000001)
760	Büngern	Büngern Technik	de:05554:35360:0:1	51.811329	6.674447	bus	MATCHED	n3137380208	107.6	1.0	Büngern Technik	752	Büngern, Abzw. Rhede		LINESTRING(6.674447 51.811329,6.6729019 51.811194900000004)
761	Büngern	Büngern Technik	de:05554:35360:0:2	51.811285	6.674348	bus	MATCHED	n5568744748	86.7	1.0	Büngern Technik	752	Büngern, Büngerner Allee		LINESTRING(6.674348 51.811285,6.673124100000001 51.8111064)
762	Büngern	Büngerner Allee	de:05554:36805:0:1	51.815639	6.684481	bus	NO_MATCH					752	Büngern, Büngern Technik		POINT(6.684481 51.815639)
763	Büngern	Büngerner Allee	de:05554:36805:0:2	51.815639	6.68422	bus	NO_MATCH					752	Krechting, Proatecke		POINT(6.68422 51.815639)
764	Büngern	Büngerner Heide	de:05554:35359:0:1	51.812657	6.681921		MATCHED	n3137380207	6.1	1.0	Büngerner Heide				LINESTRING(6.681921 51.812657,6.681962100000001 51.812705900000005)
765	Büngern	Schierenberg	de:05554:36804:0:1	51.811174	6.673324		NO_MATCH_AND_SEEMS_UNSERVED								POINT(6.673324 51.811174)
766	Büngern	Schierenberg	de:05554:36804:0:2	51.811196	6.673467		NO_MATCH_AND_SEEMS_UNSERVED								POINT(6.673467 51.811196)
767	Büren	Bürener Esch	de:05554:30861:0:1	51.992215	7.034096	bus	NO_MATCH					776	Almsick, Liesner		POINT(7.034096 51.992215)
768	Büren	Bürener Esch	de:05554:30861:0:2	51.992149	7.033952	bus	NO_MATCH					776	Büren, Schule		POINT(7.033952 51.992149)
769	Büren	Ening	de:05554:36550	51.967228	7.050625		NO_MATCH_AND_SEEMS_UNSERVED								POINT(7.050625 51.967228)
770	Büren	Kersting	de:05554:36134	51.976127	7.006581		NO_MATCH_AND_SEEMS_UNSERVED								POINT(7.006581 51.976127)
771	Büren	Schenk	de:05554:36551	51.964881	7.02081		NO_MATCH_AND_SEEMS_UNSERVED								POINT(7.02081 51.964881)
772	Büren	Schule	de:05554:30862:0:1	51.980415	7.025284	bus	NO_MATCH					776	Büren, Bürener Esch		POINT(7.025284 51.980415)
773	Büren	Schule	de:05554:30862:0:2	51.980553	7.025418	bus	NO_MATCH					776	Harwick, Gasth.  Bönning		POINT(7.025418 51.980553)
774	Büren	Völker	de:05554:30860:0:1	52.007037	7.035219		NO_MATCH_AND_SEEMS_UNSERVED								POINT(7.035219 52.007037)
775	Büren	Völker	de:05554:30860:0:2	52.007159	7.035084		NO_MATCH_AND_SEEMS_UNSERVED								POINT(7.035084 52.007159)
776	Büren (Stadtlohn)	Kirche	de:05554:16987:0:1	52.00112	7.016929	bus	MATCHED	n1409380533	13.5	0.48	Büren Kirche	862	Estern (Stadtlohn), Rotherm		LINESTRING(7.016929 52.00112,7.0167488 52.00107250000001)
777	Büren (Stadtlohn)	Kirche	de:05554:16987:0:2	52.00112	7.016929	bus	NO_MATCH_BUT_OTHER_PLATFORM_MATCHED					862	Almsick, Völker		POINT(7.016929 52.00112)
778	Büren (Stadtlohn)	Volmer	de:05554:68541:0:1	51.999207	7.040896	bus	NO_MATCH					862	Almsick, Völker		POINT(7.040896 51.999207)
779	Callenbeck	Große Voß	de:05554:11985	52.14139	7.118529		MATCHED	n2901711853	27.9	0.26	Große Voß				LINESTRING(7.118529 52.14139,7.1181948 52.141246200000005)
780	Callenbeck	Helling	de:05554:63103:0:1	52.13694	7.120703	bus	NO_MATCH					811,SV01	Callenbeck, Kockskotten		POINT(7.120703 52.13694)
781	Callenbeck	Helling	de:05554:63103:0:2	52.13694	7.120703		NO_MATCH_AND_SEEMS_UNSERVED								POINT(7.120703 52.13694)
782	Callenbeck	Kockskotten	de:05554:12953:0:1	52.143986	7.123667	bus	MATCHED	n663855779	129.1	0.11	Kockskotten	811,SV01	Wext, Speckstr. / Wext, Wilpers		LINESTRING(7.123667 52.143986,7.1225626 52.1430452)
783	Callenbeck	Zum Herzberg	de:05554:12954:0:1	52.139802	7.12302	bus	NO_MATCH					811,SV01	Callenbeck, Helling		POINT(7.12302 52.139802)
784	Callenbeck	Zum Herzberg	de:05554:12954:0:2	52.138865	7.120272	bus	NO_MATCH					811,SV01	Callenbeck, Zum Herzberg		POINT(7.120272 52.138865)
785	Crosewick	Abzw. Ammeloe	de:05554:31200:0:1	52.079777	6.75896	bus	MATCHED	n10695286403	6.8	1.0	Abzweig Ammeloe	B2	Crosewick, Grotholt	Grotholt	LINESTRING(6.75896 52.079777,6.7590298 52.079820000000005)
786	Crosewick	Abzw. Ammeloe	de:05554:31200:0:2	52.079777	6.758951	bus	NO_MATCH_BUT_OTHER_PLATFORM_MATCHED					B2	Crosewick, Zollhäuser		POINT(6.758951 52.079777)
787	Crosewick	Bußjann	de:05554:30950:0:1	52.091264	6.754702	bus	MATCHED	n10695286401	14.8	1.0	Bußjann	B2	Oldenkott, Kirche	Kirche	LINESTRING(6.754702 52.091264,6.754523600000001 52.091339500000004)
788	Crosewick	Bußjann	de:05554:30950:0:2	52.091396	6.754433	bus	NO_MATCH_BUT_OTHER_PLATFORM_MATCHED					B2	Crosewick, Grotholt		POINT(6.754433 52.091396)
789	Crosewick	Grotholt	de:05554:30949:0:1	52.084375	6.76002	bus	MATCHED	n10695286402	19.0	1.0	Grotholt	B2	Crosewick, Bußjann	Bußjann	LINESTRING(6.76002 52.084375,6.760111800000001 52.084536400000005)
790	Crosewick	Grotholt	de:05554:30949:0:2	52.084508	6.760119	bus	NO_MATCH_BUT_OTHER_PLATFORM_MATCHED					B2	Crosewick, Abzw. Ammeloe		POINT(6.760119 52.084508)
791	Crosewick	Heufekes	de:05554:36632:0:1	52.070103	6.764673		NO_MATCH_AND_SEEMS_UNSERVED								POINT(6.764673 52.070103)
792	Crosewick	Heufekes	de:05554:36632:0:2	52.070319	6.764548		NO_MATCH_AND_SEEMS_UNSERVED								POINT(6.764548 52.070319)
793	Crosewick	Kotz-Nienhaus	de:05554:30948	52.080185	6.767701		NO_MATCH_AND_SEEMS_UNSERVED								POINT(6.767701 52.080185)
794	Crosewick	Postdiek	de:05554:31371:0:1	52.067199	6.765069	bus	MATCHED	n10695286404	4.5	1.0	Postdiek	B2,B3	Crosewick, Zollhäuser	Zollhäuser	LINESTRING(6.765069 52.067199,6.765114700000001 52.067228500000006)
795	Crosewick	Postdiek	de:05554:31371:0:2	52.06716	6.765185	bus	NO_MATCH_BUT_OTHER_PLATFORM_MATCHED					B2,B3	Ellewick, Ort / Ellewick, Ort		POINT(6.765185 52.06716)
796	Crosewick	Schemming	de:05554:30839	52.061069	6.796591		NO_MATCH_AND_SEEMS_UNSERVED								POINT(6.796591 52.061069)
797	Crosewick	Zollhäuser	de:05554:30881:0:1	52.075277	6.75976	bus	MATCHED	n11292614031	18.6	1.0	Zollhäuser	782,B2,B3	Crosewick, Abzw. Ammeloe / Ammeloe, Molkerei / Oldenkott, Kirche	Abzweig Ammeloe	LINESTRING(6.75976 52.075277,6.7597018 52.07544)
798	Crosewick	Zollhäuser	de:05554:30881:0:2	52.075283	6.759751	bus	MATCHED	n11292614030	7.8	1.0	Zollhäuser	782,B2,B3	Ellewick, Ort / Crosewick, Postdiek		LINESTRING(6.759751 52.075283,6.7597085 52.0752183)
799	Croswick	Marpert	de:05554:30947:0:1	52.0716	6.746977	bus	MATCHED	n11292614035	3.9	1.0	Marpert	B3	Ellewick, Ort	Ort	LINESTRING(6.746977 52.0716,6.747006900000001 52.071570300000005)
800	Croswick	Marpert	de:05554:30947:0:2	52.071567	6.747066	bus	NO_MATCH_BUT_OTHER_PLATFORM_MATCHED					B3	Zwillbrock, Startmann		POINT(6.747066 52.071567)
801	Doemern	Doemer Feld	de:05554:16445:0:1	52.057269	6.872238	bus	MATCHED	n5274755260	4.0	1.0	Doemer Feld	770,S70	Doemern, Ehrenmal	Ehrenmal	LINESTRING(6.872238 52.057269,6.8722352 52.057304800000004)
802	Doemern	Doemer Feld	de:05554:16445:0:2	52.057285	6.872184	bus	MATCHED	n5274755259	16.7	1.0	Doemer Feld	770,S70	Doemern, Tünte	Tünte	LINESTRING(6.872184 52.057285,6.872423 52.0573126)
803	Doemern	Ehrenmal	de:05554:16444:0:1	52.045922	6.857945	bus	MATCHED	n3297630789	19.1	1.0	Ehrenmal	770,S70	Vreden, Freibad	Reithalle	LINESTRING(6.857945 52.045922,6.8581858 52.0458354)
804	Doemern	Ehrenmal	de:05554:16444:0:2	52.04606	6.858296	bus	MATCHED	n1802754817	5.5	1.0	Ehrenmal	770,S70	Doemern, Doemer Feld	Doemer Feld	LINESTRING(6.858296 52.04606,6.858252200000001 52.046018100000005)
805	Doemern	Icking	de:05554:35397	52.035528	6.864647		MATCHED	n2083502678	15.3	0.39	Icking				LINESTRING(6.864647 52.035528,6.8647213 52.03539850000001)
806	Doemern	Lechtenberg	de:05554:31314	52.05665	6.89095		NO_MATCH_AND_SEEMS_UNSERVED								POINT(6.89095 52.05665)
807	Doemern	Leiking	de:05554:36167	52.05496	6.867872		NO_MATCH_AND_SEEMS_UNSERVED								POINT(6.867872 52.05496)
808	Doemern	Mulder	de:05554:31312	52.045568	6.872489		NO_MATCH_AND_SEEMS_UNSERVED								POINT(6.872489 52.045568)
809	Doemern	Nienhaus	de:05554:31315	52.060279	6.890779		MATCHED	n2589328432	3.5	0.72	Nienhaus				LINESTRING(6.890779 52.060279,6.8907962000000005 52.0603082)
810	Doemern	Ostendarp	de:05554:30255	52.062946	6.881571		NO_MATCH_AND_SEEMS_UNSERVED								POINT(6.881571 52.062946)
811	Doemern	Reithalle	de:05554:61575:0:1	52.043613	6.85755		MATCHED	n5301113025	80.3	1.0	Reithalle			Freibad	LINESTRING(6.85755 52.043613,6.8568657 52.043027200000004)
812	Doemern	Reithalle	de:05554:61575:0:2	52.043574	6.85738		MATCHED	n1890159695	79.5	1.0	Reithalle			Ehrenmal	LINESTRING(6.85738 52.043574,6.856941300000001 52.0429122)
813	Doemern	Robert	de:05554:35399	52.060224	6.877789		NO_MATCH_AND_SEEMS_UNSERVED								POINT(6.877789 52.060224)
814	Doemern	Schmäing	de:05554:31316	52.063946	6.886305		MATCHED	n2589328435	8.3	0.53	Schmäing				LINESTRING(6.886305 52.063946,6.886423400000001 52.063929300000005)
815	Doemern	Schule	de:05554:31313	52.04848	6.875463		MATCHED	n1890159728	8.9	0.52	Schule				LINESTRING(6.875463 52.04848,6.8753732 52.0484227)
816	Doemern	Schützenh. Wissing	de:05554:31317	52.050292	6.862778		NO_MATCH_AND_SEEMS_UNSERVED								POINT(6.862778 52.050292)
817	Doemern	Teich	de:05554:31311	52.0439	6.864863		NO_MATCH_AND_SEEMS_UNSERVED								POINT(6.864863 52.0439)
818	Doemern	Tünte	de:05554:16446:0:1	52.065421	6.88485	bus	MATCHED	n5274755258	2.2	1.0	Tünte	770,S70	Doemern, Doemer Feld	Doemer Feld	LINESTRING(6.88485 52.065421,6.8848228 52.06541)
819	Doemern	Tünte	de:05554:16446:0:2	52.065553	6.885182	bus	MATCHED	n2589328436	8.5	1.0	Tünte	770,S70	Ottenstein, Abzw. Antoniusheim	Abzweig Antoniusheim	LINESTRING(6.885182 52.065553,6.8851081 52.0654915)
820	Eggerode	Kleine Bösing	de:05554:64510:0:1	52.049546	7.201991	bus	MATCHED	n5314812400	29.4	1.0	Kleine Bösing	T79	Eggerode, Küpper	Küper	LINESTRING(7.201991 52.049546,7.2023776 52.0494324)
821	Eggerode	Kleine Bösing	de:05554:64510:0:2	52.049563	7.201991	bus	MATCHED	n5314812399	7.5	1.0	Kleine Bösing	T79	Asbeck, Margarethenschule	Margaretenschule	LINESTRING(7.201991 52.049563,7.2019511000000005 52.049625400000004)
822	Eggerode	Küpper	de:05554:63816:0:1	52.053424	7.230908	bus	MATCHED	n5314812396	32.4	1.0	Küper	SV39,T79	Eggerode, Schulze Eggenrodde / Eggerode, Vechtebrücke	Schulze Eggenrodde	LINESTRING(7.230908 52.053424,7.231243500000001 52.0536285)
823	Eggerode	Küpper	de:05554:63816:0:2	52.053424	7.230917	bus	MATCHED	n2901711857	28.2	1.0	Küper	T79	Eggerode, Kleine Bösing	Kleine Bösing	LINESTRING(7.230917 52.053424,7.231107700000001 52.053648100000004)
824	Eggerode	Ortsmitte	de:05554:61440:0:1	52.062256	7.241302	bus	MATCHED	n5042599379	2.4	1.0	Ortsmitte	186,T79	Eggerode, Vechtebrücke	Vechtebrücke	LINESTRING(7.241302 52.062256,7.241283 52.062237800000005)
825	Eggerode	Ortsmitte	de:05554:61440:0:2	52.062262	7.241293	bus	MATCHED	n5314812393	7.2	1.0	Ortsmitte	T79	Eggerode, Schulze Eggenrodde	Schulze Eggenrodde	LINESTRING(7.241293 52.062262,7.2412308 52.062314400000005)
826	Eggerode	Schulze Eggenrodde	de:05554:64156:0:1	52.058556	7.239586	bus	MATCHED	n1696673522	15.0	1.0	Schulze Eggenrodde	T79	Eggerode, Ortsmitte / Eggerode, Küpper	Küper / Ortsmitte	LINESTRING(7.239586 52.058556,7.2396218 52.058688800000006)
827	Eggerode	Tinge	de:05554:60842:0:1	52.075272	7.25828	bus	MATCHED	n5299598830	7.7	1.0	Tinge	186,774,T26	Eggerode, Vechtebrücke / Schöppingen, Hengel	Vechtebrücke	LINESTRING(7.25828 52.075272,7.258187700000001 52.075311500000005)
828	Eggerode	Tinge	de:05554:60842:0:2	52.075167	7.25845	bus	MATCHED	n5042799790	22.0	1.0	Tinge	186,774,T26	Schöppingen, Altes Rathaus / Schöppingen, Hengel / Eggerode, Vechtebrücke / Eggerode, Vechtebrücke / Schöppingen, Krümmlingsweg	Altes Rathaus	LINESTRING(7.25845 52.075167,7.258287200000001 52.075337100000006)
829	Eggerode	Tinge 19	de:05554:16170:0:1	52.062648	7.264927	bus	NO_MATCH					271,SV5	Horstmar, Gasthaus Westarp / Laer, Borghorster Str. 69		POINT(7.264927 52.062648)
830	Eggerode	Vechtebrücke	de:05554:60843:0:1	52.064145	7.24388	bus	MATCHED	n5042854001	5.6	1.0	Vechtebrücke	186,774,SV39,T26,T79	Schagern / Schöppingen, Gewerbegebiet Süd / Heven, Hevener Weg / Schöppingen, Sekundarschule / Eggerode, Ortsmitte / Eggerode, Tinge	Gewerbegebiet Süd / Tinge	LINESTRING(7.24388 52.064145,7.2439546 52.0641662)
831	Eggerode	Vechtebrücke	de:05554:60843:0:2	52.064145	7.24388	bus	MATCHED	n5299598837	10.5	1.0	Vechtebrücke	186,774,T26	Heven, Hevener Weg / Eggerode, Tinge	Ortsmitte	LINESTRING(7.24388 52.064145,7.2437936 52.0640669)
832	Eggerode	Winters Kamp 16	de:05554:62393:0:1	52.06055	7.244059		NO_MATCH_AND_SEEMS_UNSERVED								POINT(7.244059 52.06055)
833	Ellewick	Aagten	de:05554:30941	52.050148	6.736915		NO_MATCH_AND_SEEMS_UNSERVED								POINT(6.736915 52.050148)
834	Ellewick	Abzw. Ellewick	de:05554:30905:0:1	52.046298	6.784284	bus	NO_MATCH					782	Ellewick, Höing		POINT(6.784284 52.046298)
835	Ellewick	Abzw. Ellewick	de:05554:30905:0:2	52.046458	6.784248	bus	NO_MATCH					782	Ellewick, Hühnerbrücke		POINT(6.784248 52.046458)
836	Ellewick	Abzw. Seerose	de:05554:31362:0:1	52.048966	6.746806	bus	MATCHED	n10695304611	11.7	1.0	Abzweig Seerose	B3	Zwillbrock, Wittmann	Wittmann	LINESTRING(6.746806 52.048966,6.7469673000000006 52.0490007)
837	Ellewick	Abzw. Seerose	de:05554:31362:0:2	52.049082	6.746941	bus	NO_MATCH_BUT_OTHER_PLATFORM_MATCHED					B3	Ellewick, Seerose		POINT(6.746941 52.049082)
838	Ellewick	Bildungsheim	de:05554:29932:0:1	52.047535	6.783322		MATCHED_THOUGH_NAMES_DIFFER	n10694837657	6.5	0.05	Gaxel 8			Neuer Friedhof	LINESTRING(6.783322 52.047535,6.7833965 52.0474983)
839	Ellewick	Bildungsheim	de:05554:29932:0:2	52.04759	6.783215		NO_MATCH_AND_SEEMS_UNSERVED								POINT(6.783215 52.04759)
840	Ellewick	Haus Früchting	de:05554:31364:0:1	52.035512	6.766865	bus	MATCHED	n11292715329	5.6	1.0	Haus Früchting	B3	Ellewick, Overkamp	Overkamp	LINESTRING(6.766865 52.035512,6.7668566000000006 52.035562000000006)
841	Ellewick	Haus Früchting	de:05554:31364:0:2	52.035584	6.766686	bus	NO_MATCH_BUT_OTHER_PLATFORM_MATCHED					B3	Ellewick, Pension Höing		POINT(6.766686 52.035584)
842	Ellewick	Höing	de:05554:30935:0:1	52.049336	6.779163	bus	MATCHED	n11293207787	15.4	1.0	Höing	782,B2	Ellewick, Schule / Ellewick, Ort		LINESTRING(6.779163 52.049336,6.7790835000000005 52.0494658)
843	Ellewick	Höing	de:05554:30935:0:2	52.049292	6.779298	bus	MATCHED	n11293207788	22.2	1.0	Höing	782,B2	Ellewick, Hühnerbrücke / Ellewick, Abzw. Ellewick		LINESTRING(6.779298 52.049292,6.7790238 52.0493973)
844	Ellewick	Hühnerbrücke	de:05554:30933:0:1	52.043712	6.796123	bus	MATCHED	n11293207784	3.3	1.0	Hühnerbrücke	782,B2	Ellewick, Abzw. Ellewick / Ellewick, Höing		LINESTRING(6.796123 52.043712,6.7961517 52.043736300000006)
845	Ellewick	Hühnerbrücke	de:05554:30933:0:2	52.043778	6.795782	bus	MATCHED	n11293207786	7.0	1.0	Hühnerbrücke	782,B2	Vreden, Neuer Friedhof / Vreden, Gymnasium		LINESTRING(6.795782 52.043778,6.795681 52.0437701)
846	Ellewick	Ort	de:05554:30880:0:1	52.064272	6.767647	bus	MATCHED	n11292614032	13.7	1.0	Ort	782,B2,B3	Crosewick, Zollhäuser / Ellewick, Höing / Crosewick, Postdiek	Neuer Friedhof / Postdiek	LINESTRING(6.767647 52.064272,6.7678222 52.0642137)
847	Ellewick	Ort	de:05554:30880:0:2	52.064112	6.768051	bus	MATCHED	n11292614033	8.6	1.0	Ort	782,B3	Ellewick, Schule / Croswick, Marpert		LINESTRING(6.768051 52.064112,6.767926800000001 52.06410150000001)
848	Ellewick	Overkamp	de:05554:30939:0:1	52.038209	6.753462	bus	MATCHED	n10695304612	18.6	0.57	Overkamp	B3	Ellewick, Seerose	Abzweig Seerose	LINESTRING(6.753462 52.038209,6.7531941 52.0381842)
849	Ellewick	Overkamp	de:05554:30939:0:2	52.038258	6.753462	bus	NO_MATCH_BUT_OTHER_PLATFORM_MATCHED					B3	Ellewick, Haus Früchting		POINT(6.753462 52.038258)
850	Ellewick	Pension Höing	de:05554:24200:0:1	52.032202	6.780394		NO_MATCH_AND_SEEMS_UNSERVED								POINT(6.780394 52.032202)
851	Ellewick	Pension Höing	de:05554:24200:0:2	52.032235	6.78025	bus	MATCHED	n5557161723	4.7	0.69	Pension Höing	B3	Gaxel, Marienhook I / Ellewick, Haus Früchting	Haus Früchting	LINESTRING(6.78025 52.032235,6.7803186 52.03223130000001)
852	Ellewick	Schule	de:05554:31023:0:1	52.063361	6.769704	bus	NO_MATCH					782	Ellewick, Ort		POINT(6.769704 52.063361)
853	Ellewick	Schule	de:05554:31023:0:2	52.063416	6.769776	bus	NO_MATCH					782	Ellewick, Höing		POINT(6.769776 52.063416)
854	Ellewick	Schulze-Siehoff	de:05554:30937	52.047568	6.766425		MATCHED_AMBIGUOUSLY	n1951277379	13.5	0.35	Schulze Siehoff				LINESTRING(6.766425 52.047568,6.7665708 52.047486400000004)
855	Ellewick	Schulze-Siehoff	de:05554:30937	52.047568	6.766425		MATCHED_AMBIGUOUSLY	n1951277365	13.4	0.35	Schulze Siehoff				LINESTRING(6.766425 52.047568,6.766603000000001 52.047616700000006)
856	Ellewick	Seerose	de:05554:31363:0:1	52.037827	6.739871	bus	MATCHED	n5557161724	10.9	0.52	Seerose	B3	Ellewick, Overkamp / Ellewick, Abzw. Seerose	Abzweig Seerose	LINESTRING(6.739871 52.037827,6.739906400000001 52.0379227)
857	Ellewick	Siegmund	de:05554:24932	52.038358	6.74871		NO_MATCH_AND_SEEMS_UNSERVED								POINT(6.74871 52.038358)
858	Ellewick	Temminghoff	de:05554:30938	52.047723	6.757963		NO_MATCH_AND_SEEMS_UNSERVED								POINT(6.757963 52.047723)
859	Ellewick	Trafo Nünning	de:05554:30940	52.050767	6.750255		NO_MATCH_AND_SEEMS_UNSERVED								POINT(6.750255 52.050767)
860	Ellewick	Zollhäuser	de:05554:30936	52.047032	6.773728		NO_MATCH_AND_SEEMS_UNSERVED								POINT(6.773728 52.047032)
861	Epe	Abzw. Bf Lasterfeld	de:05554:30869:0:1	52.144378	7.012501	bus	MATCHED	n5550490958	32.5	1.0	Abzweig Bahnhof Lasterfeld	781	Epe, Tenhündfeld	Tenhündfeld	LINESTRING(7.012501 52.144378,7.0124142 52.1446649)
862	Epe	Abzw. Bf Lasterfeld	de:05554:30869:0:2	52.144311	7.012689	bus	MATCHED	n707863977	51.7	1.0	Abzweig Bahnhof Lasterfeld	781	Graes, Effkemann	Effkemann	LINESTRING(7.012689 52.144311,7.0121652 52.1446459)
863	Epe	Abzw. Bf Lasterfeld	de:05554:30869:0:3	52.144306	7.012608		NO_MATCH_AND_SEEMS_UNSERVED								POINT(7.012608 52.144306)
864	Epe	Abzw. Bf Lasterfeld	de:05554:30869:0:4	52.1443	7.012779		NO_MATCH_AND_SEEMS_UNSERVED								POINT(7.012779 52.1443)
865	Epe	Abzw. Wilkes	de:05554:31015	52.184261	6.974116		NO_MATCH_AND_SEEMS_UNSERVED								POINT(6.974116 52.184261)
866	Epe	Alfers	de:05554:31245	52.171327	7.09714		NO_MATCH_AND_SEEMS_UNSERVED								POINT(7.09714 52.171327)
867	Epe	Alfertring/Nienborger Dam	de:05554:31061:0:1	52.173189	7.052476	bus	MATCHED	n5331695528	18.2	1.0	Alfertring/Nienborger Damm	B11	Epe, Langenkamp	Gerdingseite / Langenkamp	LINESTRING(7.052476 52.173189,7.0522222 52.173138800000004)
868	Epe	Alfertring/Nienborger Dam	de:05554:31061:0:2	52.173139	7.05253	bus	MATCHED	n734787774	8.2	1.0	Alfertring/Nienborger Damm	B11	Epe, Wöltermannhof	Memelweg / Georgschule	LINESTRING(7.05253 52.173139,7.052410600000001 52.1731338)
869	Epe	Am Berge	de:05554:30987	52.192467	7.056716		MATCHED	n1221275145	16.7	0.37	Am Berge				LINESTRING(7.056716 52.192467,7.0565527 52.1923551)
870	Epe	Am Berge 50	de:05554:35400	52.189928	7.084546		NO_MATCH_AND_SEEMS_UNSERVED								POINT(7.084546 52.189928)
871	Epe	Am Berge 58	de:05554:29916	52.196916	7.080539		MATCHED	n673288983	5.6	0.49	Am Berge 50				LINESTRING(7.080539 52.196916,7.0805937000000005 52.196953400000005)
872	Epe	Am Hohen Mersch	de:05554:15594:0:1	52.186585	7.042989	bus	MATCHED	n5327959901	6.8	1.0	Am Hohen Mersch	B11	Epe, Merschgarten	Merschgarten	LINESTRING(7.042989 52.186585,7.0430209 52.186642600000006)
873	Epe	Am Hohen Mersch	de:05554:15594:0:2	52.186679	7.043034	bus	MATCHED	n5327959902	5.2	1.0	Am Hohen Mersch	B11	Epe, Gildehauser Damm	Gildehauser Damm	LINESTRING(7.043034 52.186679,7.043076200000001 52.1867177)
874	Epe	Am Königsweg	de:05554:61452:0:1	52.170192	7.059465	bus	MATCHED	n5335246278	7.4	1.0	Am Königsweg	783,R77	Epe, Rübezahlsiedlung	Rübezahlsiedlung	LINESTRING(7.059465 52.170192,7.059572800000001 52.1701935)
875	Epe	Am Königsweg	de:05554:61452:0:2	52.170104	7.059276	bus	MATCHED	n5335246277	15.0	1.0	Am Königsweg	783,R77	Epe, Füchtenfeld	Füchtenfeld	LINESTRING(7.059276 52.170104,7.059385000000001 52.1702206)
876	Epe	Amelandsbrückenweg	de:05554:31307:0:1	52.185302	7.02699		MATCHED	n1235157314	13.7	1.0	Amelandsbrückenweg			Zum Bahnhof	LINESTRING(7.02699 52.185302,7.026817800000001 52.1853641)
877	Epe	Amelandsbrückenweg	de:05554:31307:0:2	52.185445	7.026829		MATCHED	n1347959001	8.6	1.0	Amelandsbrückenweg			Dorotheenhof	LINESTRING(7.026829 52.185445,7.0268568 52.185520200000006)
878	Epe	Amtshaus	de:05554:16523:0:1	52.181909	7.039675	bus	MATCHED	n1495137408	17.2	1.0	Amtshaus	781,782,783,B11,N14,R77	Epe, Klosterschänke / Epe, Bösingbachstiege / Epe, St.-Agatha-Domizil	Zum Bahnhof / Bösingbachstiege / Klosterschänke / Georgschule / Dorotheenhof	LINESTRING(7.039675 52.181909,7.0398776000000005 52.1820005)
879	Epe	Amtshaus	de:05554:16523:0:2	52.181937	7.040088	bus	MATCHED	n5284655698	27.9	1.0	Amtshaus	781,782,783,B11,N14,R77	Epe, Kardinal-von-Galen-Ring / Epe, Wöltermannweg / Epe, Kardinal-von-Galen-Ring / Nienborg, Mühle / Epe, Wilhelmstr.	Mühle / Kardinal-von-Galen-Ring / Wilhelmstraße / Wöltermannweg	LINESTRING(7.040088 52.181937,7.0396815 52.181914500000005)
880	Epe	Bahnhof	de:05554:29984:89:89-1	52.183011	7.030727	bus	NO_MATCH_AND_SEEMS_UNSERVED								POINT(7.030727 52.183011)
881	Epe	Bahnhof	de:05554:29984:89:89-2	52.183082	7.030674	bus	NO_MATCH_AND_SEEMS_UNSERVED								POINT(7.030674 52.183082)
882	Epe	Bahnhof	de:05554:29984:90:1	52.183396	7.03009		NO_MATCH_AND_SEEMS_UNSERVED								POINT(7.03009 52.183396)
883	Epe	Bahnhof	de:05554:29984:91:1	52.183881	7.030224	train	MATCHED_THOUGH_REVERSED_DIR	n4172254773	9.2	1.0	Epe (Westf)	RB51	Ahaus, Bahnhof	Gronau (Westf)	LINESTRING(7.030224 52.183881,7.0302145000000005 52.18379830000001)
884	Epe	Bahnhof	de:05554:29984:91:2	52.183886	7.030135	train	MATCHED_THOUGH_NAMES_DIFFER	n497040118	51.6	1.0	Epe (Westf)	RB51	Gronau, Bahnhof / Ahaus, Bahnhof	Ahaus	LINESTRING(7.030135 52.183886,7.0302236 52.1843462)
885	Epe	Bergstr. 	de:05554:31247	52.18794	7.048685		NO_MATCH_AND_SEEMS_UNSERVED								POINT(7.048685 52.18794)
886	Epe	Birkenstr. 	de:05554:68805:0:1	52.177469	7.061091	bus	NO_MATCH					B11	Epe, Storkerhook / Epe, In den Kämpen		POINT(7.061091 52.177469)
887	Epe	Birkenstr. 	de:05554:68805:0:2	52.177469	7.061091		NO_MATCH_AND_SEEMS_UNSERVED								POINT(7.061091 52.177469)
888	Epe	Bolz	de:05554:30879	52.190561	7.061791		MATCHED	n1221275151	16.3	0.38	Bolz				LINESTRING(7.061791 52.190561,7.0619322 52.1906796)
889	Epe	Brefeld	de:05554:35128:0:1	52.191624	7.012644		NO_MATCH_AND_SEEMS_UNSERVED								POINT(7.012644 52.191624)
890	Epe	Brefeld	de:05554:35128:0:2	52.191542	7.012644		NO_MATCH_AND_SEEMS_UNSERVED								POINT(7.012644 52.191542)
891	Epe	Brinkerhook	de:05554:30872:0:1	52.16742	7.032174	bus	MATCHED	n1495137409	15.3	1.0	Brinkerhook	781	Epe, Helenenstraße	Helenenstraße	LINESTRING(7.032174 52.16742,7.0321635 52.167282400000005)
892	Epe	Brinkerhook	de:05554:30872:0:2	52.167365	7.032129	bus	MATCHED	n707863954	51.0	1.0	Brinkerhook	781	Epe, Wieferthook	Wieferthook	LINESTRING(7.032129 52.167365,7.032328400000001 52.1678067)
893	Epe	Buskase	de:05554:31584:0:1	52.193271	7.002026		NO_MATCH_AND_SEEMS_UNSERVED								POINT(7.002026 52.193271)
894	Epe	Buskase	de:05554:31584:0:2	52.193183	7.001712		NO_MATCH_AND_SEEMS_UNSERVED								POINT(7.001712 52.193183)
895	Epe	Bösingbachstiege	de:05554:16522:0:1	52.1836	7.033117	bus	MATCHED	n5284655695	13.5	1.0	Bösingbachstiege	781,782,783,N14	Epe, Klosterschänke	Klosterschänke	LINESTRING(7.033117 52.1836,7.033224100000001 52.183702200000006)
896	Epe	Bösingbachstiege	de:05554:16522:0:2	52.183699	7.033162	bus	MATCHED	n1241087465	31.0	1.0	Bösingbachstiege	781,782,783,N14	Epe, Amtshaus	Amtshaus	LINESTRING(7.033162 52.183699,7.033267100000001 52.183428400000004)
897	Epe	Clermont	de:05554:29927:0:1	52.181986	7.005512		NO_MATCH_AND_SEEMS_UNSERVED								POINT(7.005512 52.181986)
898	Epe	Clermont	de:05554:29927:0:2	52.182146	7.005512		NO_MATCH_AND_SEEMS_UNSERVED								POINT(7.005512 52.182146)
899	Epe	Dakelsberg	de:05554:30981:0:1	52.184553	7.009213		NO_MATCH_AND_SEEMS_UNSERVED								POINT(7.009213 52.184553)
900	Epe	Dakelsberg	de:05554:30981:0:2	52.18469	7.009222		NO_MATCH_AND_SEEMS_UNSERVED								POINT(7.009222 52.18469)
901	Epe	Dorotheenhof	de:05554:69316:0:1	52.184283	7.03821		MATCHED	n11292715321	8.5	1.0	Dorotheenhof			Amelandsbrückenweg	LINESTRING(7.03821 52.184283,7.0381051 52.184324700000005)
902	Epe	Dorotheenhof	de:05554:69316:0:2	52.184277	7.03821		MATCHED	n11292715323	15.5	1.0	Dorotheenhof			Amtshaus	LINESTRING(7.03821 52.184277,7.0379864 52.184252300000004)
903	Epe	Eichendorffweg	de:05554:15246:0:1	52.177436	7.062294		MATCHED	n5327959879	8.1	1.0	Eichendorffweg			Memelweg	LINESTRING(7.062294 52.177436,7.062177200000001 52.177449200000005)
904	Epe	Eichendorffweg	de:05554:15246:0:2	52.177414	7.06224		MATCHED	n5327959878	0.8	1.0	Eichendorffweg			Füchter Heide	LINESTRING(7.06224 52.177414,7.062246900000001 52.1774081)
905	Epe	Fleer	de:05554:29925:0:1	52.15959	7.040717		MATCHED	n734787780	8.4	0.52	Fleer				LINESTRING(7.040717 52.15959,7.040788900000001 52.1595285)
906	Epe	Fleer	de:05554:29925:0:2	52.159673	7.040681		NO_MATCH_AND_SEEMS_UNSERVED								POINT(7.040681 52.159673)
907	Epe	Flucht	de:05554:29926:0:1	52.181556	6.997607		NO_MATCH_AND_SEEMS_UNSERVED								POINT(6.997607 52.181556)
908	Epe	Flucht	de:05554:29926:0:2	52.181479	6.997616		NO_MATCH_AND_SEEMS_UNSERVED								POINT(6.997616 52.181479)
909	Epe	Franke	de:05554:31304	52.170759	6.992872		NO_MATCH_AND_SEEMS_UNSERVED								POINT(6.992872 52.170759)
910	Epe	Freibad	de:05554:14971:0:1	52.171194	7.048047		NO_MATCH_AND_SEEMS_UNSERVED								POINT(7.048047 52.171194)
911	Epe	Frieler	de:05554:29928	52.190203	7.071232		MATCHED	n859191316	36.7	0.22	Frieler				LINESTRING(7.071232 52.190203,7.071357600000001 52.190523600000006)
912	Epe	Füchtenfeld	de:05554:62165:0:1	52.166329	7.064522	bus	MATCHED	n5284655705	4.3	1.0	Füchtenfeld	783,N14,R77	Epe, Wöltermannweg / Epe, Am Königsweg	Am Königsweg / Wöltermannweg	LINESTRING(7.064522 52.166329,7.0645845000000005 52.166325)
913	Epe	Füchtenfeld	de:05554:62165:0:2	52.166153	7.064567	bus	MATCHED	n5284655704	5.0	1.0	Füchtenfeld	783,N14,R77	Epe, Gasthaus Einsiedler	Gasthaus Einsiedler	LINESTRING(7.064567 52.166153,7.064563000000001 52.166107800000006)
914	Epe	Füchter Heide	de:05554:15549:0:1	52.178846	7.063291		MATCHED	n9420400995	8.0	1.0	Füchter Heide			Eichendorffweg	LINESTRING(7.063291 52.178846,7.063184400000001 52.178817200000005)
915	Epe	Füchter Heide	de:05554:15549:0:2	52.178797	7.063372		MATCHED	n5327959882	11.3	1.0	Füchter Heide			Storkerhook	LINESTRING(7.063372 52.178797,7.0632608 52.17887270000001)
916	Epe	Füchtmann	de:05554:30977:0:1	52.16239	7.060938		NO_MATCH_AND_SEEMS_UNSERVED								POINT(7.060938 52.16239)
917	Epe	Füchtmann	de:05554:30977:0:2	52.162345	7.061028		MATCHED	n440360703	4.9	0.63	Füchtmann			Tenberge	LINESTRING(7.061028 52.162345,7.0610194 52.1623887)
918	Epe	Gasthaus Einsiedler	de:05554:16528:0:1	52.163183	7.069454	bus	MATCHED	n3020659826	8.4	1.0	Gasthaus Einsiedler	783,N14,R77	Epe, Füchtenfeld	Füchtenfeld	LINESTRING(7.069454 52.163183,7.0695392 52.1632376)
919	Epe	Gasthaus Einsiedler	de:05554:16528:0:2	52.16283	7.070038	bus	MATCHED	n3020659825	5.7	1.0	Gasthaus Einsiedler	783,N14,R77	Nienborg, Wext	Gasthaus Einsiedler / Wext	LINESTRING(7.070038 52.16283,7.0699816 52.162792100000004)
920	Epe	Georgschule	de:05554:16524:0:1	52.178169	7.050275	bus	MATCHED	n1487705184	9.7	1.0	Georgschule	783,R77	Epe, Wilhelmstr.	Amtshaus / Wilhelmstraße	LINESTRING(7.050275 52.178169,7.0501782 52.1781056)
921	Epe	Georgschule	de:05554:16524:0:2	52.17791	7.050257	bus	MATCHED	n1487705183	4.6	1.0	Georgschule	783,R77	Epe, Nienkamp	Nienkamp / Alfertring/Nienborger Damm	LINESTRING(7.050257 52.17791,7.050194100000001 52.17789500000001)
922	Epe	Gerdingseite	de:05554:30976:0:1	52.163266	7.068151		MATCHED	n440360706	4.7	0.64	Gerdingseite			Elskamp	LINESTRING(7.068151 52.163266,7.0681725 52.1633062)
923	Epe	Gerdingseite	de:05554:30976:0:2	52.163321	7.06825		NO_MATCH_AND_SEEMS_UNSERVED								POINT(7.06825 52.163321)
924	Epe	Gerdingseite 21	de:05554:35950:0:1	52.161811	7.071664		NO_MATCH_AND_SEEMS_UNSERVED								POINT(7.071664 52.161811)
925	Epe	Gerdingseite 21	de:05554:35950:0:2	52.1618	7.071655		NO_MATCH_AND_SEEMS_UNSERVED								POINT(7.071655 52.1618)
926	Epe	Gerdwissingweg	de:05554:31581	52.170054	7.088804		MATCHED_THOUGH_OSM_NO_NAME	n683907007	20.7	0.1					LINESTRING(7.088804 52.170054,7.088712800000001 52.1698765)
927	Epe	Gildehauser Damm	de:05554:31422:0:1	52.188221	7.04263	bus	MATCHED	n5327959906	11.6	1.0	Gildehauser Damm	B11	Gronau, Don-Bosco-Weg	Don-Bosco-Weg	LINESTRING(7.04263 52.188221,7.0426668 52.1881192)
928	Epe	Gildehauser Damm	de:05554:31422:0:2	52.188089	7.042585	bus	MATCHED	n5327959905	6.5	1.0	Gildehauser Damm	B11	Epe, Am Hohen Mersch	Am Hohen Mersch	LINESTRING(7.042585 52.188089,7.0424898 52.188084700000005)
929	Epe	Grondmann	de:05554:35307	52.195903	7.090645		MATCHED	n454505079	106.0	0.09	Grondmann				LINESTRING(7.090645 52.195903,7.0921941 52.195865000000005)
930	Epe	Groter Kamp	de:05554:31583:0:1	52.196007	7.026811		NO_MATCH_AND_SEEMS_UNSERVED								POINT(7.026811 52.196007)
931	Epe	Groter Kamp	de:05554:31583:0:2	52.195952	7.026389		NO_MATCH_AND_SEEMS_UNSERVED								POINT(7.026389 52.195952)
932	Epe	Große Frericks	de:05554:30984	52.178736	7.09166		MATCHED	n440360710	11.5	0.46	Große Frericks				LINESTRING(7.09166 52.178736,7.0916404 52.178838600000006)
933	Epe	Harreweg	de:05554:30900:0:1	52.178114	7.013785	bus	MATCHED	n1241087517	6.6	0.63	Harreweg	782	Epe, Perrefort		LINESTRING(7.013785 52.178114,7.0136896 52.17810720000001)
934	Epe	Harreweg	de:05554:30900:0:2	52.178092	7.013875	bus	MATCHED	n1241087461	13.8	0.47	Harreweg	782	Epe, Lindenhof		LINESTRING(7.013875 52.178092,7.013687600000001 52.1781391)
935	Epe	Heidehof	de:05554:30895:0:1	52.177023	6.971376	bus	NO_MATCH					782	Epe, Zollhäuser		POINT(6.971376 52.177023)
936	Epe	Heidehof	de:05554:30895:0:2	52.1771	6.971564	bus	NO_MATCH					782	Epe, Tapken		POINT(6.971564 52.1771)
937	Epe	Helenenstraße	de:05554:30873:0:1	52.174803	7.035309	bus	MATCHED	n707863934	7.7	1.0	Helenenstraße	781,B11	Epe, Kardinal-von-Galen-Ring	Kardinal-von-Galen-Ring	LINESTRING(7.035309 52.174803,7.035421 52.174801900000006)
938	Epe	Helenenstraße	de:05554:30873:0:2	52.17477	7.035291	bus	MATCHED	n734787778	10.7	1.0	Helenenstraße	781,B11	Epe, Brinkerhook / Epe, Neue Maate	Neue Maate / Brinkerhook	LINESTRING(7.035291 52.17477,7.035142400000001 52.1748008)
939	Epe	Helfer	de:05554:31585	52.168748	6.987689		MATCHED	n1409380545	12.4	0.44	Helfer				LINESTRING(6.987689 52.168748,6.9877941 52.1688393)
940	Epe	Holtkamp	de:05554:30993:0:1	52.15538	7.04316		MATCHED	n700322276	8.8	0.5	Holtkamp				LINESTRING(7.04316 52.15538,7.0432312 52.1554464)
941	Epe	Holtkamp	de:05554:30993:0:2	52.155512	7.043025		NO_MATCH_AND_SEEMS_UNSERVED								POINT(7.043025 52.155512)
942	Epe	In den Kämpen	de:05554:16681:0:1	52.174919	7.057488	bus	MATCHED	n5335246285	3.7	1.0	In den Kämpen	783,B11,R77	Epe, Wöltermannhof / Epe, Nienkamp	Nienkamp	LINESTRING(7.057488 52.174919,7.0574364 52.1749293)
943	Epe	In den Kämpen	de:05554:16681:0:2	52.174853	7.057506	bus	MATCHED	n1326387741	4.3	1.0	In den Kämpen	783,B11,R77	Epe, Rübezahlsiedlung / Epe, Birkenstr.	Rübezahlsiedlung	LINESTRING(7.057506 52.174853,7.0574488 52.1748368)
944	Epe	Kardinal-von-Galen-Ring	de:05554:30874:0:1	52.178466	7.041139	bus	MATCHED	n734787748	9.6	1.0	Kardinal-von-Galen-Ring	781,782,B11	Epe, Amtshaus / Epe, Lindenhof	Helenenstraße	LINESTRING(7.041139 52.178466,7.041019 52.178510900000006)
945	Epe	Kardinal-von-Galen-Ring	de:05554:30874:0:2	52.178477	7.041319	bus	MATCHED_THOUGH_REVERSED_DIR	n1495137421	11.9	1.0	Kardinal-von-Galen-Ring	781,B11	Epe, Helenenstraße	Amtshaus	LINESTRING(7.041319 52.178477,7.0414455 52.1784036)
946	Epe	Kiefernweg	de:05554:30877:0:1	52.183363	7.055081	bus	MATCHED	n5327959891	7.6	1.0	Kiefernweg	B11	Epe, Storkerhook	Storkerhook	LINESTRING(7.055081 52.183363,7.0550895 52.1832952)
947	Epe	Kiefernweg	de:05554:30877:0:2	52.184129	7.054632	bus	MATCHED	n5327959890	6.6	1.0	Kiefernweg	B11	Epe, Steinfurter Str.	Steinfurter Straße	LINESTRING(7.054632 52.184129,7.0546657 52.184073000000005)
948	Epe	Klosterschänke	de:05554:16521:0:1	52.190468	7.029614	bus	MATCHED	n1241087439	23.9	1.0	Klosterschänke	781,782,783,N14,R77	Epe, Westfalia	Westfalia	LINESTRING(7.029614 52.190468,7.029695200000001 52.1906772)
949	Epe	Klosterschänke	de:05554:16521:0:2	52.190671	7.029569	bus	MATCHED	n1496956509	24.9	1.0	Klosterschänke	781,782,783,N14,R77	Epe, Bösingbachstiege / Epe, Amtshaus	Bösingbachstiege / Amtshaus	LINESTRING(7.029569 52.190671,7.0294935 52.1904516)
950	Epe	Klosterstraße	de:05554:30982:0:1	52.190881	7.020909		NO_MATCH_AND_SEEMS_UNSERVED								POINT(7.020909 52.190881)
951	Epe	Klosterstraße	de:05554:30982:0:2	52.191051	7.020918		NO_MATCH_AND_SEEMS_UNSERVED								POINT(7.020918 52.191051)
952	Epe	Kohlingstr. 	de:05554:12670:0:1	52.176235	7.030215		NO_MATCH_AND_SEEMS_UNSERVED								POINT(7.030215 52.176235)
953	Epe	Kohlingstr. 	de:05554:12670:0:2	52.176246	7.030072		NO_MATCH_AND_SEEMS_UNSERVED								POINT(7.030072 52.176246)
954	Epe	Kottig	de:05554:31413:0:2	52.173222	6.975364		NO_MATCH_AND_SEEMS_UNSERVED								POINT(6.975364 52.173222)
955	Epe	Kottigweg	de:05554:31586:0:1	52.170947	7.012294		NO_MATCH_AND_SEEMS_UNSERVED								POINT(7.012294 52.170947)
956	Epe	Kottigweg	de:05554:31586:0:2	52.170914	7.01259		MATCHED	n1235157299	3.8	0.68	Kottigweg				LINESTRING(7.01259 52.170914,7.0125435000000005 52.170932900000004)
957	Epe	Langenkamp	de:05554:14966:0:1	52.17109	7.041732	bus	MATCHED	n5331693515	26.1	1.0	Langenkamp	B11	Epe, Neue Maate	Neue Maate	LINESTRING(7.041732 52.17109,7.0414786000000005 52.1712652)
958	Epe	Langenkamp	de:05554:14966:0:2	52.171128	7.041714	bus	MATCHED	n5331693514	30.4	1.0	Langenkamp	B11	Epe, Alfertring/Nienborger Dam	Alfertring/Nienborger Damm	LINESTRING(7.041714 52.171128,7.0413874000000005 52.171313700000006)
959	Epe	Lindenhof	de:05554:30901:0:1	52.178599	7.02125	bus	MATCHED	n1241087508	8.1	0.58	Lindenhof	782	Epe, Harreweg		LINESTRING(7.02125 52.178599,7.021162 52.1785501)
960	Epe	Lindenhof	de:05554:30901:0:2	52.178543	7.021008	bus	MATCHED	n1241087456	9.8	0.54	Lindenhof	782	Epe, Kardinal-von-Galen-Ring		LINESTRING(7.021008 52.178543,7.021125100000001 52.1784916)
961	Epe	Memelweg	de:05554:14991:0:1	52.17282	7.057354		MATCHED	n5327959875	10.5	1.0	Memelweg			Alfertring/Nienborger Damm	LINESTRING(7.057354 52.17282,7.0574418 52.172742400000004)
962	Epe	Merschgarten	de:05554:15586:0:1	52.184812	7.049062	bus	MATCHED	n5327959897	11.4	1.0	Merschgarten	B11	Epe, Steinfurter Str.	Steinfurter Straße	LINESTRING(7.049062 52.184812,7.049108100000001 52.1847136)
963	Epe	Merschgarten	de:05554:15586:0:2	52.184828	7.049035	bus	MATCHED	n5327959898	6.9	1.0	Merschgarten	B11	Epe, Am Hohen Mersch	Am Hohen Mersch	LINESTRING(7.049035 52.184828,7.0491269 52.1848016)
964	Epe	Meyer	de:05554:36662:0:1	52.179805	6.984617		NO_MATCH_AND_SEEMS_UNSERVED								POINT(6.984617 52.179805)
965	Epe	Meyer	de:05554:36662:0:2	52.179843	6.984743		NO_MATCH_AND_SEEMS_UNSERVED								POINT(6.984743 52.179843)
966	Epe	Neue Maate	de:05554:13889:0:1	52.173332	7.039396	bus	MATCHED	n5331693512	19.9	1.0	Neue Maate	B11	Epe, Helenenstraße	Helenenstraße	LINESTRING(7.039396 52.173332,7.0392001 52.1734645)
967	Epe	Neue Maate	de:05554:13889:0:2	52.173464	7.039639	bus	MATCHED	n5331693513	12.6	1.0	Neue Maate	B11	Epe, Langenkamp	Langenkamp	LINESTRING(7.039639 52.173464,7.039539400000001 52.1733683)
968	Epe	Nienkamp	de:05554:16525:0:1	52.175695	7.053697	bus	MATCHED	n5335246288	66.5	1.0	Nienkamp	783,R77	Epe, Georgschule	Georgschule	LINESTRING(7.053697 52.175695,7.0527774 52.175888300000004)
969	Epe	Nienkamp	de:05554:16525:0:2	52.175872	7.052718	bus	MATCHED	n5335246289	72.8	1.0	Nienkamp	783,R77	Epe, In den Kämpen	In den Kämpen	LINESTRING(7.052718 52.175872,7.0536759 52.1755864)
970	Epe	Overbergschule	de:05554:30979:0:1	52.17466	7.033521		MATCHED	n1486408167	17.0	0.36	Overbergschule			Amtshaus	LINESTRING(7.033521 52.17466,7.0334171 52.174798900000006)
971	Epe	Overbergschule	de:05554:30979:0:2	52.174698	7.03362		NO_MATCH_AND_SEEMS_UNSERVED								POINT(7.03362 52.174698)
972	Epe	Perrefort	de:05554:30899:0:1	52.178576	7.000679	bus	MATCHED	n1241087523	12.7	0.49	Perrefort	782	Epe, Tapken		LINESTRING(7.000679 52.178576,7.0005145 52.178629900000004)
973	Epe	Perrefort	de:05554:30899:0:2	52.178527	7.000921	bus	MATCHED	n1241087445	10.0	0.54	Perrefort	782	Epe, Harreweg		LINESTRING(7.000921 52.178527,7.000817700000001 52.178463300000004)
974	Epe	Plietker	de:05554:62103	52.189537	7.059393		NO_MATCH_AND_SEEMS_UNSERVED								POINT(7.059393 52.189537)
975	Epe	Preister	de:05554:31582:0:1	52.136466	7.028464		NO_MATCH_AND_SEEMS_UNSERVED								POINT(7.028464 52.136466)
976	Epe	Preister	de:05554:31582:0:2	52.136488	7.028185		MATCHED	n897965786	20.4	0.32	Preister				LINESTRING(7.028185 52.136488,7.027890200000001 52.1364632)
977	Epe	Renger	de:05554:30992:0:1	52.15	7.049233		MATCHED	n700322272	6.3	0.58	Renger				LINESTRING(7.049233 52.15,7.0492996 52.149960300000004)
978	Epe	Renger	de:05554:30992:0:2	52.150061	7.049143		NO_MATCH_AND_SEEMS_UNSERVED								POINT(7.049143 52.150061)
979	Epe	Rohling	de:05554:36729:0:1	52.148032	7.053131		NO_MATCH_AND_SEEMS_UNSERVED								POINT(7.053131 52.148032)
980	Epe	Rohling	de:05554:36729:0:2	52.1479	7.053374		MATCHED	n734787758	44.6	0.18	Rohling				LINESTRING(7.053374 52.1479,7.0539426 52.147704600000004)
981	Epe	Rudde	de:05554:34742	52.173238	7.095155		NO_MATCH_AND_SEEMS_UNSERVED								POINT(7.095155 52.173238)
982	Epe	Rübezahlsiedlung	de:05554:64231:0:1	52.173877	7.062348	bus	MATCHED	n5335246281	73.9	1.0	Rübezahlsiedlung	783,R77	Epe, In den Kämpen	In den Kämpen	LINESTRING(7.062348 52.173877,7.061341700000001 52.1741176)
983	Epe	Rübezahlsiedlung	de:05554:64231:0:2	52.174043	7.061468	bus	MATCHED	n5335246282	2.3	1.0	Rübezahlsiedlung	783,R77	Epe, Am Königsweg	Am Königsweg	LINESTRING(7.061468 52.174043,7.061458900000001 52.174023500000004)
984	Epe	Schlamannweg	de:05554:30853:0:1	52.164296	6.981105		NO_MATCH_AND_SEEMS_UNSERVED								POINT(6.981105 52.164296)
985	Epe	Schlamannweg	de:05554:30853:0:2	52.164236	6.980835		MATCHED	n2903237358	5.2	0.62	Schlamannweg				LINESTRING(6.980835 52.164236,6.9807619 52.164223500000006)
986	Epe	Schoppenkamp	de:05554:31306:0:1	52.186618	7.028751		NO_MATCH_AND_SEEMS_UNSERVED								POINT(7.028751 52.186618)
987	Epe	Schoppenkamp	de:05554:31306:0:2	52.186701	7.029039		MATCHED	n1241087462	5.0	0.63	Schoppenkamp				LINESTRING(7.029039 52.186701,7.029012900000001 52.186743)
988	Epe	Schulten	de:05554:30989:0:1	52.141357	7.024322		MATCHED	n734787771	13.6	0.41	Schulten				LINESTRING(7.024322 52.141357,7.024123800000001 52.1413613)
989	Epe	Schulten	de:05554:30989:0:2	52.141494	7.024008		NO_MATCH_AND_SEEMS_UNSERVED								POINT(7.024008 52.141494)
990	Epe	Schöpping	de:05554:35242	52.187004	7.042199		NO_MATCH_AND_SEEMS_UNSERVED								POINT(7.042199 52.187004)
991	Epe	Spechtel	de:05554:30991:0:1	52.146428	7.057731		NO_MATCH_AND_SEEMS_UNSERVED								POINT(7.057731 52.146428)
992	Epe	Spechtel	de:05554:30991:0:2	52.146561	7.057812		MATCHED	n700322279	10.1	0.48	Spechtel				LINESTRING(7.057812 52.146561,7.0576957 52.1466165)
993	Epe	St. -Agatha-Domizil	de:05554:12013:0:1	52.182036	7.033494	bus	MATCHED	n5331793400	4.8	1.0	Sankt-Agatha-Domizil	B11	Epe, Amtshaus	Zum Bahnhof	LINESTRING(7.033494 52.182036,7.0334776 52.18207820000001)
994	Epe	Steinfurter Str. 	de:05554:15584:0:1	52.186271	7.052143	bus	MATCHED	n5327959894	3.9	1.0	Steinfurter Straße	B11	Epe, Kiefernweg	Kiefernweg	LINESTRING(7.052143 52.186271,7.052118900000001 52.186238800000005)
995	Epe	Steinfurter Str. 	de:05554:15584:0:2	52.186332	7.052161	bus	MATCHED	n5327959893	18.7	1.0	Steinfurter Straße	B11	Epe, Merschgarten	Merschgarten	LINESTRING(7.052161 52.186332,7.051907000000001 52.186270900000004)
996	Epe	Steven	de:05554:29924:0:1	52.143848	7.056347		NO_MATCH_AND_SEEMS_UNSERVED								POINT(7.056347 52.143848)
997	Epe	Steven	de:05554:29924:0:2	52.143975	7.056446		MATCHED	n734787789	5.6	0.61	Steven				LINESTRING(7.056446 52.143975,7.0565037 52.1439395)
998	Epe	Storkerhook	de:05554:15557:0:1	52.179364	7.058414	bus	MATCHED	n5327959887	4.1	1.0	Storkerhook	B11	Epe, Birkenstr.	Füchter Heide	LINESTRING(7.058414 52.179364,7.058355100000001 52.1793587)
999	Epe	Storkerhook	de:05554:15557:0:2	52.179375	7.058431	bus	MATCHED	n5327959886	3.1	1.0	Storkerhook	B11	Epe, Kiefernweg	Kiefernweg	LINESTRING(7.058431 52.179375,7.058463700000001 52.179394900000005)
1000	Epe	Sundermann	de:05554:36812:0:1	52.161006	6.992423		NO_MATCH_AND_SEEMS_UNSERVED								POINT(6.992423 52.161006)
1001	Epe	Sundermann	de:05554:36812:0:2	52.160913	6.992235		NO_MATCH_AND_SEEMS_UNSERVED								POINT(6.992235 52.160913)
1002	Epe	Tapken	de:05554:31305:0:1	52.178791	6.992702	bus	MATCHED	n1241087468	10.7	0.53	Tapken	782	Epe, Heidehof		LINESTRING(6.992702 52.178791,6.9925471 52.1787791)
1003	Epe	Tapken	de:05554:31305:0:2	52.178885	6.992378	bus	MATCHED	n1241087430	12.2	0.5	Tapken	782	Epe, Perrefort		LINESTRING(6.992378 52.178885,6.9925500000000005 52.1788552)
1004	Epe	Tenberge	de:05554:29929:0:1	52.165889	7.056734		MATCHED	n8010315379	5.4	0.61	Tenberge			Alfertring/Nienborger Damm / Georgschule	LINESTRING(7.056734 52.165889,7.056763800000001 52.1659342)
1005	Epe	Tenberge	de:05554:29929:0:2	52.166021	7.056671		NO_MATCH_AND_SEEMS_UNSERVED								POINT(7.056671 52.166021)
1006	Epe	Tenhündfeld	de:05554:30870:0:1	52.152398	7.018969	bus	MATCHED	n734787769	47.8	1.0	Tenhündfeld	781	Epe, Wieferthook	Wieferthook	LINESTRING(7.018969 52.152398,7.0193808 52.152745)
1007	Epe	Tenhündfeld	de:05554:30870:0:2	52.152762	7.019301	bus	MATCHED	n707863835	50.2	1.0	Tenhündfeld	781	Epe, Abzw. Bf Lasterfeld	Abzweig Bahnhof Lasterfeld	LINESTRING(7.019301 52.152762,7.0188597 52.1524012)
1008	Epe	Tenhündfeld	de:05554:30870:0:3	52.152718	7.019247		NO_MATCH_AND_SEEMS_UNSERVED								POINT(7.019247 52.152718)
1009	Epe	Tenhündfeld	de:05554:30870:0:4	52.152745	7.019256		NO_MATCH_AND_SEEMS_UNSERVED								POINT(7.019256 52.152745)
1010	Epe	Vischedyk	de:05554:30980:0:1	52.170947	7.003859		MATCHED	n1235157284	10.0	0.48	Vischedyk				LINESTRING(7.003859 52.170947,7.0039148 52.171029700000005)
1011	Epe	Vischedyk	de:05554:30980:0:2	52.170919	7.003787		NO_MATCH_AND_SEEMS_UNSERVED								POINT(7.003787 52.170919)
1012	Epe	Wasserwerk	de:05554:30994:0:1	52.165299	7.038489		NO_MATCH_AND_SEEMS_UNSERVED								POINT(7.038489 52.165299)
1013	Epe	Wasserwerk	de:05554:30994:0:2	52.165464	7.038408		MATCHED	n734787807	10.4	0.47	Wasserwerk				LINESTRING(7.038408 52.165464,7.0385488 52.165428500000004)
1014	Epe	Wenning	de:05554:30983	52.17553	7.092002		MATCHED	n440360708	8.8	0.52	Wenning				LINESTRING(7.092002 52.17553,7.091981400000001 52.1756077)
1015	Epe	Westfalia	de:05554:16520:0:1	52.195925	7.028059	bus	MATCHED	n1356242845	9.0	1.0	Westfalia	781,782,783,N14,R77	Gronau, Brandströmstr.	Brandströmstraße	LINESTRING(7.028059 52.195925,7.0281899 52.1959275)
1016	Epe	Westfalia	de:05554:16520:0:2	52.196162	7.027925	bus	MATCHED	n1235157324	10.9	1.0	Westfalia	781,782,783,N14,R77	Epe, Klosterschänke	Klosterschänke	LINESTRING(7.027925 52.196162,7.027821800000001 52.196236600000006)
1017	Epe	Wieferthook	de:05554:30871:0:1	52.157116	7.023137	bus	MATCHED	n3020660002	8.0	1.0	Wieferthook	781	Epe, Brinkerhook	Brinkerhook	LINESTRING(7.023137 52.157116,7.023240400000001 52.157081500000004)
1018	Epe	Wieferthook	de:05554:30871:0:2	52.157011	7.023011	bus	MATCHED	n707863848	39.2	1.0	Wieferthook	781	Epe, Tenhündfeld	Tenhündfeld	LINESTRING(7.023011 52.157011,7.022637700000001 52.1567433)
1019	Epe	Wieferthook	de:05554:30871:0:3	52.157176	7.0232		NO_MATCH_AND_SEEMS_UNSERVED								POINT(7.0232 52.157176)
1020	Epe	Wieferthook	de:05554:30871:0:4	52.15722	7.023236		NO_MATCH_AND_SEEMS_UNSERVED								POINT(7.023236 52.15722)
1021	Epe	Wilhelmstr. 	de:05554:16680:0:1	52.179992	7.044894	bus	MATCHED	n5335246298	11.0	1.0	Wilhelmstraße	783,R77	Epe, Amtshaus	Amtshaus	LINESTRING(7.044894 52.179992,7.0447898 52.180066800000006)
1022	Epe	Wilhelmstr. 	de:05554:16680:0:2	52.17997	7.04502	bus	MATCHED	n5335246297	9.5	1.0	Wilhelmstraße	783,R77	Epe, Georgschule	Georgschule	LINESTRING(7.04502 52.17997,7.044885000000001 52.179951700000004)
1023	Epe	Wöltermannhof	de:05554:68806:0:1	52.174891	7.054245	bus	NO_MATCH					B11	Epe, Alfertring/Nienborger Dam		POINT(7.054245 52.174891)
1024	Epe	Wöltermannhof	de:05554:68806:0:2	52.174897	7.054245	bus	NO_MATCH					B11	Epe, In den Kämpen		POINT(7.054245 52.174897)
1025	Epe	Wöltermannweg	de:05554:64251:0:1	52.174963	7.050472	bus	MATCHED	n5284655701	17.8	1.0	Wöltermannweg	N14	Epe, Amtshaus	Amtshaus	LINESTRING(7.050472 52.174963,7.050686600000001 52.1748726)
1026	Epe	Wöltermannweg	de:05554:64251:0:2	52.17488	7.050625	bus	MATCHED	n5284655700	9.1	1.0	Wöltermannweg	N14	Epe, Füchtenfeld	Füchtenfeld	LINESTRING(7.050625 52.17488,7.050556500000001 52.1748101)
1027	Epe	Zollhäuser	de:05554:30894:0:1	52.175767	6.965806	bus	MATCHED	n2545843163	6.7	0.62	Zollhäuser	782	Alstätte, Amtsvenn		LINESTRING(6.965806 52.175767,6.965775900000001 52.175709600000005)
1028	Epe	Zollhäuser	de:05554:30894:0:2	52.175822	6.965806	bus	NO_MATCH_BUT_OTHER_PLATFORM_MATCHED					782	Epe, Heidehof		POINT(6.965806 52.175822)
1029	Epe	Zollhäuser	de:05554:30894:0:4	52.175877	6.965797		NO_MATCH_AND_SEEMS_UNSERVED								POINT(6.965797 52.175877)
1030	Epe	Zum Bahnhof	de:05554:31308:0:1	52.183044	7.030503		MATCHED	n2903251737	16.7	1.0	Zum Bahnhof			Sankt-Agatha-Domizil	LINESTRING(7.030503 52.183044,7.0307322 52.182991300000005)
1031	Epe	Zum Bahnhof	de:05554:31308:0:2	52.183148	7.030323		MATCHED	n5331793403	29.5	1.0	Zum Bahnhof			Amelandsbrückenweg	LINESTRING(7.030323 52.183148,7.0307390000000005 52.183076400000004)
1032	Epe (Westf)	Euregio-Gesamtschule	de:05554:64353:0:1	52.186122	7.041058		NO_MATCH_AND_SEEMS_UNSERVED								POINT(7.041058 52.186122)
1033	Epe (Westf)	Laurenzstr. 	de:05554:68232:0:1	52.183661	7.044175		NO_MATCH_AND_SEEMS_UNSERVED								POINT(7.044175 52.183661)
1034	Epe-Lasterfeld	Elskamp	de:05554:29635:0:1	52.157204	7.062654		NO_MATCH_AND_SEEMS_UNSERVED								POINT(7.062654 52.157204)
1035	Epe-Lasterfeld	Elskamp	de:05554:29635:0:2	52.15732	7.062806		NO_MATCH_AND_SEEMS_UNSERVED								POINT(7.062806 52.15732)
1036	Epe-Lasterfeld	Mers	de:05554:62102:0:1	52.159017	7.059977		NO_MATCH_AND_SEEMS_UNSERVED								POINT(7.059977 52.159017)
1037	Epe-Lasterfeld	Mers	de:05554:62102:0:2	52.159017	7.059914		NO_MATCH_AND_SEEMS_UNSERVED								POINT(7.059914 52.159017)
1038	Erle	Friedholt	de:05554:30648:1:1	51.744623	6.87001	bus	MATCHED	n1490290006	11.5	1.0	Friedholt	721,R21	Erle, Silvesterstraße	Silvesterstraße	LINESTRING(6.87001 51.744623,6.8701771 51.7446198)
1039	Erle	Friedholt	de:05554:30648:1:2	51.744584	6.870288	bus	MATCHED	n618444215	7.2	1.0	Friedholt	721,R21	Erle, Lammersmannstr.	Lammersmannstraße	LINESTRING(6.870288 51.744584,6.8702826 51.7445193)
1040	Erle	Ginsterstr. 	de:05554:6302:1:01	51.737336	6.868052	bus	MATCHED	n287591797	20.3	1.0	Ginsterstraße	293,71	Erle, Im Erbgrund / Schermbeck Grenzweg	Im Erbgrund	LINESTRING(6.868052 51.737336,6.8679752 51.73715970000001)
1041	Erle	Ginsterstr. 	de:05554:6302:1:02	51.736501	6.867225	bus	MATCHED	n3177636585	3.1	1.0	Ginsterstraße	293,71	Erle, Im Erbgrund / Schermbeck Grenzweg	Grenzweg	LINESTRING(6.867225 51.736501,6.8672493 51.7365244)
1042	Erle	Grenzweg	de:05554:6301:1:01	51.731427	6.863434		NO_MATCH_AND_SEEMS_UNSERVED								POINT(6.863434 51.731427)
1043	Erle	Grenzweg	de:05554:6301:1:02	51.731427	6.863434		NO_MATCH_AND_SEEMS_UNSERVED								POINT(6.863434 51.731427)
1044	Erle	Heideweg	de:05554:30650:1:1	51.739349	6.8761	bus	MATCHED	n618503482	35.8	1.0	Heideweg	721,R21	Erle, Lammersmannstr.	Lammersmannstraße	LINESTRING(6.8761 51.739349,6.8758049 51.73961370000001)
1045	Erle	Heideweg	de:05554:30650:1:2	51.739305	6.876226	bus	MATCHED	n5534328394	40.0	1.0	Heideweg	721,R21	Dorsten Rhade Wulderheideweg	Wulderheideweg	LINESTRING(6.876226 51.739305,6.875759700000001 51.739517500000005)
1046	Erle	Im Erbgrund	de:05554:6303:1:01	51.740896	6.866174	bus	MATCHED	n3177629866	33.2	1.0	Im Erbgrund	293,71	Erle, Ginsterstr. / Erle, Marienthaler Str.	Marienthaler Straße	LINESTRING(6.866174 51.740896,6.866468500000001 51.740659900000004)
1047	Erle	Im Erbgrund	de:05554:6303:1:02	51.740896	6.866174	bus	MATCHED	n3177629865	9.2	1.0	Im Erbgrund	293,71	Erle, Marienthaler Str. / Erle, Ginsterstr.	Ginsterstraße	LINESTRING(6.866174 51.740896,6.866062400000001 51.740941600000006)
1048	Erle	Lammersmannstr. 	de:05554:30649:1:1	51.74217	6.870486	bus	MATCHED	n618485740	36.6	1.0	Lammersmannstraße	721,R21	Erle, Friedholt	Friedholt	LINESTRING(6.870486 51.74217,6.870151900000001 51.742425600000004)
1049	Erle	Lammersmannstr. 	de:05554:30649:1:2	51.742281	6.870243	bus	MATCHED	n5534328399	29.3	1.0	Lammersmannstraße	721,R21	Erle, Heideweg	Heideweg	LINESTRING(6.870243 51.742281,6.8699098 51.742444000000006)
1050	Erle	Marienthaler Str. 	de:05554:6304:0:1	51.74376	6.865015	bus	MATCHED	n618517036	6.6	0.52	Marienthaler Straße	293,71	Erle, Silvesterstraße / Erle, Im Erbgrund	Im Erbgrund	LINESTRING(6.865015 51.74376,6.864926400000001 51.743738400000005)
1051	Erle	Marienthaler Str. 	de:05554:6304:0:2	51.744289	6.864961	bus	MATCHED	n3177619173	6.6	0.52	Marienthaler Straße	293,71	Erle, Silvesterstraße / Erle, Im Erbgrund	Silvesterstraße	LINESTRING(6.864961 51.744289,6.8650544 51.7443029)
1052	Erle	Silvesterstraße	de:05554:30647:1:01	51.746291	6.865842	bus	MATCHED	n618444230	5.1	1.0	Silvesterstraße	293,71,721,R21	Erle, Marienthaler Str. / Raesfeld, Drögenkamp	Drögenkamp / Marienthaler Straße	LINESTRING(6.865842 51.746291,6.865849300000001 51.7462457)
1053	Erle	Silvesterstraße	de:05554:30647:1:02	51.746291	6.865842	bus	MATCHED	n618444231	24.4	1.0	Silvesterstraße	293,71,721,R21	Raesfeld, Drögenkamp / Erle, Friedholt / Erle, Marienthaler Str.	Marienthaler Straße / Drögenkamp / Friedholt	LINESTRING(6.865842 51.746291,6.865934 51.746079300000005)
1054	Estern (Gescher)	Abzw. Brock	de:05554:36136	51.949879	6.963462		NO_MATCH_AND_SEEMS_UNSERVED								POINT(6.963462 51.949879)
1055	Estern (Stadtl. )	Schanzbrücke	de:05554:16991:0:1	51.985665	6.961719	bus	NO_MATCH					862	Stadtlohn, Breul / Stadtlohn, Gescher-Dyk-Schule		POINT(6.961719 51.985665)
1056	Estern (Stadtl. )	Schanzbrücke	de:05554:16991:0:2	51.985665	6.961719	bus	NO_MATCH					862	Estern (Stadtlohn), Kösser		POINT(6.961719 51.985665)
1057	Estern (Stadtlohn)	Geldgatt	de:05554:30725:0:1	51.98114	6.953436	bus	MATCHED	n768352213	3.1	1.0	Geldkat	R61	Stadtlohn, Gymnasium / Stadtlohn, Breul	Gymnasium / Breul	LINESTRING(6.953436 51.98114,6.953459700000001 51.9811634)
1058	Estern (Stadtlohn)	Geldgatt	de:05554:30725:0:2	51.981295	6.952915	bus	MATCHED	n768352216	49.4	1.0	Geldkat	R61	Gescher, Schulzentrum / Estern (Stadtlohn), Ziegelei	Ziegelei	LINESTRING(6.952915 51.981295,6.953457 51.9810036)
1059	Estern (Stadtlohn)	Kruthoff	de:05554:16992:0:1	51.985898	6.950966		NO_MATCH_AND_SEEMS_UNSERVED								POINT(6.950966 51.985898)
1060	Estern (Stadtlohn)	Kruthoff	de:05554:16992:0:2	51.985898	6.950966		NO_MATCH_AND_SEEMS_UNSERVED								POINT(6.950966 51.985898)
1061	Estern (Stadtlohn)	Kösser	de:05554:16990:0:1	51.987165	6.973181	bus	MATCHED_THOUGH_OSM_NO_NAME	n752619353	35.0	0.11		862	Estern (Stadtl.), Schanzbrücke		LINESTRING(6.973181 51.987165,6.9736899 51.9871877)
1062	Estern (Stadtlohn)	Kösser	de:05554:16990:0:2	51.987165	6.973181	bus	MATCHED_THOUGH_OSM_NO_NAME	n752619363	9.1	0.21		862	Estern (Stadtlohn), Suttrup		LINESTRING(6.973181 51.987165,6.9731078 51.987233200000006)
1063	Estern (Stadtlohn)	Rotherm	de:05554:16988:0:1	51.992569	6.998029	bus	NO_MATCH					862	Estern (Stadtlohn), Suttrup / Büren (Stadtlohn), Kirche		POINT(6.998029 51.992569)
1064	Estern (Stadtlohn)	Suttrup	de:05554:16989:0:1	51.991717	6.984491	bus	NO_MATCH					862	Estern (Stadtlohn), Kösser		POINT(6.984491 51.991717)
1065	Estern (Stadtlohn)	Suttrup	de:05554:16989:0:2	51.991717	6.984491	bus	NO_MATCH					862	Estern (Stadtlohn), Rotherm		POINT(6.984491 51.991717)
1066	Estern (Stadtlohn)	Ziegelei	de:05554:16576:0:1	51.976398	6.961117	bus	MATCHED	n768352218	5.2	1.0	Ziegelei	N17,R61	Estern (Stadtlohn), Geldgatt / Stadtlohn, Breul	Breul / Geldkat	LINESTRING(6.961117 51.976398,6.961155700000001 51.976358100000006)
1067	Estern (Stadtlohn)	Ziegelei	de:05554:16576:0:2	51.975369	6.962222	bus	MATCHED	n634146149	0.9	1.0	Ziegelei	N17,R61	Gescher, Estern	Estern	LINESTRING(6.962222 51.975369,6.9622099 51.9753671)
1068	Gaxel	Abzw. Industriegebiet	de:05554:12957:0:1	52.019942	6.802942	bus	MATCHED	n11291825290	21.2	1.0	Abzweig Industriegebiet	R71	Gaxel, Birkhahnweg	Birkhahnweg	LINESTRING(6.802942 52.019942,6.803164300000001 52.0200747)
1069	Gaxel	Abzw. Industriegebiet	de:05554:12957:0:2	52.019942	6.802942	bus	MATCHED	n11291825291	16.5	1.0	Abzweig Industriegebiet	R71	Gaxel, Grenzübergang	Grenzübergang	LINESTRING(6.802942 52.019942,6.802724400000001 52.0198783)
1070	Gaxel	Birkhahnweg	de:05554:12955:0:1	52.024265	6.808826	bus	MATCHED	n5550613915	21.7	1.0	Birkhahnweg	R71	Vreden, Winterswijker Str.	Winterswyker Straße	LINESTRING(6.808826 52.024265,6.8090256 52.0244161)
1071	Gaxel	Birkhahnweg	de:05554:12955:0:2	52.024171	6.808547	bus	MATCHED	n5550613914	18.5	1.0	Birkhahnweg	R71	Gaxel, Abzw. Industriegebiet	Abzweig Industriegebiet	LINESTRING(6.808547 52.024171,6.808343000000001 52.0240627)
1072	Gaxel	Depenbrock	de:05554:35396	52.011876	6.792297		MATCHED	n3296320661	6.2	0.6	Depenbrock				LINESTRING(6.792297 52.011876,6.7922485 52.011923100000004)
1073	Gaxel	Grenzübergang	de:05554:12956:0:1	52.009929	6.789467	bus	MATCHED	n5550613910	42.1	1.0	Grenzübergang	R71	Gaxel, Abzw. Industriegebiet	Abzweig Industriegebiet	LINESTRING(6.789467 52.009929,6.7891534 52.009604100000004)
1074	Gaxel	Grenzübergang	de:05554:12956:0:2	52.009929	6.789467	bus	MATCHED	n3296320662	42.8	1.0	Grenzübergang	R71	Winterswijk, Emmaschool		LINESTRING(6.789467 52.009929,6.7889664000000005 52.0096999)
1075	Gaxel	Industriegebiet	de:05554:30958	52.021495	6.805035		NO_MATCH_AND_SEEMS_UNSERVED								POINT(6.805035 52.021495)
1076	Gaxel	Lehmann	de:05554:30965	52.028698	6.762365		NO_MATCH_AND_SEEMS_UNSERVED								POINT(6.762365 52.028698)
1077	Gaxel	Leiking	de:05554:35216	52.035031	6.780367		NO_MATCH_AND_SEEMS_UNSERVED								POINT(6.780367 52.035031)
1078	Gaxel	Marienhook I	de:05554:30963:0:1	52.03077	6.786601	bus	MATCHED	n5557161722	11.2	0.66	Marienhook I	B3	Ellewick, Pension Höing	Pension Höing	LINESTRING(6.786601 52.03077,6.786730400000001 52.03070820000001)
1079	Gaxel	Marienhook I	de:05554:30963:0:2	52.030748	6.786691	bus	NO_MATCH_BUT_OTHER_PLATFORM_MATCHED					B3	Gaxel, Marienhook II		POINT(6.786691 52.030748)
1080	Gaxel	Marienhook II	de:05554:30962:0:1	52.029814	6.790832	bus	MATCHED	n5557161721	9.5	0.69	Marienhook II	B3	Gaxel, Marienhook I	Marienhook I	LINESTRING(6.790832 52.029814,6.7907336 52.0297544)
1081	Gaxel	Marienhook II	de:05554:30962:0:2	52.029858	6.790581	bus	NO_MATCH_BUT_OTHER_PLATFORM_MATCHED					B3	Vreden, Winterswijker Str.		POINT(6.790581 52.029858)
1082	Gaxel	Schützenhalle	de:05554:30961	52.029212	6.797857		NO_MATCH_AND_SEEMS_UNSERVED								POINT(6.797857 52.029212)
1083	Gaxel	Terpelle	de:05554:30964	52.023308	6.770171		NO_MATCH_AND_SEEMS_UNSERVED								POINT(6.770171 52.023308)
1084	Gaxel	Upgang	de:05554:31207	52.034501	6.770764		NO_MATCH_AND_SEEMS_UNSERVED								POINT(6.770764 52.034501)
1085	Gaxel	Venndiek	de:05554:30960	52.028101	6.802277		NO_MATCH_AND_SEEMS_UNSERVED								POINT(6.802277 52.028101)
1086	Gaxel	Wenning	de:05554:29851	52.043662	6.784697		NO_MATCH_AND_SEEMS_UNSERVED								POINT(6.784697 52.043662)
1087	Gemen	Auf den Bülten	de:05554:31014:0:1	52.078446	7.132336	bus	MATCHED_THOUGH_OSM_NO_NAME	n1965592724	23.3	0.14		774	Asbeck, Bölling		LINESTRING(7.132336 52.078446,7.1322928 52.078653900000006)
1088	Gemen	Auf den Bülten	de:05554:31014:0:2	52.078386	7.132345	bus	NO_MATCH_BUT_OTHER_PLATFORM_MATCHED					774	Gemen, Konert		POINT(7.132345 52.078386)
1089	Gemen	Bodelschwinghhaus	de:05554:21710:0:1	51.858046	6.865464	bus	MATCHED	n1270781632	2.9	1.0	Bodelschwinghhaus	753,N20,R76	Borken, Wilbecke / Borken, Wilbecke / Borken, Bahnhof / Borken, Bahnhof	Bahnhof	LINESTRING(6.865464 51.858046,6.8654529 51.8580204)
1090	Gemen	Bodelschwinghhaus	de:05554:21710:0:2	51.857797	6.865608	bus	MATCHED	n5298908322	8.4	1.0	Bodelschwinghhaus	724,751,N20,R51,R76	Gemen, Evers / Gemen, Ev.Johanneskirche / Borken, Bahnhof / Gemen, Ev.Johanneskirche / Borken, Jahnstr. / Borken, Bahnhof	Evers / Evangelische Johanneskirche	LINESTRING(6.865608 51.857797,6.8656249 51.8577226)
1091	Gemen	Cordulaschule	de:05554:30800:0:1	51.859977	6.866803		MATCHED	n5208880503	5.1	0.62	Cordulaschule				LINESTRING(6.866803 51.859977,6.866853300000001 51.8600111)
1092	Gemen	Ev. Johanneskirche	de:05554:30618:0:1	51.860121	6.865366	bus	MATCHED	n5298908325	1.7	1.0	Evangelische Johanneskirche	751,853,N20,R51	Gemen, Evers / Borken, Bahnhof / Gemen, Bodelschwinghhaus / Borken, Jodocus Nünning GE / Ramsdorf, Niehues	Bodelschwinghhaus / Evers	LINESTRING(6.865366 51.860121,6.8653513 51.860108800000006)
1093	Gemen	Ev. Johanneskirche	de:05554:30618:0:2	51.860221	6.865958	bus	MATCHED	n1270781631	0.4	1.0	Evangelische Johanneskirche	751,N20,R51	Ramsdorf, Lünsberg / Gemen, Bodelschwinghhaus	Niehues / RotKreuz-Zentrum / Lünsberg	LINESTRING(6.865958 51.860221,6.8659626000000005 51.860218800000006)
1094	Gemen	Evers	de:05554:21708:0:1	51.861059	6.86294	bus	MATCHED	n5345270475	8.5	1.0	Evers	753,853,R54,R76	Borken, Steingrube/Finanzamt / Borken, Otto-Hahn-Straße / Borken, Bahnhof / Gemen, Bodelschwinghhaus	Evangelische Johanneskirche	LINESTRING(6.86294 51.861059,6.8628328000000005 51.86102150000001)
1095	Gemen	Evers	de:05554:21708:0:2	51.861059	6.86294	bus	MATCHED	n5345270476	14.7	1.0	Evers	853,R54,R76	Gemen, Feldstiege / Weseke, Ev. Kirche / Gemen, Wakelkamp	Schlückersring / Feldstiege	LINESTRING(6.86294 51.861059,6.862987 51.861188000000006)
1096	Gemen	Ewigmann	de:05554:64468:0:1	52.086743	7.115726	bus	MATCHED	n5339317772	50.8	1.0	Ewigmann	B1	Gemen, Kirche	Kirche	LINESTRING(7.115726 52.086743,7.116223700000001 52.086404)
1097	Gemen	Ewigmann	de:05554:64468:0:2	52.086743	7.115726	bus	MATCHED	n5339317773	60.3	1.0	Ewigmann	B1	Averbeck, Brookweg	Brookweg	LINESTRING(7.115726 52.086743,7.116412800000001 52.086404)
1098	Gemen	Feldstiege	de:05554:30798:0:1	51.862435	6.858961	bus	MATCHED	n5519771470	12.4	1.0	Feldstiege	853	Gemen, Evers	Evers	LINESTRING(6.858961 51.862435,6.8587880000000006 51.862465500000006)
1099	Gemen	Feldstiege	de:05554:30798:0:2	51.862629	6.85879	bus	MATCHED	n2589171685	3.2	1.0	Feldstiege	853	Gemen, Weseker Landweg	Weseker Landweg	LINESTRING(6.85879 51.862629,6.8587949 51.862658)
1100	Gemen	Kirche	de:05554:17480:0:1	52.090408	7.136342	bus	MATCHED	n5339317768	8.9	1.0	Kirche	774,B1	Gemen, Rölfer / Gemen, Piepersweg / Gemen, Ewigmann		LINESTRING(7.136342 52.090408,7.136292 52.090482200000004)
1101	Gemen	Kirche	de:05554:17480:0:2	52.090348	7.136082	bus	MATCHED	n1965687253	11.3	1.0	Kirche	774	Gemen, Konert	Ewigmann / Röfler	LINESTRING(7.136082 52.090348,7.1361558 52.090257300000005)
1102	Gemen	Konert	de:05554:31010:0:1	52.08543	7.122724	bus	MATCHED_THOUGH_OSM_NO_NAME	n1965626570	22.0	0.14		774	Gemen, Kirche / Gemen, Auf den Bülten		LINESTRING(7.122724 52.08543,7.122932700000001 52.0855807)
1103	Gemen	Konert	de:05554:31010:0:2	52.085369	7.12276	bus	NO_MATCH_BUT_OTHER_PLATFORM_MATCHED					774	Wehr, Düstermühle		POINT(7.12276 52.085369)
1104	Gemen	Pestkapelle	de:05554:63212:0:1	52.092462	7.14643		NO_MATCH_AND_SEEMS_UNSERVED								POINT(7.14643 52.092462)
1105	Gemen	Piepersweg	de:05554:31009:0:1	52.094195	7.155306	bus	NO_MATCH					774	Ramsberg, Gasth. Roters		POINT(7.155306 52.094195)
1106	Gemen	Piepersweg	de:05554:31009:0:2	52.094184	7.15518	bus	NO_MATCH					774	Gemen, Kirche		POINT(7.15518 52.094184)
1107	Gemen	RotKreuz-Zentrum	de:05554:36128:0:1	51.86046	6.875076	bus	MATCHED	n5519771468	16.6	1.0	RotKreuz-Zentrum	853	Gemen, Ev.Johanneskirche	Evangelische Johanneskirche	LINESTRING(6.875076 51.86046,6.875263500000001 51.8605535)
1108	Gemen	RotKreuz-Zentrum	de:05554:36128:0:2	51.860521	6.875364	bus	NO_MATCH_BUT_OTHER_PLATFORM_MATCHED					853			POINT(6.875364 51.860521)
1109	Gemen	Rölfer	de:05554:17479:0:1	52.082587	7.118538	bus	MATCHED	n5339317762	7.4	1.0	Röfler	B1	Wehr, Kriegerdenkmal	Kriegerdenkmal	LINESTRING(7.118538 52.082587,7.118494200000001 52.0825266)
1110	Gemen	Rölfer	de:05554:17479:0:2	52.082587	7.118538	bus	MATCHED	n5339317761	13.3	1.0	Röfler	B1	Gemen, Kirche	Kirche	LINESTRING(7.118538 52.082587,7.118635 52.082483700000004)
1111	Gemen	Schweers	de:05554:21707:0:1	51.877272	6.858269	bus	MATCHED	n5345251445	3.0	1.0	Schweers	753,R76	Gemenwirthe, Alte Mühle	Alte Mühle	LINESTRING(6.858269 51.877272,6.858309200000001 51.8772825)
1112	Gemen	Schweers	de:05554:21707:0:2	51.878642	6.858377	bus	MATCHED	n5345251444	9.8	1.0	Schweers	R76	Weseke, Ev. Kirche	Evangelische Kirche	LINESTRING(6.858377 51.878642,6.8584943 51.8786916)
1113	Gemen	Wakelkamp	de:05554:30838:0:1	51.860121	6.856293	bus	MATCHED	n2589171703	2.7	1.0	Wakelkamp	R54	Gemen, Evers / Gemen, Evers		LINESTRING(6.856293 51.860121,6.8562997 51.8600968)
1114	Gemen	Wakelkamp	de:05554:30838:0:2	51.860077	6.856032	bus	NO_MATCH_BUT_OTHER_PLATFORM_MATCHED					R54	Gemenwirthe, Alte Mühle		POINT(6.856032 51.860077)
1115	Gemen	Weseker Landweg	de:05554:30828:0:1	51.864992	6.856876	bus	MATCHED	n5519771473	39.8	1.0	Weseker Landweg	853	Gemen, Feldstiege	Feldstiege	LINESTRING(6.856876 51.864992,6.8564511 51.8652345)
1116	Gemen	Weseker Landweg	de:05554:30828:0:2	51.865186	6.856769	bus	MATCHED	n2589171707	11.1	1.0	Weseker Landweg	853	Borken, Josef-Haydn-Straße	Joseph-Haydn-Straße	LINESTRING(6.856769 51.865186,6.856643 51.8652482)
1117	Gemen	Weseker Landweg	de:05554:30828:0:3	51.865158	6.85667		NO_MATCH_AND_SEEMS_UNSERVED								POINT(6.85667 51.865158)
1118	Gemenkrückl.	Schlattmann	de:05554:30825:0:1	51.874261	6.881185		MATCHED	n2545370767	9.4	0.49	Schlattmann				LINESTRING(6.881185 51.874261,6.8813181000000005 51.8742783)
1119	Gemenkrückl.	Schlattmann	de:05554:30825:0:2	51.874249	6.881463		NO_MATCH_AND_SEEMS_UNSERVED								POINT(6.881463 51.874249)
1120	Gemenkrückling	Beiring	de:05554:30823:0:1	51.866989	6.891614		NO_MATCH_AND_SEEMS_UNSERVED								POINT(6.891614 51.866989)
1121	Gemenkrückling	Beiring	de:05554:30823:0:2	51.867128	6.891507		NO_MATCH_AND_SEEMS_UNSERVED								POINT(6.891507 51.867128)
1122	Gemenkrückling	Kamperschroer	de:05554:30827:0:1	51.868453	6.868761		MATCHED	n2545370730	8.7	0.51	Kamperschroer				LINESTRING(6.868761 51.868453,6.868665600000001 51.868401500000004)
1123	Gemenkrückling	Kamperschroer	de:05554:30827:0:2	51.868587	6.868761		NO_MATCH_AND_SEEMS_UNSERVED								POINT(6.868761 51.868587)
1124	Gemenkrückling	Ketteler	de:05554:34720	51.877205	6.899609		NO_MATCH_AND_SEEMS_UNSERVED								POINT(6.899609 51.877205)
1125	Gemenkrückling	Meßling	de:05554:34722	51.890546	6.88768		NO_MATCH_AND_SEEMS_UNSERVED								POINT(6.88768 51.890546)
1126	Gemenkrückling	Reining	de:05554:30826:0:1	51.875952	6.871447		NO_MATCH_AND_SEEMS_UNSERVED								POINT(6.871447 51.875952)
1127	Gemenkrückling	Reining	de:05554:30826:0:2	51.876163	6.871492		MATCHED	n1497215431	5.2	0.62	Reining				LINESTRING(6.871492 51.876163,6.871435900000001 51.8761318)
1128	Gemenkrückling	Roienkamp	de:05554:34721	51.880045	6.885937		NO_MATCH_AND_SEEMS_UNSERVED								POINT(6.885937 51.880045)
1129	Gemenkrückling	Schulze-Döring	de:05554:35318	51.89308	6.89201		NO_MATCH_AND_SEEMS_UNSERVED								POINT(6.89201 51.89308)
1130	Gemenkrückling	Weddeling	de:05554:30824:0:1	51.873212	6.888973		MATCHED	n2545370777	3.3	0.71	Weddeling				LINESTRING(6.888973 51.873212,6.889019200000001 51.873218200000004)
1131	Gemenkrückling	Weddeling	de:05554:30824:0:2	51.873162	6.889108		NO_MATCH_AND_SEEMS_UNSERVED								POINT(6.889108 51.873162)
1132	Gemenwirthe	Alte Mühle	de:05554:30704:0:1	51.85727	6.841434	bus	MATCHED	n5345251441	9.6	1.0	Alte Mühle	753,R54,R76	Gemen, Wakelkamp / Borken, Kreishaus	Kreishaus	LINESTRING(6.841434 51.85727,6.8412986 51.8572919)
1133	Gemenwirthe	Alte Mühle	de:05554:30704:0:2	51.857064	6.841515	bus	MATCHED	n5345251440	7.6	1.0	Alte Mühle	R76	Gemen, Schweers	Schweers	LINESTRING(6.841515 51.857064,6.841617800000001 51.857089800000004)
1134	Gemenwirthe	Alte Mühle	de:05554:30704:0:3	51.858413	6.841596	bus	MATCHED	n1447653199	39.0	1.0	Alte Mühle	721,R54	Burlo, Vennweg / Gemenwirthe, DRK-Bildungshaus	DRK-Bildungshaus	LINESTRING(6.841596 51.858413,6.8417957000000005 51.858741300000005)
1135	Gemenwirthe	Beckmann	de:05554:30835:0:1	51.856243	6.819201		NO_MATCH_AND_SEEMS_UNSERVED								POINT(6.819201 51.856243)
1136	Gemenwirthe	DRK-Bildungshaus	de:05554:30705:0:1	51.864299	6.839485	bus	MATCHED	n5535181337	9.3	1.0	DRK-Bildungshaus	R54	Borkenwirthe, Alferding / Borkenwirthe, Epskamp	Epskamp	LINESTRING(6.839485 51.864299,6.8395498 51.8643724)
1137	Gemenwirthe	DRK-Bildungshaus	de:05554:30705:0:2	51.864238	6.839548	bus	MATCHED	n5535181336	28.8	1.0	DRK-Bildungshaus	R54	Gemenwirthe, Alte Mühle	Alte Mühle	LINESTRING(6.839548 51.864238,6.8393674 51.864471)
1138	Gemenwirthe	DRK-Bildungshaus	de:05554:30705:0:3	51.864143	6.839566		NO_MATCH_AND_SEEMS_UNSERVED								POINT(6.839566 51.864143)
1139	Gemenwirthe	Fortmann	de:05554:30829:0:1	51.870617	6.849708		MATCHED	n2589171689	9.2	0.5	Fortmann				LINESTRING(6.849708 51.870617,6.8497012 51.870699900000005)
1140	Gemenwirthe	Haddick	de:05554:30830:0:1	51.883117	6.841722		NO_MATCH_AND_SEEMS_UNSERVED								POINT(6.841722 51.883117)
1141	Gemenwirthe	Hante	de:05554:30837:0:1	51.859833	6.807272		MATCHED	n574953000	4.7	0.64	Hante				LINESTRING(6.807272 51.859833,6.8072517 51.859793)
1142	Gemenwirthe	Jakob	de:05554:30831:0:1	51.878486	6.844534		MATCHED	n2589171693	9.9	0.48	Jakob				LINESTRING(6.844534 51.878486,6.8445092 51.878573800000005)
1143	Gemenwirthe	Leesing	de:05554:30833:0:1	51.853619	6.842396		NO_MATCH_AND_SEEMS_UNSERVED								POINT(6.842396 51.853619)
1144	Gemenwirthe	Lesingsbusch	de:05554:36725:0:1	51.888395	6.847363		MATCHED	n2589171696	52.2	0.16	Lesingsbusch				LINESTRING(6.847363 51.888395,6.847742500000001 51.8879886)
1145	Gemenwirthe	Rensing	de:05554:30834:0:1	51.854429	6.827043		NO_MATCH_AND_SEEMS_UNSERVED								POINT(6.827043 51.854429)
1146	Gemenwirthe	Rottbeck	de:05554:30832:0:1	51.877011	6.826594		NO_MATCH_AND_SEEMS_UNSERVED								POINT(6.826594 51.877011)
1147	Gemenwirthe	Rössing	de:05554:30836:0:1	51.857974	6.815446		NO_MATCH_AND_SEEMS_UNSERVED								POINT(6.815446 51.857974)
1148	Gemenwirthe	Schröer	de:05554:30821:0:1	51.866024	6.811278		MATCHED	n574468996	2.5	0.75	Schröer				LINESTRING(6.811278 51.866024,6.8112691000000005 51.86604620000001)
1149	Gemmenwirthe	Albers	de:05554:24931:0:1	51.883566	6.851154		MATCHED	n2589171681	3.7	0.69	Albers				LINESTRING(6.851154 51.883566,6.851174 51.8835965)
1150	Gerwinghook	Bessler	de:05554:21271:0:1	52.138826	6.89589	bus	MATCHED	n2286065180	16.9	0.43	Bessler	821	Brinkerhook, Trafo Brink		LINESTRING(6.89589 52.138826,6.8957363 52.138945400000004)
1151	Gerwinghook	Bessler	de:05554:21271:0:2	52.138826	6.89589	bus	NO_MATCH_BUT_OTHER_PLATFORM_MATCHED					821	Gerwinghook, Heimathaus		POINT(6.89589 52.138826)
1152	Gerwinghook	Heimathaus	de:05554:21717:0:1	52.13533	6.88997	bus	NO_MATCH					821	Gerwinghook, Bessler		POINT(6.88997 52.13533)
1153	Gerwinghook	Heimathaus	de:05554:21717:0:2	52.135325	6.88997	bus	NO_MATCH					821	Gerwinghook, Holters		POINT(6.88997 52.135325)
1154	Gerwinghook	Holters	de:05554:21716:0:1	52.136323	6.882236	bus	NO_MATCH					821	Gerwinghook, Heimathaus		POINT(6.882236 52.136323)
1155	Gerwinghook	Holters	de:05554:21716:0:2	52.136323	6.882227	bus	NO_MATCH					821	Beßlinghook, Abzw. Haarmühle		POINT(6.882227 52.136323)
1156	Gescher	Abzw. Alte Feldmark	de:05554:36138	51.940338	6.992935		NO_MATCH_AND_SEEMS_UNSERVED								POINT(6.992935 51.940338)
1157	Gescher	Bürener Damm	de:05554:30864:0:1	51.959833	7.013129	bus	NO_MATCH					776	Harwick, Campingplatz		POINT(7.013129 51.959833)
1158	Gescher	Bürener Damm	de:05554:30864:0:2	51.959988	7.013103	bus	NO_MATCH					776	Gescher, Rathaus / Gescher, Museumshof		POINT(7.013103 51.959988)
1159	Gescher	Ehem. Bahnhof	de:05554:16584:0:1	51.945865	7.019831	bus	MATCHED	n634146152	4.1	1.0	ehemaliger Bahnhof	761,776,R51,R61	Gescher, Neuer Kamp / Gescher, Schildarpstraße / Gescher, Schulzentrum / Gescher, Hallerweg	Gabelpunkt / Schildarpstraße	LINESTRING(7.019831 51.945865,7.0197808 51.945885600000004)
1160	Gescher	Ehem. Bahnhof	de:05554:16584:0:2	51.946014	7.01984	bus	MATCHED	n761129159	2.3	1.0	ehemaliger Bahnhof	761,776,R51,R61	Gescher, Schildarpstraße / Gescher, Gabelpunkt / Gescher, Hallerweg	Schulzentrum / Neuer Kamp	LINESTRING(7.01984 51.946014,7.019870200000001 51.946023000000004)
1161	Gescher	Estern	de:05554:16577:0:1	51.968385	6.975688	bus	MATCHED	n767041652	5.2	1.0	Estern	N17,R61	Estern (Stadtlohn), Ziegelei / Gescher, Liebigstr.	Ziegelei	LINESTRING(6.975688 51.968385,6.9757629 51.968377200000006)
1162	Gescher	Estern	de:05554:16577:0:2	51.967848	6.976308	bus	MATCHED_THOUGH_REVERSED_DIR	n634146148	1.2	1.0	Estern	N17	Estern (Stadtlohn), Ziegelei	Liebigstraße	LINESTRING(6.976308 51.967848,6.976301 51.9678577)
1163	Gescher	Fabrikstraße	de:05554:35475:0:2	51.956755	7.01136	bus	MATCHED	n634146160	6.4	1.0	Fabrikstraße	R51	Gescher, Hallerweg	Hallerweg	LINESTRING(7.01136 51.956755,7.0114523 51.9567464)
1164	Gescher	Feldkamp	de:05554:34660:0:1	51.951617	6.99652	bus	MATCHED	n634146154	1.8	1.0	Feldkamp	761,R61	Gescher, Schulzentrum / Gescher, Schultenrott / Gescher, Hofstraße / Gescher, Hofstraße	Schulzentrum / Hofstraße	LINESTRING(6.99652 51.951617,6.996544900000001 51.9516124)
1165	Gescher	Feldkamp	de:05554:34660:0:2	51.950964	6.997301		MATCHED	n755795013	5.2	1.0	Feldkamp			Schultenrott	LINESTRING(6.997301 51.950964,6.997347700000001 51.950926800000005)
1166	Gescher	Gabelpunkt	de:05554:16585:0:1	51.935708	7.033961	bus	MATCHED	w556178334	5.1	1.0	Gabelpunkt	761,776,R51,R61	Gescher, Schildarpstraße / Gescher, Ehem. Bahnhof / Hochmoor, Tungerloh-Pröbsting	Pröbsting	LINESTRING(7.033961 51.935708,7.033914799999996 51.93574375000001)
1167	Gescher	Gabelpunkt	de:05554:16585:0:2	51.936572	7.032928	bus	MATCHED	w185982562	9.0	1.0	Gabelpunkt	776,R51,R61	Gescher, Lanfer / Gescher, Schildarpstraße / Hochmoor, Tungerloh-Pröbsting	Schildarpstraße / Fabrikstraße / Lanfer	LINESTRING(7.032928 51.936572,7.033035100000005 51.936524950000006)
1168	Gescher	Gabelpunkt	de:05554:16585:0:3	51.935719	7.032237	bus	MATCHED	n5365264573	7.4	1.0	Gabelpunkt	751,R51	Velen, Ellinghaus	Ellinghaus	LINESTRING(7.032237 51.935719,7.032267900000001 51.935783)
1169	Gescher	Hallerweg	de:05554:30603:0:1	51.9501	7.014055	bus	MATCHED_AMBIGUOUSLY	n5365264568	21.4	1.0	Hallerweg	776,R51	Gescher, Rathaus / Gescher, Ehem. Bahnhof		LINESTRING(7.014055 51.9501,7.0139946 51.950289100000006)
1170	Gescher	Hallerweg	de:05554:30603:0:1	51.9501	7.014055	bus	MATCHED_AMBIGUOUSLY	n634146161	6.4	1.0	Hallerweg	776,R51	Gescher, Rathaus / Gescher, Ehem. Bahnhof	ehemaliger Bahnhof	LINESTRING(7.014055 51.9501,7.0139635 51.9501098)
1171	Gescher	Hallerweg	de:05554:30603:0:2	51.950521	7.013633	bus	NO_MATCH_BUT_OTHER_PLATFORM_MATCHED					761,776,R51	Gescher, Ehem. Bahnhof / Gescher, Fabrikstraße		POINT(7.013633 51.950521)
1172	Gescher	Haus Hall	de:05554:36139	51.95526	7.037312		NO_MATCH_AND_SEEMS_UNSERVED								POINT(7.037312 51.95526)
1173	Gescher	Hofstraße	de:05554:16580:0:1	51.954314	6.999592	bus	MATCHED	n634146155	9.1	1.0	Hofstraße	761,776,R61	Gescher, Rathaus / Gescher, Museumshof	Museumshof	LINESTRING(6.999592 51.954314,6.9994977 51.954256)
1174	Gescher	Hofstraße	de:05554:16580:0:2	51.954397	7.000014	bus	MATCHED	n816419157	15.6	1.0	Hofstraße	761,776,R61	Gescher, Schulzentrum / Gescher, Feldkamp / Gescher, Rathaus	Schulzentrum / Feldkamp	LINESTRING(7.000014 51.954397,7.0002401 51.954407)
1175	Gescher	Lanfer	de:05554:30601:0:1	51.937253	7.046744	bus	MATCHED	n5365264554	4.9	1.0	Lanfer	761,R51	Gescher, Gabelpunkt / Gescher, Gabelpunkt / Gescher, Schildarpstraße / Gescher, Schildarpstraße	Fabrikstraße / Gabelpunkt	LINESTRING(7.046744 51.937253,7.0467478 51.937297)
1176	Gescher	Lanfer	de:05554:30601:0:2	51.937054	7.048263	bus	MATCHED	n5365264553	8.9	1.0	Lanfer	761,R51	Goxel, Klye / Goxel, Klye	Klye	LINESTRING(7.048263 51.937054,7.0483839 51.9370258)
1177	Gescher	Liebigstr. 	de:05554:64284:0:1	51.965031	6.983207	bus	MATCHED	n1496260028	5.0	1.0	Liebigstraße	N17,R61	Gescher, Estern / Gescher, Estern	Estern	LINESTRING(6.983207 51.965031,6.9832599 51.9649997)
1178	Gescher	Liebigstr. 	de:05554:64284:0:2	51.96477	6.983512	bus	MATCHED	n1496260027	35.4	1.0	Liebigstraße	N17,R61	Gescher, Mühlenweg / Gescher, Museumshof	Museumshof / Mühlenweg	LINESTRING(6.983512 51.96477,6.9830741000000005 51.964938100000005)
1179	Gescher	Museumshof	de:05554:16579:0:1	51.957071	7.000975	bus	MATCHED	n634146159	15.7	1.0	Museumshof	761,776,N17,R61	Gescher, Mühlenweg / Gescher, Bürener Damm / Gescher, Liebigstr. / Coesfeld, Schulzentrum / Gescher, Hofstraße / Tungerloh Capelle, Herbstmann	Liebigstraße / Mühlenweg	LINESTRING(7.000975 51.957071,7.0011893 51.9570221)
1180	Gescher	Museumshof	de:05554:16579:0:2	51.957087	7.001128		MATCHED	n816474351	16.3	1.0	Museumshof			Schulzentrum / Hofstraße	LINESTRING(7.001128 51.957087,7.0009087 51.957030800000005)
1181	Gescher	Mühlenweg	de:05554:16578:0:1	51.959839	6.994992	bus	MATCHED	n755795014	3.3	1.0	Mühlenweg	R61	Gescher, Liebigstr.	Liebigstraße	LINESTRING(6.994992 51.959839,6.9950311 51.959822)
1182	Gescher	Mühlenweg	de:05554:16578:0:2	51.959711	6.994894	bus	MATCHED	n634146147	11.4	1.0	Mühlenweg	R61	Gescher, Museumshof	Museumshof	LINESTRING(6.994894 51.959711,6.994734800000001 51.9597391)
1183	Gescher	Neuer Kamp	de:05554:34661:0:1	51.94824	7.008836	bus	MATCHED	n755794884	4.3	1.0	Neuer Kamp	761,R61	Gescher, Schultenrott / Gescher, Ehem. Bahnhof	Schultenrott	LINESTRING(7.008836 51.94824,7.008890500000001 51.9482586)
1184	Gescher	Neuer Kamp	de:05554:34661:0:2	51.948091	7.009949		MATCHED	n755794885	2.0	1.0	Neuer Kamp			ehemaliger Bahnhof	LINESTRING(7.009949 51.948091,7.0099654000000005 51.948075900000006)
1185	Gescher	Pankratiusschule	de:05554:10018:0:1	51.957204	7.001442		NO_MATCH_AND_SEEMS_UNSERVED								POINT(7.001442 51.957204)
1186	Gescher	Pankratiusschule	de:05554:10018:0:2	51.957215	7.001505		MATCHED	n2552965888	6.2	1.0	Pankratiusschule				LINESTRING(7.001505 51.957215,7.0015675 51.9571745)
1187	Gescher	Paschert	de:05554:36135	51.962994	7.016148		NO_MATCH_AND_SEEMS_UNSERVED								POINT(7.016148 51.962994)
1188	Gescher	Rathaus	de:05554:16581:0:1	51.955166	7.008557	bus	MATCHED	n634131150	14.8	1.0	Rathaus	761,776	Gescher, Hallerweg / Tungerloh Capelle, Herbstmann		LINESTRING(7.008557 51.955166,7.0084191 51.9550635)
1189	Gescher	Rathaus	de:05554:16581:0:2	51.955244	7.008871	bus	MATCHED	n766708271	16.6	1.0	Rathaus	776,R61	Gescher, Hofstraße		LINESTRING(7.008871 51.955244,7.0086309 51.9552302)
1190	Gescher	Schildarpstraße	de:05554:37242:0:1	51.942586	7.024403	bus	MATCHED	n11841021554	2.9	0.78	Schildarpstraße	761,R51,R61	Gescher, Gabelpunkt / Gescher, Ehem. Bahnhof / Gescher, Gabelpunkt / Gescher, Lanfer	Lanfer / Gabelpunkt	LINESTRING(7.024403 51.942586,7.024413300000001 51.9425606)
1191	Gescher	Schildarpstraße	de:05554:37242:0:2	51.943074	7.02399	bus	MATCHED	n11841021553	2.6	0.8	Schildarpstraße	761,R51,R61	Gescher, Gabelpunkt / Gescher, Ehem. Bahnhof / Gescher, Lanfer	ehemaliger Bahnhof	LINESTRING(7.02399 51.943074,7.023982 51.9430969)
1192	Gescher	Schultenrott	de:05554:34662:0:1	51.948766	7.002466	bus	MATCHED	n634146153	6.2	1.0	Schultenrott	761,R61	Gescher, Neuer Kamp / Gescher, Feldkamp	Feldkamp	LINESTRING(7.002466 51.948766,7.0025547 51.9487547)
1193	Gescher	Schultenrott	de:05554:34662:0:2	51.948661	7.002565		MATCHED	n755794881	5.6	1.0	Schultenrott			Neuer Kamp	LINESTRING(7.002565 51.948661,7.0024848 51.948653900000004)
1194	Gescher	Schulzentrum	de:05554:30726:0:1	51.950355	6.990618	bus	MATCHED	n634146156	100.2	1.0	Schulzentrum	761,R61	Gescher, Rathaus / Gescher, Hofstraße / Gescher, Museumshof / Gescher, Liebigstr.	Liebigstraße / Hofstraße / Rathaus	LINESTRING(6.990618 51.950355,6.991845700000001 51.9508403)
1195	Gescher	Schulzentrum	de:05554:30726:0:2	51.950793	6.99183		NO_MATCH_AND_SEEMS_UNSERVED								POINT(6.99183 51.950793)
1196	Gescher	Schulzentrum	de:05554:30726:0:3	51.95149	6.992405		NO_MATCH_AND_SEEMS_UNSERVED								POINT(6.992405 51.95149)
1197	Gescher	Schüring	de:05554:36137	51.947382	7.039666		NO_MATCH_AND_SEEMS_UNSERVED								POINT(7.039666 51.947382)
1198	Gescher	Tungerloh	de:05554:30729:0:1	51.95247	7.072463		NO_MATCH_AND_SEEMS_UNSERVED								POINT(7.072463 51.95247)
1199	Gescher	Tungerloh	de:05554:30729:0:2	51.952492	7.072652	bus	NO_MATCH					761	Stockum / Tungerloh, Capellen		POINT(7.072652 51.952492)
1200	Giethorst	Ahornweg	de:05554:16742:0:1	51.852786	6.6359	bus	MATCHED_THOUGH_REVERSED_DIR	n5345453582	5.9	1.0	Ahornweg	C1,C8	Giethorst, Ulmenweg / Giethorst, Kurzer Weg	Unter den Eichen	LINESTRING(6.6359 51.852786,6.6358401 51.8527484)
1201	Giethorst	Ahornweg	de:05554:16742:0:2	51.852764	6.635873	bus	MATCHED_THOUGH_REVERSED_DIR	n5345453583	13.7	1.0	Ahornweg	C1,C8	Giethorst, Unter den Eichen	Kurzer Weg / Ulmenweg	LINESTRING(6.635873 51.852764,6.635821300000001 51.8528826)
1202	Giethorst	Büningweg	de:05554:16745:0:1	51.848947	6.630151	bus	MATCHED_THOUGH_REVERSED_DIR	n5345453590	17.2	1.0	Büningweg	C1	Giethorst, Unter den Eichen	Vereinsstraße	LINESTRING(6.630151 51.848947,6.6299030000000005 51.848931900000004)
1203	Giethorst	Büningweg	de:05554:16745:0:2	51.848958	6.630124	bus	MATCHED_THOUGH_REVERSED_DIR	n5345453591	5.8	1.0	Büningweg	C1	Bocholt, Vereinsstraße	Unter den Eichen	LINESTRING(6.630124 51.848958,6.630195400000001 51.848930300000006)
1204	Giethorst	Euregio-Gymnasium	de:05554:30499:0:1	51.848863	6.636583	bus	MATCHED	n1711275238	30.3	1.0	Euregio-Gymnasium	750,R52	Bocholt, Bustreff	Bustreff	LINESTRING(6.636583 51.848863,6.6364308 51.8486071)
1205	Giethorst	Euregio-Gymnasium	de:05554:30499:0:2	51.848819	6.636574	bus	NO_MATCH_BUT_OTHER_PLATFORM_MATCHED					750,R52	Rhede, Gasthof Eming / Rhede, Bruktererstr.		POINT(6.636574 51.848819)
1206	Giethorst	Kurzer Weg	de:05554:63554:0:1	51.851915	6.630797	bus	MATCHED_THOUGH_REVERSED_DIR	n5347586857	16.1	1.0	Kurzer Weg	C1,C8	Giethorst, Louis-Pasteur-Ring / Bocholt, Fissenstegge	Unter den Eichen / Ahornweg	LINESTRING(6.630797 51.851915,6.6305695 51.8518836)
1207	Giethorst	Kurzer Weg	de:05554:63554:0:2	51.85191	6.630789	bus	MATCHED_THOUGH_REVERSED_DIR	n5347586858	13.1	1.0	Kurzer Weg	C1,C8	Giethorst, Unter den Eichen / Giethorst, Ahornweg	Fissenstegge / Louis-Pasteur-Ring	LINESTRING(6.630789 51.85191,6.6306554 51.8519938)
1208	Giethorst	Louis-Pasteur-Ring	de:05554:16814:0:1	51.852509	6.629351	bus	MATCHED_THOUGH_REVERSED_DIR	n5347586855	72.7	1.0	Louis-Pasteur-Ring	C1	Stenern, Virchow-Eck	Kurzer Weg	LINESTRING(6.629351 51.852509,6.628802500000001 51.8530674)
1209	Giethorst	Louis-Pasteur-Ring	de:05554:16814:0:2	51.85247	6.629297	bus	MATCHED_THOUGH_REVERSED_DIR	n5347586854	82.6	1.0	Louis-Pasteur-Ring	C1	Giethorst, Kurzer Weg	Virchow-Eck	LINESTRING(6.629297 51.85247,6.6289277 51.8531763)
1210	Giethorst	Ulmenweg	de:05554:16741:0:1	51.854984	6.6412	bus	MATCHED_THOUGH_REVERSED_DIR	n5352626321	12.0	1.0	Ulmenweg	C8	Giethorst, Vardingholter Str.	Ahornweg	LINESTRING(6.6412 51.854984,6.641028800000001 51.854965500000006)
1211	Giethorst	Ulmenweg	de:05554:16741:0:2	51.854978	6.641191	bus	MATCHED_THOUGH_REVERSED_DIR	n5352626120	5.4	1.0	Ulmenweg	C8	Giethorst, Ahornweg	Vardingholter Straße	LINESTRING(6.641191 51.854978,6.641179 51.85493030000001)
1212	Giethorst	Unter den Eichen	de:05554:16744:0:1	51.850905	6.634624	bus	MATCHED_THOUGH_REVERSED_DIR	n5345453584	21.0	1.0	Unter den Eichen	C1,C8	Giethorst, Ahornweg	Kurzer Weg / Büningweg	LINESTRING(6.634624 51.850905,6.6343622 51.850808300000004)
1213	Giethorst	Unter den Eichen	de:05554:16744:0:2	51.850933	6.634561	bus	MATCHED_THOUGH_REVERSED_DIR	n5345453589	10.4	1.0	Unter den Eichen	C1,C8	Giethorst, Büningweg / Giethorst, Kurzer Weg	Ahornweg	LINESTRING(6.634561 51.850933,6.6345687 51.8508398)
1214	Giethorst	Vardingholter Str. 	de:05554:61523:0:1	51.857813	6.648629	bus	MATCHED_THOUGH_REVERSED_DIR	n5352626115	10.4	1.0	Vardingholter Straße	C8	Barlo, Kortenhorn	Ulmenweg	LINESTRING(6.648629 51.857813,6.648539 51.8577383)
1215	Giethorst	Vardingholter Str. 	de:05554:61523:0:2	51.857797	6.64862	bus	MATCHED_THOUGH_REVERSED_DIR	n5352626114	9.9	1.0	Vardingholter Straße	C8	Giethorst, Ulmenweg	Kortenhorn	LINESTRING(6.64862 51.857797,6.6485028 51.8578485)
1216	Graes	Effkemann	de:05554:30868:0:1	52.132215	7.006159	bus	MATCHED	n5548529058	20.5	1.0	Effkemann	781	Epe, Abzw. Bf Lasterfeld	Abzweig Bahnhof Lasterfeld	LINESTRING(7.006159 52.132215,7.0062961 52.1323792)
1217	Graes	Effkemann	de:05554:30868:0:2	52.132143	7.00615	bus	MATCHED	n707863873	26.5	1.0	Effkemann	781	Graes, Fleer	Fleer	LINESTRING(7.00615 52.132143,7.005964400000001 52.1319335)
1218	Graes	Fleer	de:05554:30867:0:1	52.123662	6.993834	bus	MATCHED_THOUGH_REVERSED_DIR	n1261058448	13.9	1.0	Fleer	781	Graes, Effkemann	Kirche	LINESTRING(6.993834 52.123662,6.9937152000000005 52.1237635)
1219	Graes	Fleer	de:05554:30867:0:2	52.123667	6.993771	bus	MATCHED_THOUGH_REVERSED_DIR	n3312750400	19.1	1.0	Fleer	781	Graes, Kirche	Effkemann	LINESTRING(6.993771 52.123667,6.9940271 52.123598)
1220	Graes	Kalkwerk	de:05554:12958:0:1	52.112459	6.984383	bus	MATCHED	n3149561454	45.3	1.0	Kalkwerk	781,828	Graes, Kirche / Ahaus, Irena-Sendler-Gesamtschule	Kirche	LINESTRING(6.984383 52.112459,6.984461400000001 52.112863100000006)
1221	Graes	Kalkwerk	de:05554:12958:0:2	52.112448	6.984401	bus	MATCHED	n3149561455	8.5	1.0	Kalkwerk	781,828	Wessum, Bahnhof / Graes, Kirche / Graes, Kirche	Bahnhof	LINESTRING(6.984401 52.112448,6.984307800000001 52.1124985)
1222	Graes	Kirche	de:05554:21272:0:1	52.123573	6.988336	bus	MATCHED	n1495137410	7.5	1.0	Kirche	781,828,829,T22	Ahaus, Bahnhof / Brink, Sudhues / Graes, Fleer	Fleer	LINESTRING(6.988336 52.123573,6.9884436 52.1235628)
1223	Graes	Kirche	de:05554:21272:0:2	52.123485	6.988309	bus	MATCHED	n1495137411	7.2	1.0	Kirche	781,828,829,T22	Stegge, Blommel / Thiebrink, Meyer / Graes, Kalkwerk / Graes, Kalkwerk	Kalkwerk / Bahnhof	LINESTRING(6.988309 52.123485,6.988205600000001 52.123498100000006)
1224	Graes	Marienschule	de:05554:21273:0:1	52.124114	6.989369		NO_MATCH_AND_SEEMS_UNSERVED								POINT(6.989369 52.124114)
1225	Graes	Sparkasse	de:05554:11139	52.124263	6.98724		NO_MATCH_AND_SEEMS_UNSERVED								POINT(6.98724 52.124263)
1226	Graeser Brook	Brüning	de:05554:21276:0:1	52.144074	6.992145	bus	NO_MATCH					828	Graeser Brook, Haget		POINT(6.992145 52.144074)
1227	Graeser Brook	Gasth. Elfering	de:05554:21724:0:1	52.13436	7.001954	bus	MATCHED	n1409380538	4.1	0.64	Gasthaus Elfering	828	Graeser Brook, Plate		LINESTRING(7.001954 52.13436,7.0020132 52.1343571)
1228	Graeser Brook	Haget	de:05554:21277:0:1	52.154702	6.986243	bus	MATCHED	n1235157286	15.1	0.45	Haget	828	Nordiek, Hövel		LINESTRING(6.986243 52.154702,6.9863403 52.1548242)
1229	Graeser Brook	Löschteich	de:05554:21278:0:1	52.141268	7.006617	bus	MATCHED	n1409380556	10.4	0.53	Löschteich	829	Graes, Kirche		LINESTRING(7.006617 52.141268,7.0066649000000005 52.141356800000004)
1230	Graeser Brook	Löschteich	de:05554:21278:0:2	52.141263	7.006617	bus	MATCHED	n1409380555	9.4	0.55	Löschteich	829	Brink, Hünteler		LINESTRING(7.006617 52.141263,7.0065378 52.1411941)
1231	Graeser Brook	Plate	de:05554:21275:0:1	52.13946	6.99687	bus	NO_MATCH					828	Graeser Brook, Brüning		POINT(6.99687 52.13946)
1232	Gronau	AWO-Haus	de:05554:60363:0:1	52.219464	7.03857	bus	MATCHED	n502928114	12.7	1.0	AWO-Haus	C2	Gronau, Rüenberger Hof	Rüenberger Hof	LINESTRING(7.03857 52.219464,7.0387557 52.219472200000006)
1233	Gronau	AWO-Haus	de:05554:60363:0:2	52.21953	7.038696		MATCHED	n573744477	14.0	1.0	AWO-Haus				LINESTRING(7.038696 52.21953,7.038491400000001 52.2195284)
1234	Gronau	Abzw. Dreiländersee	de:05554:16896:0:1	52.237407	7.07647		MATCHED	n681821692	14.9	1.0	Abzweig Dreiländersee				LINESTRING(7.07647 52.237407,7.0764614 52.237273)
1235	Gronau	Ackerstr. 	de:05554:63942:0:1	52.208764	7.044759	bus	MATCHED	n647832598	25.5	1.0	Ackerstraße	C3	Gronau, Franzstr.	Franzstraße	LINESTRING(7.044759 52.208764,7.044902400000001 52.2089757)
1236	Gronau	Ackerstr. 	de:05554:63942:0:2	52.208736	7.044723	bus	MATCHED	n12827110531	29.0	1.0	Ackerstraße	C3	Gronau, Sparkasse	Huyssenstraße	LINESTRING(7.044723 52.208736,7.0447442 52.208996400000004)
1237	Gronau	Agnes-Miegel-Str. 	de:05554:16893:0:1	52.219502	7.053347		MATCHED	n598621076	7.4	1.0	Agnes-Miegel-Straße				LINESTRING(7.053347 52.219502,7.0534387 52.219467200000004)
1238	Gronau	Albrechtstr. 	de:05554:16880:0:1	52.205455	7.049143	bus	MATCHED	n559740794	16.2	1.0	Albrechtstraße	174,B11	Gronau, Sparkasse / Gronau, Heerweg	Sparkasse / Dibeliusstraße	LINESTRING(7.049143 52.205455,7.0489683 52.20555280000001)
1239	Gronau	Albrechtstr. 	de:05554:16880:0:2	52.205466	7.049098	bus	MATCHED	n648336588	16.7	1.0	Albrechtstraße	174,B11	Gronau, Dibeliusstr. / Gronau, Heerweg	Heerweg	LINESTRING(7.049098 52.205466,7.0489239 52.205361)
1240	Gronau	Alter Friedhof	de:05554:16873:0:1	52.209826	7.029721	bus	MATCHED	n5259253326	35.9	1.0	Alter Friedhof	C3	Gronau, Gartenstr.	Gartenstraße	LINESTRING(7.029721 52.209826,7.0291968 52.209840400000004)
1241	Gronau	Alter Friedhof	de:05554:16873:0:2	52.209925	7.029227	bus	MATCHED	n1323492843	36.4	1.0	Alter Friedhof	C3	Gronau, Hertie	Hertie	LINESTRING(7.029227 52.209925,7.029755700000001 52.2098838)
1242	Gronau	Alter Postweg	de:05554:16927:0:1	52.213756	7.031599		MATCHED	n620069554	9.4	1.0	Alter Postweg				LINESTRING(7.031599 52.213756,7.031735 52.213769500000005)
1243	Gronau	Am Driland	de:05554:16897:0:1	52.236604	7.070487		MATCHED	n5325075763	9.1	1.0	Am Driland				LINESTRING(7.070487 52.236604,7.0704545 52.236524900000006)
1244	Gronau	Am Driland	de:05554:16897:0:2	52.236604	7.070487		MATCHED	n5325075764	18.6	1.0	Am Driland				LINESTRING(7.070487 52.236604,7.070221200000001 52.236569300000006)
1245	Gronau	Am Schürbusch	de:05554:16892:0:1	52.215534	7.053563		MATCHED	n530207488	6.9	1.0	Am Schürbusch				LINESTRING(7.053563 52.215534,7.0536631000000005 52.2155276)
1246	Gronau	Autohaus Cyran	de:05554:68105:0:1	52.200776	7.068996		NO_MATCH_AND_SEEMS_UNSERVED								POINT(7.068996 52.200776)
1247	Gronau	Bachstr. 	de:05554:16898:0:1	52.226766	7.049655		MATCHED	n449629023	44.9	1.0	Bachstraße			Beethovenstraße	LINESTRING(7.049655 52.226766,7.049108100000001 52.22654240000001)
1248	Gronau	Bachstr. 	de:05554:16898:0:2	52.226475	7.049215	bus	MATCHED	n602526055	44.6	1.0	Bachstraße	C2	Gronau, Schöttelkotter Damm	Schöttelkotter Damm / Dreiländersee/L572	LINESTRING(7.049215 52.226475,7.0497414 52.2267123)
1249	Gronau	Bahnhof	de:05554:16870:1:1	52.215127	7.022238		NO_MATCH_AND_SEEMS_UNSERVED								POINT(7.022238 52.215127)
1250	Gronau	Bahnhof	de:05554:16870:2:.	52.214318	7.022499	bus	MATCHED	n1495137420	8.6	0.57	Bahnhof	174,781,782	Gronau, Hertie / Gronau, Berliner Platz	Hertie	LINESTRING(7.022499 52.214318,7.022518000000001 52.2143942)
1251	Gronau	Bahnhof	de:05554:16870:2:A	52.21434	7.022445		MATCHED	n1495137413	35.5	0.23	Bahnhof				LINESTRING(7.022445 52.21434,7.022316200000001 52.214648700000005)
1252	Gronau	Bahnhof	de:05554:16870:2:B	52.214406	7.022175	bus	MATCHED	n1495137419	5.5	0.4	Bahnhof	783,R77,X80	Gronau, Rüenberger Hof / Gronau, Hertie / Gronau (Westf), Möllenweg	Hertie	LINESTRING(7.022175 52.214406,7.022224700000001 52.214444900000004)
1253	Gronau	Bahnhof	de:05554:16870:2:C	52.214521	7.022625	bus	MATCHED	n1495137416	10.4	0.56	Bahnhof	C1	Gronau, Bottostr. / Gronau, Berliner Platz	Berliner Platz / Bottostraße	LINESTRING(7.022625 52.214521,7.0224986000000005 52.214468200000006)
1254	Gronau	Bahnhof	de:05554:16870:2:D	52.214488	7.022777	bus	MATCHED	n1495137417	7.3	0.65	Bahnhof	B11,C2,C3	Gronau, Zum Lukas-Krankenhaus / Gronau, Lukas-Krankenhaus / Gronau, Berliner Platz	Sankt-Antonius-Hospital / Zum Lukas Krankenhaus / Berliner Platz / Lukas-Krankenhaus	LINESTRING(7.022777 52.214488,7.022744100000001 52.2144258)
1255	Gronau	Bahnhof	de:05554:16870:89:89	52.214587	7.022445	bus	MATCHED	n1495137414	13.3	0.48	Bahnhof			Viktoriastraße / Rüenberger Hof / Möllenweg / Hertie	LINESTRING(7.022445 52.214587,7.022639300000001 52.2145985)
1256	Gronau	Bahnhof	de:05554:16870:91:1	52.215083	7.021879	train	MATCHED	n261745733	10.7	1.0	Gronau (Westf)	RB51	Gronau(Westf)Gr / Epe, Bahnhof / Epe, Bahnhof	Glanerbrug / Epe (Westf)	LINESTRING(7.021879 52.215083,7.0220335 52.2150686)
1257	Gronau	Bahnhof	de:05554:16870:91:2	52.215215	7.021915	train	MATCHED	n1934762125	6.8	1.0	Gronau (Westf)	RB64	Ochtrup, Bahnhof / Gronau(Westf)Gr	Ochtrup / Glanerbrug	LINESTRING(7.021915 52.215215,7.022014700000001 52.215209)
1258	Gronau	Bahnhof	de:05554:16870:92:3	52.215297	7.021933	train	MATCHED	n1993289228	44.0	1.0	Gronau (Westf)	RB51,RB64	Epe, Bahnhof / Gronau(Westf)Gr / Ochtrup, Bahnhof		LINESTRING(7.021933 52.215297,7.0212973000000005 52.2153597)
1259	Gronau	Beckerhookstr. 	de:05554:16914:0:1	52.213558	6.997373	bus	MATCHED	n1321579645	17.4	1.0	Beckerhookstraße	C1	Gronau, Klosterstiege	Klosterstiege	LINESTRING(6.997373 52.213558,6.9973713 52.2137146)
1260	Gronau	Beckerhookstr. 	de:05554:16914:0:2	52.213558	6.997373	bus	MATCHED	n1321579586	8.7	1.0	Beckerhookstraße	C1	Gronau, Breslauer Str.	Breslauer Straße	LINESTRING(6.997373 52.213558,6.997348700000001 52.2134809)
1261	Gronau	Beethovenstr. 	de:05554:16899:0:1	52.225253	7.047382		MATCHED	n5325051037	12.2	1.0	Beethovenstraße			Rüenberger Hof	LINESTRING(7.047382 52.225253,7.0472038 52.225252000000005)
1262	Gronau	Beethovenstr. 	de:05554:16899:0:2	52.225253	7.047382	bus	MATCHED	n5325051036	12.3	1.0	Beethovenstraße	C2	Gronau, Bachstr.	Bachstraße	LINESTRING(7.047382 52.225253,7.0475605 52.2252668)
1263	Gronau	Bergesbuer	de:05554:68101:0:1	52.202824	7.064962		NO_MATCH_AND_SEEMS_UNSERVED								POINT(7.064962 52.202824)
1264	Gronau	Berliner Platz	de:05554:16871:0:1	52.212094	7.020918	bus	MATCHED	n1650712427	4.6	1.0	Berliner Platz	782,B11,C1,C3	Gronau, Hertie / Gronau, Bahnhof / Gronau, Bahnhof	Sankt-Antonius-Hospital / Bahnhof	LINESTRING(7.020918 52.212094,7.020924000000001 52.212135200000006)
1265	Gronau	Berliner Platz	de:05554:16871:0:2	52.212078	7.021008	bus	MATCHED	n794104835	5.5	1.0	Berliner Platz	782,B11,C1,C3	Gronau, St.-Antonius-Hospital / Gronau, Hertie / Gronau, Bahnhof	Sankt-Antonius-Hospital / Hertie	LINESTRING(7.021008 52.212078,7.020994300000001 52.2120295)
1266	Gronau	Bethesda-Altenheim	de:05554:60719:0:1	52.217604	7.029353		MATCHED	n1454305943	2.1	1.0	Bethesda-Altenheim				LINESTRING(7.029353 52.217604,7.0293824 52.21760930000001)
1267	Gronau	Blücherstr. 	de:05554:12959:0:1	52.20692	7.02797	bus	MATCHED	n5284668467	27.1	1.0	Blücherstraße	781,782,783,N14,R77	Gronau, Hertie	Hertie	LINESTRING(7.02797 52.20692,7.0280018 52.2071629)
1268	Gronau	Blücherstr. 	de:05554:12959:0:2	52.206903	7.027826	bus	MATCHED	n530207533	5.6	1.0	Blücherstraße	781,782,783,N14,R77	Gronau, Brandströmstr. / Gronau, Schulzentrum	Brandströmstraße	LINESTRING(7.027826 52.206903,7.02779 52.2069479)
1269	Gronau	Borgwardstr. 	de:05554:62204:0:1	52.200544	7.064495	bus	MATCHED	n12827181033	10.4	0.4	Borgwardstraße	C3	Gronau, Düppelstr.	Düppelstraße / Steinfurter Straße	LINESTRING(7.064495 52.200544,7.0645027 52.2006378)
1270	Gronau	Borgwardstr. 	de:05554:62204:0:2	52.200544	7.064495	bus	NO_MATCH_BUT_OTHER_PLATFORM_MATCHED					C3	Gronau, Steinfurter Str.		POINT(7.064495 52.200544)
1271	Gronau	Bottostr. 	de:05554:16924:0:1	52.22068	7.014989	bus	MATCHED	n1454305946	8.5	1.0	Bottostraße	C1	Gronau, Bahnhof	Bahnhof	LINESTRING(7.014989 52.22068,7.014871200000001 52.220655400000005)
1272	Gronau	Bottostr. 	de:05554:16924:0:2	52.22068	7.014989	bus	MATCHED	n1454305948	8.6	1.0	Bottostraße	C1	Gronau, Spinnerei Deutschland	Spinnerei Deutschland	LINESTRING(7.014989 52.22068,7.014973100000001 52.2207567)
1273	Gronau	Brahmstr. 	de:05554:14196:0:1	52.225104	7.039513		MATCHED	n5325051049	1.7	0.52	Brahmsstraße				LINESTRING(7.039513 52.225104,7.039517900000001 52.225118900000005)
1274	Gronau	Brandströmstr. 	de:05554:16519:0:1	52.204299	7.027826	bus	MATCHED	n1323492815	1.3	1.0	Brandströmstraße	781,782,783,N14,R77	Gronau, Schulzentrum / Gronau, Blücherstr.	Blücherstraße	LINESTRING(7.027826 52.204299,7.0278176000000006 52.204288500000004)
1275	Gronau	Brandströmstr. 	de:05554:16519:0:2	52.204607	7.027565	bus	MATCHED	n662256908	8.0	1.0	Brandströmstraße	781,782,783,N14,R77	Epe, Westfalia	Westfalia	LINESTRING(7.027565 52.204607,7.0275543 52.204679000000006)
1276	Gronau	Breslauer Str. 	de:05554:16913:0:1	52.211323	6.998685	bus	MATCHED	n1336989699	13.8	1.0	Breslauer Straße	C1	Gronau, Beckerhookstr.	Beckerhookstraße	LINESTRING(6.998685 52.211323,6.9986872 52.2114471)
1277	Gronau	Breslauer Str. 	de:05554:16913:0:2	52.211323	6.998685	bus	MATCHED	n1336989750	26.0	1.0	Breslauer Straße	C1	Gronau, Buterlandschule	Buterlandschule	LINESTRING(6.998685 52.211323,6.9984948000000005 52.2115251)
1278	Gronau	Brookstr. 	de:05554:16925:0:1	52.218022	7.014585		MATCHED	n4407434603	11.6	1.0	Brookstraße				LINESTRING(7.014585 52.218022,7.014417000000001 52.218006100000004)
1279	Gronau	Brookstr. 	de:05554:16925:0:2	52.218022	7.014585		MATCHED	n5324986412	5.1	1.0	Brookstraße				LINESTRING(7.014585 52.218022,7.014564600000001 52.217978200000005)
1280	Gronau	Buterlandschule	de:05554:16912:0:1	52.209215	6.9997	bus	MATCHED	n1336989752	2.9	1.0	Buterlandschule	C1	Gronau, Breslauer Str.	Breslauer Straße	LINESTRING(6.9997 52.209215,6.9997305 52.2092328)
1281	Gronau	Buterlandschule	de:05554:16912:0:2	52.209215	6.9997	bus	MATCHED	n1336989783	9.4	1.0	Buterlandschule	C1	Gronau, Königsberger Str.	Königsberger Straße	LINESTRING(6.9997 52.209215,6.99957 52.209241500000005)
1282	Gronau	Bögehold	de:05554:16918:0:1	52.215347	7.006482	bus	MATCHED	n1321579540	16.7	1.0	Bögehold	C1	Gronau, Königstr.	Königstraße	LINESTRING(7.006482 52.215347,7.0066404 52.215233000000005)
1283	Gronau	Bögehold	de:05554:16918:0:2	52.215347	7.006482	bus	MATCHED	n1321579668	1.9	1.0	Bögehold	C1	Gronau, Eichenhofstr.	Eichenhofstraße	LINESTRING(7.006482 52.215347,7.006454400000001 52.215346800000006)
1284	Gronau	Damaschkering	de:05554:16890:0:1	52.223294	7.049942	bus	MATCHED	n530207487	13.7	1.0	Damaschkering	C2	Gronau, Im Winkel	Im Winkel	LINESTRING(7.049942 52.223294,7.0497418000000005 52.2232939)
1285	Gronau	Dibeliusstr. 	de:05554:16876:0:1	52.205703	7.043753	bus	MATCHED	n5325157510	44.6	1.0	Dibeliusstraße	B11	Gronau, Hallenbad	Hallenbad	LINESTRING(7.043753 52.205703,7.0433816 52.2053729)
1286	Gronau	Dibeliusstr. 	de:05554:16876:0:2	52.20578	7.043735	bus	MATCHED	n5325157509	4.0	1.0	Dibeliusstraße	B11	Gronau, Albrechtstr.	Albrechtstraße	LINESTRING(7.043735 52.20578,7.0437813 52.205757500000004)
1287	Gronau	Dieselstr. 	de:05554:16883	52.205235	7.062016		NO_MATCH_AND_SEEMS_UNSERVED								POINT(7.062016 52.205235)
1288	Gronau	Doetkottenweg	de:05554:62202:0:1	52.210223	7.006006	bus	MATCHED	n12826426823	4.2	1.0	Doetkottenweg	C1	Gronau, Sonnenstr.	Sonnenstraße	LINESTRING(7.006006 52.210223,7.0060104 52.210261100000004)
1289	Gronau	Doetkottenweg	de:05554:62202:0:2	52.210223	7.006006	bus	MATCHED	n12826426824	4.4	1.0	Doetkottenweg	C1	Gronau, Schäferweg	Schäferweg	LINESTRING(7.006006 52.210223,7.005997000000001 52.210183900000004)
1290	Gronau	Don-Bosco-Weg	de:05554:15602:0:1	52.200506	7.051739	bus	MATCHED	n5327871555	5.7	1.0	Don-Bosco-Weg	B11	Gronau, Heerweg	Heerweg	LINESTRING(7.051739 52.200506,7.0518225 52.200512100000005)
1291	Gronau	Don-Bosco-Weg	de:05554:15602:0:2	52.200517	7.051739	bus	MATCHED	n5327871556	34.8	1.0	Don-Bosco-Weg	B11	Epe, Gildehauser Damm	Gildehauser Damm	LINESTRING(7.051739 52.200517,7.0514739 52.2002498)
1292	Gronau	Dr. -Jan-Str. 	de:05554:16922:0:1	52.224235	7.009383	bus	MATCHED	n1336989736	1.9	1.0	Dr.-Jan-Straße	C1	Gronau, Spinnerei Deutschland	Spinnerei Deutschland	LINESTRING(7.009383 52.224235,7.0093762 52.2242186)
1293	Gronau	Dr. -Jan-Str. 	de:05554:16922:0:2	52.224235	7.009383	bus	MATCHED	n1336989769	9.7	1.0	Dr.-Jan-Straße	C1	Gronau, Herzogstr.	Herzogstraße	LINESTRING(7.009383 52.224235,7.009413100000001 52.224320000000006)
1294	Gronau	Dreiländersee/L572	de:05554:16933:0:1	52.24013	7.065995	bus	MATCHED_THOUGH_REVERSED_DIR	n602526065	6.0	0.55	Dreiländersee/L572	X80	Gronau, Rüenberger Hof	Fürstlicher Wald / Bahnhof	LINESTRING(7.065995 52.24013,7.0660784 52.2401118)
1295	Gronau	Dreiländersee/L572	de:05554:16933:0:2	52.239299	7.065546	bus	MATCHED_THOUGH_REVERSED_DIR	n440889698	6.9	0.52	Dreiländersee/L572	X80	Gildehaus Bahnhof	Bachstraße / Rüenberger Hof	LINESTRING(7.065546 52.239299,7.0654509 52.2392787)
1296	Gronau	Döhrmannplatz	de:05554:16906:0:1	52.210933	7.028006		MATCHED	n620069531	10.4	1.0	Döhrmannplatz				LINESTRING(7.028006 52.210933,7.027853800000001 52.2109266)
1297	Gronau	Döhrmannplatz	de:05554:16906:0:2	52.210426	7.02788		MATCHED	n794104824	10.8	1.0	Döhrmannplatz				LINESTRING(7.02788 52.210426,7.028037100000001 52.2104153)
1298	Gronau	Düppelstr. 	de:05554:16882:0:1	52.20306	7.059869	bus	MATCHED	n1295908001	8.1	1.0	Düppelstraße	174,C3	Gronau, Heerweg / Gronau, Borgwardstr.	Heerweg	LINESTRING(7.059869 52.20306,7.0598308 52.2031288)
1299	Gronau	Düppelstr. 	de:05554:16882:0:2	52.203066	7.059806	bus	MATCHED	n1295908005	14.1	1.0	Düppelstraße	174,C3	Gronau, Heerweg / Gronau, Ter-Meulen-Weg	Einsteinring / Ter-Meulen-Weg	LINESTRING(7.059806 52.203066,7.0596676 52.202972100000004)
1300	Gronau	Eichenhofstr. 	de:05554:16917:0:1	52.215738	7.00244	bus	MATCHED	n1454305957	15.8	1.0	Eichenhofstraße	C1	Gronau, Bögehold	Bögehold	LINESTRING(7.00244 52.215738,7.0026649 52.215706100000006)
1301	Gronau	Eichenhofstr. 	de:05554:16917:0:2	52.215738	7.00244	bus	MATCHED	n1454305961	15.2	1.0	Eichenhofstraße	C1	Gronau, Eisenbahnweg	Eisenbahnweg	LINESTRING(7.00244 52.215738,7.002640100000001 52.21579740000001)
1302	Gronau	Eilermarkschule	de:05554:63216:0:1	52.208593	7.05085	bus	MATCHED	n647832618	25.8	1.0	Eilermarkschule	C3	Gronau, Preußenstr. / Gronau, Heerweg	Heerweg	LINESTRING(7.05085 52.208593,7.0506694 52.208389200000006)
1303	Gronau	Einsteinring	de:05554:62207:0:1	52.203462	7.082668	bus	MATCHED	n13257084270	6.6	1.0	Einsteinring	C3	Gronau, Marie-Curie-Str.	Düppelstraße	LINESTRING(7.082668 52.203462,7.082588800000001 52.2034965)
1304	Gronau	Einsteinring	de:05554:62207:0:2	52.203462	7.082668	bus	NO_MATCH_BUT_OTHER_PLATFORM_MATCHED					C3			POINT(7.082668 52.203462)
1305	Gronau	Eisenbahnweg	de:05554:16916:0:1	52.215853	6.997957	bus	MATCHED	n1336989700	11.1	1.0	Eisenbahnweg	C1	Gronau, Eichenhofstr.	Eichenhofstraße	LINESTRING(6.997957 52.215853,6.9978078 52.215814400000006)
1306	Gronau	Eisenbahnweg	de:05554:16916:0:2	52.215853	6.997957	bus	MATCHED	n1336989810	13.9	1.0	Eisenbahnweg	C1	Gronau, Klosterstiege	Klosterstiege	LINESTRING(6.997957 52.215853,6.998138600000001 52.21591)
1307	Gronau	Erlöserkirche	de:05554:16920:0:1	52.217653	7.003562	bus	MATCHED_AMBIGUOUSLY	n12826426825	8.8	1.0	Erlöserkirche	C1	Gronau, Nikolausstr. / Gronau, Königstr.	Nikolausstraße	LINESTRING(7.003562 52.217653,7.003456900000001 52.21769930000001)
1308	Gronau	Erlöserkirche	de:05554:16920:0:1	52.217653	7.003562	bus	MATCHED_AMBIGUOUSLY	n573744426	6.7	1.0	Erlöserkirche	C1	Gronau, Nikolausstr. / Gronau, Königstr.	Königstraße	LINESTRING(7.003562 52.217653,7.0035413 52.2175937)
1309	Gronau	F. -Nansen-Realschule	de:05554:63221:0:1	52.205279	7.027287		NO_MATCH_AND_SEEMS_UNSERVED								POINT(7.027287 52.205279)
1310	Gronau	Franzstr. 	de:05554:16886:0:1	52.210388	7.048604	bus	MATCHED_AMBIGUOUSLY	n12827110530	64.0	1.0	Franzstraße	C3	Gronau, Ackerstr. / Gronau, Preußenstr.	Ackerstraße	LINESTRING(7.048604 52.210388,7.0476745 52.2104542)
1311	Gronau	Franzstr. 	de:05554:16886:0:1	52.210388	7.048604	bus	MATCHED_AMBIGUOUSLY	n583937501	64.2	1.0	Franzstraße	C3	Gronau, Ackerstr. / Gronau, Preußenstr.	Preußenstraße	LINESTRING(7.048604 52.210388,7.0476678 52.2103412)
1312	Gronau	Freiherr v. Vincke St. 	de:05554:60940:0:1	52.206336	7.053949		MATCHED	n647832588	12.5	0.33	Freiherr v.-Vincke-Straße				LINESTRING(7.053949 52.206336,7.053780400000001 52.2063794)
1313	Gronau	Freiherr v. Vincke St. 	de:05554:60940:0:2	52.206309	7.053976		MATCHED	n598621075	17.6	0.24	Freiherr-von-Vincke-Straße				LINESTRING(7.053976 52.206309,7.0541023 52.206171000000005)
1314	Gronau	Friedensweg	de:05554:16878:0:1	52.202444	7.042954	bus	MATCHED	n1386644799	10.3	1.0	Friedensweg	C3	Gronau, Hollandsiedlung	Hollandsiedlung	LINESTRING(7.042954 52.202444,7.042856700000001 52.2023735)
1315	Gronau	Friedensweg	de:05554:16878:0:2	52.202444	7.042954	bus	MATCHED	n559740773	8.7	1.0	Friedensweg	C3	Gronau, Hallenbad	Hallenbad	LINESTRING(7.042954 52.202444,7.043049300000001 52.202392200000006)
1316	Gronau	Gartenstr. 	de:05554:16874:0:1	52.209182	7.032506	bus	MATCHED	n982847010	12.4	1.0	Gartenstraße	C3	Gronau, Schützenhof	Schützenhof	LINESTRING(7.032506 52.209182,7.032331900000001 52.209150400000006)
1317	Gronau	Gartenstr. 	de:05554:16874:0:2	52.209221	7.032362	bus	MATCHED	n1323492826	12.8	1.0	Gartenstraße	C3	Gronau, Alter Friedhof	Alter Friedhof	LINESTRING(7.032362 52.209221,7.032544700000001 52.209247000000005)
1318	Gronau	Grünstiege	de:05554:16888	52.211945	7.045891		NO_MATCH_AND_SEEMS_UNSERVED								POINT(7.045891 52.211945)
1319	Gronau	Hagelsweg	de:05554:16895:0:1	52.235069	7.063121		MATCHED	n895864855	56.8	1.0	Hagelsweg				LINESTRING(7.063121 52.235069,7.063917 52.2352162)
1320	Gronau	Hagelsweg	de:05554:16895:0:2	52.234959	7.0626		MATCHED	n895864902	4.5	1.0	Hagelsweg				LINESTRING(7.0626 52.234959,7.062588000000001 52.2349985)
1321	Gronau	Hallenbad	de:05554:12960:0:1	52.204795	7.04069	bus	MATCHED_THOUGH_REVERSED_DIR	n620069540	22.7	1.0	Hallenbad	B11	Gronau, Hertie	Dibeliusstraße	LINESTRING(7.04069 52.204795,7.0408917 52.204632600000004)
1322	Gronau	Hallenbad	de:05554:12960:0:2	52.204806	7.040789	bus	MATCHED_THOUGH_REVERSED_DIR	n5324941607	5.5	1.0	Hallenbad	B11	Gronau, Dibeliusstr.	Schulzentrum	LINESTRING(7.040789 52.204806,7.0407289 52.2047729)
1323	Gronau	Hallenbad	de:05554:12960:0:3	52.204729	7.040905	bus	MATCHED	n12827761127	38.6	1.0	Hallenbad	C3	Gronau, Friedensweg	Friedensweg	LINESTRING(7.040905 52.204729,7.040458 52.204516500000004)
1324	Gronau	Hallenbad	de:05554:12960:0:4	52.204729	7.040995	bus	MATCHED	n12827761128	34.3	1.0	Hallenbad	C3	Gronau, Schützenhof	Schützenhof	LINESTRING(7.040995 52.204729,7.0405841 52.20455260000001)
1325	Gronau	Heerweg	de:05554:16881:0:1	52.204679	7.052395	bus	MATCHED	n648336612	46.9	1.0	Heerweg	174,B11,C3	Gronau, Don-Bosco-Weg / Gronau, Albrechtstr. / Gronau, Düppelstr.	Düppelstraße / Don-Bosco-Weg	LINESTRING(7.052395 52.204679,7.0529712 52.2044494)
1326	Gronau	Heerweg	de:05554:16881:0:2	52.204602	7.052862	bus	MATCHED	n559740800	27.2	1.0	Heerweg	174,B11,C3	Gronau, Albrechtstr. / Gronau, Eilermarkschule / Gronau, Düppelstr.	Albrechtstraße / Eilermarkschule	LINESTRING(7.052862 52.204602,7.053259000000001 52.204615100000005)
1327	Gronau	Hertie	de:05554:16872:0:1	52.209881	7.024448	bus	MATCHED	n1454305972	58.5	1.0	Hertie	174,781,782,783,B11,C3,N14,R77	Gronau, Berliner Platz / Gronau, Bahnhof / Gronau, Berliner Platz / Gronau, Bahnhof	Berliner Platz / Bahnhof	LINESTRING(7.024448 52.209881,7.0236669 52.2100967)
1328	Gronau	Hertie	de:05554:16872:0:2	52.209969	7.023568	bus	MATCHED	n794104834	7.5	1.0	Hertie	174,781,782,783,B11,C3,N14,R77	Gronau, Blücherstr. / Gronau, Hallenbad / Gronau, Alter Friedhof / Gronau, Sparkasse	Blücherstraße / Rathaus / Alter Friedhof	LINESTRING(7.023568 52.209969,7.0234629 52.209989500000006)
1329	Gronau	Herzogstr. 	de:05554:16921:0:1	52.221307	7.003652	bus	MATCHED	n573744430	14.4	1.0	Herzogstraße	C1	Gronau, Dr.-Jan-Str.	Dr.-Jan-Straße	LINESTRING(7.003652 52.221307,7.003730200000001 52.2214272)
1330	Gronau	Herzogstr. 	de:05554:16921:0:2	52.221307	7.003652	bus	MATCHED	n5324986400	20.6	1.0	Herzogstraße	C1	Gronau, Nikolausstr.	Nikolausstraße	LINESTRING(7.003652 52.221307,7.0035347 52.221136900000005)
1331	Gronau	Hollandsiedlung	de:05554:63943:0:1	52.202383	7.044535	bus	MATCHED	n662256926	123.2	1.0	Hollandsiedlung	C3	Gronau, Piepenpohlstr.	Piepenpohlstraße	LINESTRING(7.044535 52.202383,7.045185600000001 52.2034158)
1332	Gronau	Hollandsiedlung	de:05554:63943:0:2	52.202356	7.044481	bus	MATCHED	n662256927	122.2	1.0	Hollandsiedlung	C3	Gronau, Friedensweg	Friedensweg	LINESTRING(7.044481 52.202356,7.0450036 52.203406)
1333	Gronau	Huyssenstr. 	de:05554:63941:0:1	52.206221	7.045613		MATCHED	n647832551	80.9	1.0	Huyssenstraße			Ackerstraße	LINESTRING(7.045613 52.206221,7.044565700000001 52.206558900000005)
1334	Gronau	Huyssenstr. 	de:05554:63941:0:2	52.206259	7.045639		MATCHED	n614613317	51.4	1.0	Huyssenstraße			Piepenpohlstraße	LINESTRING(7.045639 52.206259,7.0448873 52.206275600000005)
1335	Gronau	Huyssenstr. 	de:05554:63941:0:A	52.206221	7.045613		NO_MATCH_AND_SEEMS_UNSERVED								POINT(7.045613 52.206221)
1336	Gronau	Im Morgenstern	de:05554:16877:0:1	52.203963	7.043034		MATCHED	n12827761131	21.0	0.31	Im Morgenstern				LINESTRING(7.043034 52.203963,7.042995100000001 52.204150500000004)
1337	Gronau	Im Morgenstern	de:05554:16877:0:2	52.203963	7.043034		MATCHED	n12827761132	21.3	0.31	Im Morgenstern				LINESTRING(7.043034 52.203963,7.043023900000001 52.203771200000006)
1338	Gronau	Im Winkel	de:05554:16930:0:1	52.221225	7.047822	bus	MATCHED	n530207641	4.8	1.0	Im Winkel	C2	Gronau, Starenstr.	Starenstraße	LINESTRING(7.047822 52.221225,7.0477525000000005 52.2212267)
1339	Gronau	Josefskirche	de:05554:16891:0:1	52.214874	7.049439		MATCHED	n530207496	6.2	1.0	Josefskirche				LINESTRING(7.049439 52.214874,7.049519500000001 52.214848700000005)
1340	Gronau	Josefskirche	de:05554:16891:0:2	52.214885	7.048559	bus	MATCHED	n647832645	4.0	1.0	Josefskirche	C2	Gronau, Kurt-Ackermann-Str.	Kurt-Ackermann-Straße	LINESTRING(7.048559 52.214885,7.048572500000001 52.2149201)
1341	Gronau	Jöbkesweg	de:05554:16884	52.21025	7.061531		NO_MATCH_AND_SEEMS_UNSERVED								POINT(7.061531 52.21025)
1342	Gronau	Kaiserstiege	de:05554:16889	52.214015	7.046619		NO_MATCH_AND_SEEMS_UNSERVED								POINT(7.046619 52.214015)
1343	Gronau	Kantstr. 	de:05554:16887	52.21129	7.040636		NO_MATCH_AND_SEEMS_UNSERVED								POINT(7.040636 52.21129)
1344	Gronau	Kleibergstr. 	de:05554:16937:0:1	52.213211	7.010399		MATCHED	n1134547658	6.4	1.0	Kleibergstraße				LINESTRING(7.010399 52.213211,7.010408300000001 52.21326800000001)
1345	Gronau	Kleibergstr. 	de:05554:16937:0:2	52.213349	7.008539		MATCHED	n2250247510	9.5	1.0	Kleibergstraße				LINESTRING(7.008539 52.213349,7.0085107 52.213265500000006)
1346	Gronau	Klosterstiege	de:05554:16915:0:1	52.214554	6.997265	bus	MATCHED	n1321579610	6.8	1.0	Klosterstiege	C1	Gronau, Eisenbahnweg	Eisenbahnweg	LINESTRING(6.997265 52.214554,6.9973257 52.2146029)
1347	Gronau	Klosterstiege	de:05554:16915:0:2	52.214554	6.997265	bus	MATCHED	n1321579531	8.1	1.0	Klosterstiege	C1	Gronau, Beckerhookstr.	Beckerhookstraße	LINESTRING(6.997265 52.214554,6.997146900000001 52.2145598)
1348	Gronau	Kreisverkehr Heerweg	de:05554:14442:0:1	52.210608	7.053706		NO_MATCH_AND_SEEMS_UNSERVED								POINT(7.053706 52.210608)
1349	Gronau	Kreisverkehr Heerweg	de:05554:14442:0:2	52.210283	7.05376		NO_MATCH_AND_SEEMS_UNSERVED								POINT(7.05376 52.210283)
1350	Gronau	Kurt-Ackermann-Str. 	de:05554:63940:0:1	52.21631	7.045648		MATCHED	n5324323446	6.2	1.0	Kurt-Ackermann-Straße				LINESTRING(7.045648 52.21631,7.0455582 52.216318900000005)
1351	Gronau	Kurt-Ackermann-Str. 	de:05554:63940:0:2	52.216332	7.045648	bus	MATCHED	n660582658	5.7	1.0	Kurt-Ackermann-Straße	C2	Gronau, Tannenkamp	Tannenkamp	LINESTRING(7.045648 52.216332,7.0457299 52.216323)
1352	Gronau	Kurzer Weg	de:05554:16932:0:1	52.225297	7.05129		NO_MATCH_AND_SEEMS_UNSERVED								POINT(7.05129 52.225297)
1353	Gronau	Königsberger Str. 	de:05554:16911:0:1	52.210068	7.000715	bus	MATCHED	n5323750372	10.3	1.0	Königsberger Straße	C1	Gronau, Buterlandschule	Buterlandschule	LINESTRING(7.000715 52.210068,7.0005923 52.2100146)
1354	Gronau	Königsberger Str. 	de:05554:16911:0:2	52.210068	7.000715	bus	MATCHED	n5323750371	4.9	1.0	Königsberger Straße	C1	Gronau, Sonnenstr.	Sonnenstraße	LINESTRING(7.000715 52.210068,7.000750600000001 52.2100294)
1355	Gronau	Königsbrücke	de:05554:16919:0:1	52.21647	7.005916		NO_MATCH_AND_SEEMS_UNSERVED								POINT(7.005916 52.21647)
1356	Gronau	Königstr. 	de:05554:62201:0:1	52.217229	7.007416	bus	MATCHED	n12826426826	9.3	1.0	Königstraße	C1	Gronau, Erlöserkirche	Erlöserkirche	LINESTRING(7.007416 52.217229,7.007547300000001 52.2172519)
1357	Gronau	Königstr. 	de:05554:62201:0:2	52.217229	7.007416	bus	MATCHED	n12826426827	9.8	1.0	Königstraße	C1	Gronau, Bögehold	Bögehold	LINESTRING(7.007416 52.217229,7.007526400000001 52.217172700000006)
1358	Gronau	Lufttechnik (Overesch)	de:05554:68104:0:1	52.200253	7.066444		NO_MATCH_AND_SEEMS_UNSERVED								POINT(7.066444 52.200253)
1359	Gronau	Lukas-Krankenhaus	de:05554:69317:0:1	52.216651	7.031015	bus	MATCHED	n5588655644	2.1	1.0	Lukas-Krankenhaus	B11	Gronau, Bahnhof / Gronau, St.-Antonius-Hospital	Bahnhof	LINESTRING(7.031015 52.216651,7.030984500000001 52.2166517)
1360	Gronau	Mackensenstr. 	de:05554:16909:0:1	52.213134	7.002682		MATCHED	n1321579655	4.1	1.0	Mackensenstraße				LINESTRING(7.002682 52.213134,7.0026238 52.2131443)
1361	Gronau	Mackensenstr. 	de:05554:16909:0:2	52.213288	7.002745		MATCHED	n1321579642	5.5	1.0	Mackensenstraße				LINESTRING(7.002745 52.213288,7.002825400000001 52.2132828)
1362	Gronau	Marie-Curie-Str. 	de:05554:68102:0:1	52.201117	7.070181	bus	NO_MATCH					C3	Gronau, Robert-Bunsen-Str.		POINT(7.070181 52.201117)
1363	Gronau	Marie-Curie-Str. 	de:05554:68102:0:2	52.201078	7.070155	bus	NO_MATCH					C3	Gronau, Einsteinring		POINT(7.070155 52.201078)
1364	Gronau	Marie-Curie-Str. (Zelt)	de:05554:68103:0:1	52.202036	7.08133		MATCHED	n12827181029	5.0	0.49	Marie-Curie-Straße			Robert-Bunsen-Straße / Einsteinring	LINESTRING(7.08133 52.202036,7.0814019 52.2020442)
1365	Gronau	Metelener Landstr. 	de:05554:62206:0:1	52.201222	7.073451	bus	MATCHED	n12827181031	7.4	0.5	Metelener Landstraße	C3	Gronau, Steinfurter Str.	Robert-Bunsen-Straße / Steinfurter Straße	LINESTRING(7.073451 52.201222,7.073523000000001 52.201271500000004)
1366	Gronau	Metelener Landstr. 	de:05554:62206:0:2	52.201222	7.073451	bus	NO_MATCH_BUT_OTHER_PLATFORM_MATCHED					C3	Gronau, Robert-Bunsen-Str.		POINT(7.073451 52.201222)
1367	Gronau	Mittelstr. 	de:05554:63939:0:1	52.219354	7.041831		MATCHED	n530207475	7.6	1.0	Mittelstraße				LINESTRING(7.041831 52.219354,7.041939 52.2193393)
1368	Gronau	Mittelstr. 	de:05554:63939:0:2	52.219293	7.04148	bus	MATCHED	n602526043	6.1	1.0	Mittelstraße	C2	Gronau, Viktoriaschule	Viktoriaschule	LINESTRING(7.04148 52.219293,7.041392900000001 52.21930510000001)
1369	Gronau	Müllerstr. 	de:05554:16905:0:1	52.212562	7.030458		MATCHED	n652723204	8.5	1.0	Müllerstraße				LINESTRING(7.030458 52.212562,7.030353000000001 52.212602800000006)
1370	Gronau	Nikolausstr. 	de:05554:63945:0:1	52.21904	7.003329	bus	MATCHED	n5324986396	46.4	1.0	Nikolausstraße	C1	Gronau, Herzogstr.	Herzogstraße	LINESTRING(7.003329 52.21904,7.0034435 52.21945100000001)
1371	Gronau	Nikolausstr. 	de:05554:63945:0:2	52.21904	7.003266	bus	MATCHED	n5324986397	15.0	1.0	Nikolausstraße	C1	Gronau, Erlöserkirche	Erlöserkirche	LINESTRING(7.003266 52.21904,7.0032692 52.219174900000006)
1372	Gronau	Pastor-Kochs-Str. 	de:05554:16908	52.21434	7.009725		NO_MATCH_AND_SEEMS_UNSERVED								POINT(7.009725 52.21434)
1373	Gronau	Paul-Gerhardt-Heim	de:05554:14444:0:1	52.222711	7.044202		NO_MATCH_AND_SEEMS_UNSERVED								POINT(7.044202 52.222711)
1374	Gronau	Paul-Gerhardt-Heim	de:05554:14444:0:2	52.222711	7.04422		NO_MATCH_AND_SEEMS_UNSERVED								POINT(7.04422 52.222711)
1375	Gronau	Pestalozzischule	de:05554:31419:0:1	52.212369	7.03892		MATCHED	n603089740	14.9	1.0	Pestalozzischule				LINESTRING(7.03892 52.212369,7.0390617 52.21226720000001)
1376	Gronau	Pfarrer-Reukes-Str. 	de:05554:63938:0:1	52.212479	7.018385		MATCHED	n1134547659	6.2	1.0	Pfarrer-Reukes-Straße				LINESTRING(7.018385 52.212479,7.018383900000001 52.212534700000006)
1377	Gronau	Pfarrer-Reukes-Str. 	de:05554:63938:0:2	52.212474	7.018483		MATCHED	n5323321488	11.1	1.0	Pfarrer-Reukes-Straße				LINESTRING(7.018483 52.212474,7.0184411 52.212378)
1378	Gronau	Piepenpohlstr. 	de:05554:16879:0:1	52.205676	7.046511	bus	MATCHED	n1356242841	6.5	1.0	Piepenpohlstraße	C3	Gronau, Huyssenstr.	Huyssenstraße	LINESTRING(7.046511 52.205676,7.046547 52.2056224)
1379	Gronau	Piepenpohlstr. 	de:05554:16879:0:2	52.205676	7.046511	bus	MATCHED	n559740781	6.8	1.0	Piepenpohlstraße	C3	Gronau, Hollandsiedlung	Hollandsiedlung	LINESTRING(7.046511 52.205676,7.0464159 52.2056941)
1380	Gronau	Postbrücke	de:05554:31057:0:1	52.205252	7.093439	bus	MATCHED	n1649482676	8.0	1.0	Postbrücke	174	Gronau, Ter-Meulen-Weg	Ter-Meulen-Weg	LINESTRING(7.093439 52.205252,7.0934704 52.2053213)
1381	Gronau	Postbrücke	de:05554:31057:0:2	52.205268	7.093717	bus	MATCHED	n1649482670	59.6	1.0	Postbrücke	174	Ochtrup, Bahnübergang B 54	Bahnübergang B54	LINESTRING(7.093717 52.205268,7.0945865 52.20522750000001)
1382	Gronau	Preußenstr. 	de:05554:11455:0:1	52.210393	7.050922	bus	MATCHED_AMBIGUOUSLY	n12827110529	29.4	1.0	Preußenstraße	C3	Gronau, Eilermarkschule / Gronau, Franzstr.	Franzstraße	LINESTRING(7.050922 52.210393,7.0505069 52.2104608)
1383	Gronau	Preußenstr. 	de:05554:11455:0:1	52.210393	7.050922	bus	MATCHED_AMBIGUOUSLY	n583937503	24.3	1.0	Preußenstraße	C3	Gronau, Eilermarkschule / Gronau, Franzstr.	Eilermarkschule	LINESTRING(7.050922 52.210393,7.050572000000001 52.2103569)
1384	Gronau	Rathaus	de:05554:15664:0:1	52.20845	7.026802		MATCHED	n10697740233	11.5	1.0	Rathaus			Stadtwerke / Hertie	LINESTRING(7.026802 52.20845,7.0266386 52.2084252)
1385	Gronau	Robert-Bunsen-Str. 	de:05554:62208:0:1	52.201734	7.077359	bus	MATCHED	n12827181030	5.3	0.53	Robert-Bunsen-Straße	C3	Gronau, Metelener Landstr.	Marie-Curie-Straße / Metelener Landstraße	LINESTRING(7.077359 52.201734,7.077282100000001 52.20174170000001)
1386	Gronau	Robert-Bunsen-Str. 	de:05554:62208:0:2	52.201734	7.077359	bus	NO_MATCH_BUT_OTHER_PLATFORM_MATCHED					C3	Gronau, Marie-Curie-Str.		POINT(7.077359 52.201734)
1387	Gronau	Ruenberger Hof	de:05554:16900:0:1	52.222331	7.04298	bus	MATCHED	n614613322	14.1	1.0	Rüenberger Hof	X80	Gronau, Bahnhof	Bahnhof / Viktoriastraße	LINESTRING(7.04298 52.222331,7.0429317000000005 52.2224541)
1388	Gronau	Ruenberger Hof	de:05554:16900:0:2	52.221891	7.04245	bus	MATCHED	n502928109	2.7	1.0	Rüenberger Hof	C2,X80	Gronau, Dreiländersee/L572 / Gronau, Beethovenstr.	Beethovenstraße / Dreiländersee/L572	LINESTRING(7.04245 52.221891,7.0424715 52.221871)
1389	Gronau	Rüenberger Weg	de:05554:63224	52.223828	7.05588		NO_MATCH_AND_SEEMS_UNSERVED								POINT(7.05588 52.223828)
1390	Gronau	Schulzentrum	de:05554:31024:0:1	52.205119	7.038085	bus	MATCHED	n707863950	5.8	1.0	Schulzentrum	781,782,783	Gronau, Brandströmstr. / Gronau, Blücherstr.	Stadtwerke / Hallenbad	LINESTRING(7.038085 52.205119,7.0381539 52.2051492)
1391	Gronau	Schulzentrum	de:05554:31024:0:2	52.205114	7.038219		NO_MATCH_AND_SEEMS_UNSERVED								POINT(7.038219 52.205114)
1392	Gronau	Schäferweg	de:05554:62203:0:1	52.208665	7.01171	bus	MATCHED	n12826426821	5.2	1.0	Schäferweg	C1	Gronau, Doetkottenweg	Doetkottenweg	LINESTRING(7.01171 52.208665,7.0117772 52.208686500000006)
1393	Gronau	Schäferweg	de:05554:62203:0:2	52.208665	7.01171	bus	MATCHED	n12826426820	6.4	1.0	Schäferweg	C1	Gronau, St.-Antonius-Hospital	Sankt-Antonius-Hospital	LINESTRING(7.01171 52.208665,7.011718200000001 52.2086077)
1394	Gronau	Schöttelkotter Damm	de:05554:16894:0:1	52.22435	7.053113	bus	MATCHED	n12826473449	35.5	1.0	Schöttelkotter Damm	C2	Gronau, Damaschkering	Damaschkering	LINESTRING(7.053113 52.22435,7.053015200000001 52.224037)
1395	Gronau	Schützenhof	de:05554:16875:0:1	52.207767	7.038767	bus	MATCHED_THOUGH_REVERSED_DIR	n1323492813	12.0	1.0	Schützenhof	C3	Gronau, Hallenbad	Gartenstraße	LINESTRING(7.038767 52.207767,7.0388963 52.2078399)
1396	Gronau	Schützenhof	de:05554:16875:0:2	52.207767	7.038767	bus	MATCHED_THOUGH_REVERSED_DIR	n5259253328	18.4	1.0	Schützenhof	C3	Gronau, Gartenstr.	Sparkasse / Hallenbad	LINESTRING(7.038767 52.207767,7.038498700000001 52.207753800000006)
1397	Gronau	Sonnenstr. 	de:05554:16910:0:1	52.211593	7.001793	bus	MATCHED	n5323750375	8.3	1.0	Sonnenstraße	C1	Gronau, Königsberger Str.	Königsberger Straße	LINESTRING(7.001793 52.211593,7.0017819 52.2116672)
1398	Gronau	Sonnenstr. 	de:05554:16910:0:2	52.211654	7.001847	bus	MATCHED	n5323750376	9.0	1.0	Sonnenstraße	C1	Gronau, Doetkottenweg	Doetkottenweg	LINESTRING(7.001847 52.211654,7.0018503 52.2115735)
1399	Gronau	Sparkasse	de:05554:16929:0:1	52.20681	7.042855	bus	MATCHED	n1486408467	9.7	1.0	Sparkasse	174	Gronau, Hertie	Schützenhof	LINESTRING(7.042855 52.20681,7.0427422 52.206863000000006)
1400	Gronau	Sparkasse	de:05554:16929:0:2	52.206485	7.044157		MATCHED	n1650599070	68.9	1.0	Sparkasse			Albrechtstraße	LINESTRING(7.044157 52.206485,7.0431699000000005 52.2066121)
1401	Gronau	Sparkasse	de:05554:16929:0:B	52.206347	7.044723		NO_MATCH_AND_SEEMS_UNSERVED								POINT(7.044723 52.206347)
1402	Gronau	Spinnerei Deutschland	de:05554:16923:0:1	52.222722	7.012474	bus	MATCHED	n1336989727	24.1	1.0	Spinnerei Deutschland	C1	Gronau, Bottostr.	Bottostraße	LINESTRING(7.012474 52.222722,7.0122377 52.2228823)
1403	Gronau	Spinnerei Deutschland	de:05554:16923:0:2	52.22341	7.011809	bus	MATCHED	n573744456	43.2	1.0	Spinnerei Deutschland	C1	Gronau, Dr.-Jan-Str.	Dr.-Jan-Straße	LINESTRING(7.011809 52.22341,7.0121985 52.223104400000004)
1404	Gronau	St. -Antonius-Hospital	de:05554:30898:0:1	52.208588	7.019759	bus	MATCHED	n5325017671	7.4	1.0	Sankt-Antonius-Hospital	B11,C1	Gronau, Schäferweg / Gronau, Lukas-Krankenhaus	Bahnhof / Berliner Platz / Schäferweg	LINESTRING(7.019759 52.208588,7.0198526 52.2086212)
1405	Gronau	St. -Antonius-Hospital	de:05554:30898:0:2	52.208577	7.019858	bus	MATCHED	n12827761119	12.7	1.0	Sankt-Antonius-Hospital	C1	Gronau, Berliner Platz	Berliner Platz	LINESTRING(7.019858 52.208577,7.020016900000001 52.208518500000004)
1406	Gronau	Stadtwerke	de:05554:15620:0:1	52.205384	7.033027		MATCHED	n5325157519	8.8	1.0	Stadtwerke			Rathaus	LINESTRING(7.033027 52.205384,7.0329398 52.205441900000004)
1407	Gronau	Stadtwerke	de:05554:15620:0:2	52.205384	7.033108		MATCHED	n5325157518	9.8	1.0	Stadtwerke			Schulzentrum	LINESTRING(7.033108 52.205384,7.0329961 52.2053285)
1408	Gronau	Starenstr. 	de:05554:16931:0:1	52.217626	7.048775	bus	MATCHED	n530207483	6.6	1.0	Starenstraße	C2	Gronau, Josefskirche	Josefskirche	LINESTRING(7.048775 52.217626,7.0486997 52.2175894)
1409	Gronau	Steinfurter Str. 	de:05554:62205:0:1	52.20077	7.068538	bus	MATCHED	n12827181032	2.3	0.59	Steinfurter Straße	C3	Gronau, Borgwardstr.	Metelener Landstraße / Borgwardstraße	LINESTRING(7.068538 52.20077,7.0685703 52.200776700000006)
1410	Gronau	Steinfurter Str. 	de:05554:62205:0:2	52.20077	7.068538	bus	NO_MATCH_BUT_OTHER_PLATFORM_MATCHED					C3	Gronau, Metelener Landstr.		POINT(7.068538 52.20077)
1411	Gronau	Steinstr. 	de:05554:16926:0:1	52.216305	7.015627		MATCHED	n5324986414	4.3	1.0	Steinstraße				LINESTRING(7.015627 52.216305,7.015620800000001 52.2162663)
1412	Gronau	Steinstr. 	de:05554:16926:0:2	52.216305	7.015627		MATCHED	n5324986413	7.4	1.0	Steinstraße				LINESTRING(7.015627 52.216305,7.0155792 52.2163649)
1413	Gronau	Tannenkamp	de:05554:16902:0:1	52.218479	7.043996		MATCHED	n530207478	17.5	1.0	Tannenkamp				LINESTRING(7.043996 52.218479,7.044029800000001 52.218322900000004)
1414	Gronau	Tannenkamp	de:05554:16902:0:2	52.218374	7.044067	bus	MATCHED	n5324323449	19.2	1.0	Tannenkamp	C2	Gronau, Mittelstr.	Mittelstraße	LINESTRING(7.044067 52.218374,7.0440401 52.218545600000006)
1415	Gronau	Ter-Meulen-Weg	de:05554:31058:0:1	52.204431	7.080907	bus	MATCHED	n1650565578	80.2	1.0	Ter-Meulen-Weg	174	Gronau, Düppelstr.	Düppelstraße	LINESTRING(7.080907 52.204431,7.0797381 52.204364500000004)
1416	Gronau	Ter-Meulen-Weg	de:05554:31058:0:2	52.204431	7.081006	bus	MATCHED	n1295908009	92.4	1.0	Ter-Meulen-Weg	174	Gronau, Postbrücke	Postbrücke	LINESTRING(7.081006 52.204431,7.082353 52.204499000000006)
1417	Gronau	Timpker Weg	de:05554:63227	52.20616	7.089962		NO_MATCH_AND_SEEMS_UNSERVED								POINT(7.089962 52.20616)
1418	Gronau	Viktoriaschule	de:05554:16903:0:1	52.218451	7.038633	bus	MATCHED	n620069567	53.0	1.0	Viktoriaschule	C2	Gronau, Zum Lukas-Krankenhaus	Zum Lukas Krankenhaus	LINESTRING(7.038633 52.218451,7.037912700000001 52.218273800000006)
1419	Gronau	Viktoriaschule	de:05554:16903:0:2	52.218258	7.038076		MATCHED	n620069565	45.9	1.0	Viktoriaschule				LINESTRING(7.038076 52.218258,7.038712200000001 52.2183909)
1420	Gronau	Viktoriastr. 	de:05554:63341:0:1	52.218165	7.036135	bus	MATCHED	n502928120	44.6	1.0	Viktoriastraße	C2	Gronau, AWO-Haus	Rüenberger Hof / AWO-Haus	LINESTRING(7.036135 52.218165,7.036689600000001 52.218376000000006)
1421	Gronau	Viktoriastr. 	de:05554:63341:0:2	52.218435	7.036602		MATCHED	n573744474	39.8	1.0	Viktoriastraße			Bahnhof	LINESTRING(7.036602 52.218435,7.0360806 52.2182753)
1422	Gronau	Volksbank	de:05554:16901	52.221021	7.042064		NO_MATCH_AND_SEEMS_UNSERVED								POINT(7.042064 52.221021)
1423	Gronau	Vorrink/Förster	de:05554:63228	52.230002	7.05359		NO_MATCH_AND_SEEMS_UNSERVED								POINT(7.05359 52.230002)
1424	Gronau	Westfalenstr. 	de:05554:16885	52.210421	7.053167		NO_MATCH_AND_SEEMS_UNSERVED								POINT(7.053167 52.210421)
1425	Gronau	Zoll	de:05554:63937:0:1	52.213008	7.013408		MATCHED	n1339096839	9.2	1.0	Zoll				LINESTRING(7.013408 52.213008,7.013328400000001 52.2130747)
1426	Gronau	Zoll	de:05554:63937:0:2	52.212964	7.014225		MATCHED	n5323321485	12.7	1.0	Zoll				LINESTRING(7.014225 52.212964,7.014266200000001 52.2128529)
1427	Gronau	Zollstr. 	de:05554:16907	52.215452	7.013103		NO_MATCH_AND_SEEMS_UNSERVED								POINT(7.013103 52.215452)
1428	Gronau	Zum Lukas-Krankenhaus	de:05554:16904:0:1	52.216574	7.033907	bus	MATCHED	n12826473451	11.2	1.0	Zum Lukas Krankenhaus	C2	Gronau, Bahnhof	Bahnhof	LINESTRING(7.033907 52.216574,7.0337471 52.2165958)
1429	Gronau	Zum Lukas-Krankenhaus	de:05554:16904:0:2	52.216993	7.034312	bus	MATCHED	n502928123	8.6	1.0	Zum Lukas Krankenhaus	C2	Gronau, Viktoriastr.	Viktoriastraße	LINESTRING(7.034312 52.216993,7.034425700000001 52.216959100000004)
1430	Gronau (Westf)	Brechter Weg	de:05554:64112:0:1	52.239492	7.067046		NO_MATCH_AND_SEEMS_UNSERVED								POINT(7.067046 52.239492)
1431	Gronau (Westf)	Düppelstr. (Zelt)	de:05554:68112:0:1	52.206804	7.062833		NO_MATCH_AND_SEEMS_UNSERVED								POINT(7.062833 52.206804)
1432	Gronau (Westf)	Engbers	de:05554:68111:0:1	52.20365	7.061162		NO_MATCH_AND_SEEMS_UNSERVED								POINT(7.061162 52.20365)
1433	Gronau (Westf)	Fliesen Rundmund	de:05554:68107:0:1	52.199383	7.071906		NO_MATCH_AND_SEEMS_UNSERVED								POINT(7.071906 52.199383)
1434	Gronau (Westf)	Gebro	de:05554:68109:0:1	52.201486	7.077584		NO_MATCH_AND_SEEMS_UNSERVED								POINT(7.077584 52.201486)
1435	Gronau (Westf)	Huke Dachtechnik	de:05554:68113:0:1	52.210228	7.062573		NO_MATCH_AND_SEEMS_UNSERVED								POINT(7.062573 52.210228)
1436	Gronau (Westf)	Mondi	de:05554:68114:0:1	52.20856	7.058719		NO_MATCH_AND_SEEMS_UNSERVED								POINT(7.058719 52.20856)
1437	Gronau (Westf)	Möllenweg	de:05554:65573:0:1	52.20921	7.017612	bus	MATCHED	n9948041015	4.2	1.0	Möllenweg	X80	Gronau, Bahnhof	Bahnhof	LINESTRING(7.017612 52.20921,7.0176311 52.2092462)
1438	Gronau (Westf)	Möllenweg	de:05554:65573:0:2	52.209254	7.01754	bus	MATCHED	n9948041016	6.7	1.0	Möllenweg	X80	Alstätte, Markt		LINESTRING(7.01754 52.209254,7.017442000000001 52.209249500000006)
1439	Gronau (Westf)	Reimer	de:05554:68106:0:1	52.200985	7.071529		NO_MATCH_AND_SEEMS_UNSERVED								POINT(7.071529 52.200985)
1440	Gronau (Westf)	Sandkamp Garten	de:05554:68108:0:1	52.200071	7.077161		NO_MATCH_AND_SEEMS_UNSERVED								POINT(7.077161 52.200071)
1441	Gronau (Westf)	Steinfurter Str. /Gewerbepark	de:05554:68116:0:1	52.196162	7.070056		NO_MATCH_AND_SEEMS_UNSERVED								POINT(7.070056 52.196162)
1442	Gronau (Westf)	T&B Messtechnik	de:05554:68115:0:1	52.205494	7.061342		NO_MATCH_AND_SEEMS_UNSERVED								POINT(7.061342 52.205494)
1443	Gronau (Westf)	Urenco	de:05554:68110:0:1	52.211648	7.075428		NO_MATCH_AND_SEEMS_UNSERVED								POINT(7.075428 52.211648)
1444	Gronau (Westf.)	Gr	de:05554:35842	52.218297	6.979973		NO_MATCH_AND_SEEMS_UNSERVED								POINT(6.979973 52.218297)
1445	Groß Reken	Alte Kirche	de:05554:16596:0:01	51.831924	7.046708	bus	MATCHED	n1531083230	14.5	1.0	Alte Kirche	711,716,B14,B15,R74,T18	Groß Reken, Rathaus / Groß Reken, Lammersmann / Groß Reken, Ulmenstr.	Lammersmann / Ulmenstraße / Rathaus	LINESTRING(7.046708 51.831924,7.0464997 51.8319034)
1446	Groß Reken	Alte Kirche	de:05554:16596:0:02	51.831796	7.046628	bus	MATCHED	n1531083228	1.3	1.0	Alte Kirche	711,716,B14,B15,R73,R73E,R74,T18	Groß Reken, Am Krankenhaus / Groß Reken, Osthoff / Groß Reken, Kardinal-von-Galen-Str. / Groß Reken, Hartmannshöhe / Bahnhof Reken, Sekundarschule / Maria Veen, Missionsschule	Kardinal-von-Galen-Straße / Osthoff / Hartmannshöhe / Am Krankenhaus	LINESTRING(7.046628 51.831796,7.046643100000001 51.8317884)
1447	Groß Reken	Alte Schule	de:05554:63120:0:1	51.854523	7.050787	bus	NO_MATCH					SV08	Groß Reken, Preinhook		POINT(7.050787 51.854523)
1448	Groß Reken	Alte Schule	de:05554:63120:0:2	51.854512	7.050787	bus	NO_MATCH					SV08	Groß Reken, Espendiller		POINT(7.050787 51.854512)
1449	Groß Reken	Am Krankenhaus	de:05554:16650:0:1	51.830103	7.049556	bus	MATCHED	n1497215357	3.6	1.0	Am Krankenhaus	B15,R74,T18	Groß Reken, Kardinal-von-Galen-Str. / Groß Reken, Tennisplätze	Tennisplätze / Kardinal-von-Galen-Straße	LINESTRING(7.049556 51.830103,7.0495083 51.830090500000004)
1450	Groß Reken	Am Krankenhaus	de:05554:16650:0:2	51.830197	7.049538	bus	MATCHED	n5313773266	10.6	1.0	Am Krankenhaus	B15,R74,T18	Groß Reken, Alte Kirche	Alte Kirche	LINESTRING(7.049538 51.830197,7.049675400000001 51.830153700000004)
1451	Groß Reken	Ersatzhaltestelle Osthoff	de:05554:68780:0:1	51.823641	7.047652		NO_MATCH_AND_SEEMS_UNSERVED								POINT(7.047652 51.823641)
1452	Groß Reken	Ersatzhaltestelle Osthoff	de:05554:68780:0:2	51.823641	7.047373		NO_MATCH_AND_SEEMS_UNSERVED								POINT(7.047373 51.823641)
1453	Groß Reken	Espendiller	de:05554:63100:0:1	51.854268	7.039953	bus	NO_MATCH					SV08	Groß Reken, Alte Schule		POINT(7.039953 51.854268)
1454	Groß Reken	Espendiller	de:05554:63100:0:2	51.854268	7.039935	bus	NO_MATCH					SV08	Groß Reken, Hendelshok		POINT(7.039935 51.854268)
1455	Groß Reken	Freibad	de:05554:63085:0:1	51.828932	7.057973	bus	MATCHED	n2697640356	2.9	0.77	Freibad	B15	Groß Reken, Reithalle	Reithalle / Kardinal-von-Galen-Straße	LINESTRING(7.057973 51.828932,7.0579315000000005 51.82893120000001)
1456	Groß Reken	Freibad	de:05554:63085:0:2	51.828932	7.057973	bus	NO_MATCH_BUT_OTHER_PLATFORM_MATCHED					B15	Groß Reken, Kardinal-von-Galen-Str.		POINT(7.057973 51.828932)
1457	Groß Reken	Hadenbrok	de:05554:16603:0:1	51.854629	7.056599	bus	MATCHED	n5545776670	11.0	1.0	Hadenbrok	711	Groß Reken, Preinhook	Preinhok	LINESTRING(7.056599 51.854629,7.056736300000001 51.8546793)
1458	Groß Reken	Hadenbrok	de:05554:16603:0:2	51.854629	7.056617	bus	MATCHED	n5545776671	27.2	1.0	Hadenbrok	711	Stevede, Böwing	Böwing	LINESTRING(7.056617 51.854629,7.0570073 51.8545948)
1459	Groß Reken	Hartmannshöhe	de:05554:16605:0:1	51.834638	7.052521	bus	MATCHED	n2021105561	12.5	1.0	Hartmannshöhe	711,716,R74	Groß Reken, Alte Kirche	Alte Kirche	LINESTRING(7.052521 51.834638,7.0524607 51.8347442)
1460	Groß Reken	Hartmannshöhe	de:05554:16605:0:2	51.835543	7.054048	bus	MATCHED	n5522810890	10.8	1.0	Hartmannshöhe	711,716,R74	Groß Reken, Preinhook / Groß Reken, Waldkapelle	Waldkapelle / Preinhok	LINESTRING(7.054048 51.835543,7.054038 51.835446000000005)
1461	Groß Reken	Hendelshok	de:05554:16595:0:1	51.854013	7.030862	bus	NO_MATCH					SV08	Groß Reken, Espendiller		POINT(7.030862 51.854013)
1462	Groß Reken	Hendelshok	de:05554:16595:0:2	51.854018	7.03088	bus	NO_MATCH					SV08	Preinhook, Papendyk		POINT(7.03088 51.854018)
1463	Groß Reken	Illerhues	de:05554:16636:0:1	51.831602	7.020388	bus	MATCHED	n5522810900	1.1	1.0	Illerhues	R74	Groß Reken, Wallstein	Wallstein	LINESTRING(7.020388 51.831602,7.0203924 51.831592400000005)
1464	Groß Reken	Illerhues	de:05554:16636:0:2	51.831585	7.0194	bus	MATCHED	n5522810899	2.0	1.0	Illerhues	R74	Groß Reken, Maas	Maas	LINESTRING(7.0194 51.831585,7.0193732 51.8315775)
1465	Groß Reken	Kardinal-von-Galen-Str. 	de:05554:63115:0:1	51.827483	7.047993	bus	MATCHED	n10698849707	17.6	1.0	Kardinal-von-Galen-Straße	B14,B15	Groß Reken, Alte Kirche / Groß Reken, Am Krankenhaus / Groß Reken, Freibad / Groß Reken, Osthoff	Ellering Schule / Alte Kirche / Osthoff / Am Krankenhaus	LINESTRING(7.047993 51.827483,7.0482358000000005 51.827434700000005)
1466	Groß Reken	Lammersmann	de:05554:16638:0:1	51.831852	7.039881	bus	MATCHED	n1457464646	5.4	1.0	Lammersmann	711,B14,R74	Groß Reken, Velener Str. / Groß Reken, Alte Kirche	Velener Straße / Alte Kirche	LINESTRING(7.039881 51.831852,7.039866600000001 51.8318043)
1467	Groß Reken	Lammersmann	de:05554:16638:0:2	51.832307	7.04113	bus	MATCHED	n5522810892	3.2	1.0	Lammersmann	711,716,R74	Groß Reken, Wallstein / Groß Reken, Rathaus	Wallstein	LINESTRING(7.04113 51.832307,7.041091700000001 51.832322600000005)
1468	Groß Reken	Lenzener Str. 	de:05554:63114:0:1	51.830619	7.034941	bus	MATCHED	n10698849717	5.7	1.0	Lenzener Straße	B14	Groß Reken, Rathaus	Rathaus	LINESTRING(7.034941 51.830619,7.0348582 51.8306194)
1469	Groß Reken	Lenzener Str. 	de:05554:63114:0:2	51.830614	7.034923	bus	MATCHED	n10698849718	72.3	1.0	Lenzener Straße	B14	Groß Reken, Lammersmann	Lammersmann	LINESTRING(7.034923 51.830614,7.0353826 51.830029800000005)
1470	Groß Reken	Maas	de:05554:16635:0:1	51.828865	7.010965	bus	MATCHED	n5522810902	1.8	1.0	Maas	R74	Groß Reken, Illerhues	Illerhues	LINESTRING(7.010965 51.828865,7.0109899 51.8288707)
1471	Groß Reken	Maas	de:05554:16635:0:2	51.82892	7.010812	bus	MATCHED	n5522810903	3.0	1.0	Maas	R74	Heiden, Osterkamp	Osterkamp	LINESTRING(7.010812 51.82892,7.0108075 51.828946900000005)
1472	Groß Reken	Osthoff	de:05554:16639:0:01	51.821991	7.047625	bus	MATCHED	n5313773257	7.9	1.0	Osthoff	R73E	Groß Reken, Kardinal-von-Galen-Str. / Groß Reken, Am Krankenhaus / Groß Reken, Rathaus	Kardinal-von-Galen-Straße / Rathaus	LINESTRING(7.047625 51.821991,7.047738900000001 51.821989300000006)
1473	Groß Reken	Osthoff	de:05554:16639:0:02	51.821997	7.047517	bus	MATCHED	n5313773256	6.0	1.0	Osthoff	716,B14,R73,T18	Bahnhof Reken, Sekundarschule / Bahnhof Reken, IDPM / Bahnhof Reken, Barbarastr.	IDPM / Barbarastraße	LINESTRING(7.047517 51.821997,7.047459900000001 51.822037400000006)
1474	Groß Reken	Preinhook	de:05554:16604:0:1	51.850289	7.054739	bus	MATCHED	n5545776666	13.7	1.0	Preinhok	711,SV08	Groß Reken, Hartmannshöhe / Groß Reken, Schlottbohm	Hartmannshöhe	LINESTRING(7.054739 51.850289,7.0545812 51.8502135)
1475	Groß Reken	Preinhook	de:05554:16604:0:2	51.850289	7.054739	bus	MATCHED	n5545776667	12.0	1.0	Preinhok	711,716,SV08	Groß Reken, Alte Schule / Groß Reken, Hadenbrok	Hadenbrok	LINESTRING(7.054739 51.850289,7.054814500000001 51.8503866)
1476	Groß Reken	Preinhook	de:05554:16604:0:3	51.854679	7.053626		NO_MATCH_AND_SEEMS_UNSERVED								POINT(7.053626 51.854679)
1477	Groß Reken	Preinhook	de:05554:16604:0:4	51.85151	7.054416		NO_MATCH_AND_SEEMS_UNSERVED								POINT(7.054416 51.85151)
1478	Groß Reken	Rathaus	de:05554:16700:0:01	51.828848	7.041534	bus	MATCHED	n5313773260	45.3	1.0	Rathaus	R73E	Groß Reken, Lenzener Str. / Groß Reken, Alte Kirche	Lenzener Straße / Alte Kirche	LINESTRING(7.041534 51.828848,7.041347200000001 51.829238700000005)
1479	Groß Reken	Rathaus	de:05554:16700:0:02	51.828798	7.041525	bus	MATCHED	n5313773259	5.9	1.0	Rathaus	716,B14,T18	Groß Reken, Osthoff	Osthoff	LINESTRING(7.041525 51.828798,7.0414618 51.8288334)
1480	Groß Reken	Reithalle	de:05554:63130:0:1	51.828859	7.072239		MATCHED	n1060191582	9.8	0.48	Reithalle			Freibad / Benediktushof	LINESTRING(7.072239 51.828859,7.0720976 51.8288492)
1481	Groß Reken	Reithalle	de:05554:63130:0:2	51.828859	7.072328	bus	NO_MATCH_BUT_OTHER_PLATFORM_MATCHED					B15	Maria Veen, Benediktushof / Groß Reken, Freibad		POINT(7.072328 51.828859)
1482	Groß Reken	Sandheck	de:05554:16640:0:1	51.84575	7.075724	bus	MATCHED	n5313721898	16.2	1.0	Sandheck	R74,SV08,T18	Maria Veen, Kemper	Kemper	LINESTRING(7.075724 51.84575,7.075950400000001 51.845712400000004)
1483	Groß Reken	Sandheck	de:05554:16640:0:2	51.845806	7.076344	bus	MATCHED	n5313721897	1.2	1.0	Sandheck	716,R74,SV08,T18	Maria Veen, B67n / Groß Reken, Schlottbohm / Groß Reken, Waldkapelle	Waldkapelle / B67n	LINESTRING(7.076344 51.845806,7.0763607 51.8458052)
1484	Groß Reken	Schlottbohm	de:05554:63110:0:1	51.845478	7.053859	bus	NO_MATCH					SV08	Groß Reken, Sandheck		POINT(7.053859 51.845478)
1485	Groß Reken	Schlottbohm	de:05554:63110:0:2	51.845467	7.053877	bus	NO_MATCH					SV08	Groß Reken, Preinhook		POINT(7.053877 51.845467)
1486	Groß Reken	Tennisplätze	de:05554:16651:0:1	51.825095	7.058854	bus	MATCHED	n5313773270	5.4	1.0	Tennisplätze	R74,T18	Hülsten, Treckersberg	Treckersberg	LINESTRING(7.058854 51.825095,7.0587762000000005 51.8250961)
1487	Groß Reken	Tennisplätze	de:05554:16651:0:2	51.825034	7.059222	bus	MATCHED	n5313773269	2.4	1.0	Tennisplätze	R74,T18	Groß Reken, Am Krankenhaus	Am Krankenhaus	LINESTRING(7.059222 51.825034,7.0592388 51.825053000000004)
1488	Groß Reken	Ulmenstr. 	de:05554:63111:0:1	51.836875	7.042001	bus	MATCHED	n10698849708	16.5	1.0	Ulmenstraße	B14	Groß Reken, Velener Str.	Velener Straße	LINESTRING(7.042001 51.836875,7.041767900000001 51.83690970000001)
1489	Groß Reken	Ulmenstr. 	de:05554:63111:0:2	51.836875	7.041974	bus	MATCHED	n10698849709	17.5	1.0	Ulmenstraße	B14	Groß Reken, Alte Kirche	Alte Kirche	LINESTRING(7.041974 51.836875,7.0417244000000005 51.836847600000006)
1490	Groß Reken	Velener Str. 	de:05554:63113:0:1	51.836259	7.03698	bus	MATCHED	n10698849711	115.7	1.0	Velener Straße	B14	Groß Reken, Lenzener Str.	Lenzener Straße	LINESTRING(7.03698 51.836259,7.0367505 51.835228900000004)
1491	Groß Reken	Velener Str. 	de:05554:63113:0:2	51.836231	7.036935	bus	MATCHED	n10698849712	103.6	1.0	Velener Straße	B14	Groß Reken, Ulmenstr.	Ulmenstraße	LINESTRING(7.036935 51.836231,7.0368598 51.835301)
1492	Groß Reken	Waldkapelle	de:05554:60018:0:1	51.842626	7.067801	bus	MATCHED	n5522810887	6.2	1.0	Waldkapelle	716,R74	Preinhook, Heltweg / Groß Reken, Hartmannshöhe	Hartmannshöhe	LINESTRING(7.067801 51.842626,7.0677361 51.842587200000004)
1493	Groß Reken	Waldkapelle	de:05554:60018:0:2	51.84222	7.066903	bus	MATCHED	n5522810886	28.6	1.0	Waldkapelle	R74	Groß Reken, Sandheck	Sandheck	LINESTRING(7.066903 51.84222,7.0668001 51.8419711)
1494	Groß Reken	Wallstein	de:05554:16637:0:1	51.832823	7.033063	bus	MATCHED	n1497215436	1.0	1.0	Wallstein	R74	Groß Reken, Lammersmann	Lammersmann	LINESTRING(7.033063 51.832823,7.033075200000001 51.832827800000004)
1495	Groß Reken	Wallstein	de:05554:16637:0:2	51.83309	7.032506	bus	MATCHED	n1497215437	0.9	1.0	Wallstein	R74	Groß Reken, Illerhues	Illerhues	LINESTRING(7.032506 51.83309,7.0325186 51.8330867)
1496	Großemast	Baumsiedlung	de:05554:30959:0:1	52.021633	6.821429		NO_MATCH_AND_SEEMS_UNSERVED								POINT(6.821429 52.021633)
1497	Großemast	Blumensiedlung	de:05554:30956:0:1	52.021694	6.828445		NO_MATCH_AND_SEEMS_UNSERVED								POINT(6.828445 52.021694)
1498	Großemast	Bülten	de:05554:36728:0:1	52.000595	6.840581	bus	MATCHED	n13041838793	145.5	0.24	Bülten	860	Wenningfeld, Gasthaus Pries	Gasthaus Pries	LINESTRING(6.840581 52.000595,6.8384964 52.0008313)
1499	Großemast	Bülten	de:05554:36728:0:2	52.000633	6.840401	bus	MATCHED	n13041838794	136.8	0.25	Bülten	860	Wenningfeld, Flugplatz	Flugplatz	LINESTRING(6.840401 52.000633,6.8384166 52.000742900000006)
1500	Großemast	Robert	de:05554:36165	52.002431	6.825211		NO_MATCH_AND_SEEMS_UNSERVED								POINT(6.825211 52.002431)
1501	Großemast	Rosker	de:05554:16380:0:1	52.011853	6.854586	bus	MATCHED	n3296632413	4.7	0.79	Rosker	763,R61	Großemast, Siedlung	Siedlung	LINESTRING(6.854586 52.011853,6.8545344 52.0118809)
1502	Großemast	Rosker	de:05554:16380:0:2	52.012185	6.853795	bus	MATCHED	n3296632414	1.9	0.88	Rosker	R61	Wenningfeld, Anhalt	Anhalt	LINESTRING(6.853795 52.012185,6.8538068 52.012200400000005)
1503	Großemast	Rosker	de:05554:16380:0:3	52.012727	6.846914		MATCHED	n1890159721	0.6	0.88	Rosker				LINESTRING(6.846914 52.012727,6.846920300000001 52.0127237)
1504	Großemast	Schule	de:05554:30955	52.014618	6.824142		NO_MATCH_AND_SEEMS_UNSERVED								POINT(6.824142 52.014618)
1505	Großemast	Siedlung	de:05554:16381:0:1	52.023618	6.828876	bus	MATCHED	n5367562191	24.1	1.0	Siedlung	763,R61	Vreden, Berkelsee / Vreden, Am Stadtpark	Am Stadtpark / Berkelsee	LINESTRING(6.828876 52.023618,6.8287003 52.023805700000004)
1506	Großemast	Siedlung	de:05554:16381:0:2	52.02364	6.82893	bus	MATCHED	n5367562192	14.6	1.0	Siedlung	R61	Großemast, Rosker	Rosker	LINESTRING(6.82893 52.02364,6.8287271 52.023678600000004)
1507	Großemast	Zollhäuser	de:05554:30701:0:1	52.001502	6.824627	bus	MATCHED	n9921199143	75.6	0.17	Zollhäuser	731	Vreden, Klosterhook		LINESTRING(6.824627 52.001502,6.824425300000001 52.002169800000004)
1508	Großemast	Zollhäuser	de:05554:30701:0:2	52.00159	6.824609	bus	MATCHED	n9921199142	57.8	0.2	Zollhäuser	731	Wenningfeld, Gasthaus Pries		LINESTRING(6.824609 52.00159,6.824674000000001 52.002108400000004)
1509	Grütlohn	Engelkamp	de:05554:30784:0:1	51.816472	6.844731		NO_MATCH_AND_SEEMS_UNSERVED								POINT(6.844731 51.816472)
1510	Grütlohn	Föing	de:05554:30785:0:1	51.816011	6.831526		MATCHED	n438139181	4.3	0.66	Föing				LINESTRING(6.831526 51.816011,6.8315181 51.8160497)
1511	Grütlohn	Grütering	de:05554:30639:0:1	51.81731	6.849798	bus	MATCHED	n3177809583	7.7	1.0	Grütering	721,726,R21	Gemenwirthe, Alte Mühle / Borken, Remigiusschule / Borken, Gildenstr.	Gildenstraße	LINESTRING(6.849798 51.81731,6.8498926 51.817273)
1512	Grütlohn	Grütering	de:05554:30639:0:2	51.81751	6.849816	bus	MATCHED	n5525956831	17.5	1.0	Grütering	721,726,R21	Raesfeld, Julia-Koppers-Ges. / Marbeck, Waidmannsheil	Waidmannsheil	LINESTRING(6.849816 51.81751,6.849661800000001 51.8173851)
1513	Grütlohn	Im Winkel	de:05554:35129:0:1	51.812762	6.842477		NO_MATCH_AND_SEEMS_UNSERVED								POINT(6.842477 51.812762)
1514	Grütlohn	Jünck	de:05554:30751:0:1	51.835987	6.839782		MATCHED_THOUGH_NAMES_DIFFER	n624231539	12.3	0.14	Weseler Landstraße				LINESTRING(6.839782 51.835987,6.8397038000000006 51.835888000000004)
1515	Grütlohn	Jünck	de:05554:30751:0:2	51.836059	6.83971		NO_MATCH_AND_SEEMS_UNSERVED								POINT(6.83971 51.836059)
1516	Grütlohn	Langenhoff	de:05554:30786:0:1	51.805464	6.81965		NO_MATCH_AND_SEEMS_UNSERVED								POINT(6.81965 51.805464)
1517	Grütlohn	Op den Dahl	de:05554:31388:0:1	51.82268	6.851505		MATCHED	n1457465126	14.5	0.39	Op den Dahl				LINESTRING(6.851505 51.82268,6.851302400000001 51.8227143)
1518	Grütlohn	Velken	de:05554:30787:0:1	51.807458	6.815608		NO_MATCH_AND_SEEMS_UNSERVED								POINT(6.815608 51.807458)
1519	Götte	Abzw. B 474	de:05554:21279:0:1	52.11061	6.980952	bus	MATCHED	n1496955998	16.7	0.31	Abzweig B474	829	Wessum, Am Bahndamm		LINESTRING(6.980952 52.11061,6.9807328 52.1105436)
1520	Götte	Hoge Esch	de:05554:63215:0:1	52.119144	6.986306		NO_MATCH_AND_SEEMS_UNSERVED								POINT(6.986306 52.119144)
1521	Götte	Hoge Esch	de:05554:63215:0:2	52.119144	6.986306		NO_MATCH_AND_SEEMS_UNSERVED								POINT(6.986306 52.119144)
1522	Götte	Vennekötter	de:05554:21280:0:1	52.113909	6.979811	bus	MATCHED	n1496956034	66.7	0.18	Vennekötter	829	Götte, Abzw. B 474		LINESTRING(6.979811 52.113909,6.9797925 52.1133092)
1523	Harwick	Campingplatz	de:05554:30727:0:1	51.968252	7.01295	bus	NO_MATCH					776	Harwick, Gasth.  Bönning		POINT(7.01295 51.968252)
1524	Harwick	Campingplatz	de:05554:30727:0:2	51.96818	7.012923	bus	NO_MATCH					776	Gescher, Bürener Damm		POINT(7.012923 51.96818)
1525	Harwick	Gasth.  Bönning	de:05554:30863:0:1	51.97264	7.015519	bus	MATCHED	n942609339	27.8	0.27	Gasthof Bönning	776	Büren, Schule		LINESTRING(7.015519 51.97264,7.015622400000001 51.972882000000006)
1526	Harwick	Gasth.  Bönning	de:05554:30863:0:2	51.972519	7.015429	bus	MATCHED	n942609338	14.7	0.38	Gasthof Bönning	776	Harwick, Campingplatz		LINESTRING(7.015429 51.972519,7.0154106 51.9723873)
1527	Haverbeck	Krechting	de:05554:31020:0:1	52.111118	7.23239	bus	NO_MATCH					186,SV05	Haverbeck, Schuster / Haverbeck, Werning		POINT(7.23239 52.111118)
1528	Haverbeck	Krechting	de:05554:31020:0:2	52.111107	7.232247	bus	NO_MATCH					186,SV05	Haverbeck, Küper / Haverbeck, Küper		POINT(7.232247 52.111107)
1529	Haverbeck	Küper	de:05554:31019:0:1	52.108393	7.224746	bus	NO_MATCH					186,SV05	Haverbeck, Krechting / Schöppingen, Sekundarschule / Schöppingen, Berliner Straße		POINT(7.224746 52.108393)
1530	Haverbeck	Küper	de:05554:31019:0:2	52.108211	7.224566	bus	NO_MATCH					186	Schöppingen, Berliner Straße		POINT(7.224566 52.108211)
1531	Haverbeck	Schuster	de:05554:68508:0:1	52.116872	7.251435	bus	NO_MATCH					186	Leer, Kindergarten / Leer, Haltern / Leer, Helling		POINT(7.251435 52.116872)
1532	Haverbeck	Schuster	de:05554:68508:0:2	52.116905	7.251551	bus	NO_MATCH					186	Haverbeck, Krechting		POINT(7.251551 52.116905)
1533	Haverbeck	Werning	de:05554:35314:0:1	52.114759	7.244086	bus	MATCHED_THOUGH_NAMES_DIFFER	n3304925343	49.7	0.05	Schuster	SV05	Leer, Helling		LINESTRING(7.244086 52.114759,7.243439 52.114556500000006)
1534	Haverbeck	Werning	de:05554:35314:0:2	52.114665	7.243727	bus	MATCHED_THOUGH_NAMES_DIFFER	n3304925344	22.7	0.09	Schuster	SV05	Haverbeck, Krechting		LINESTRING(7.243727 52.114665,7.2433956 52.1146546)
1535	Heek	Alexander-Hegius-Schule	de:05554:12965:0:1	52.118151	7.104443	bus	NO_MATCH					812,813,814,SV01,SV02,SV03,SV04	Heek, Kreuzschule / Ahle, Feldkampsweg / Ahle (Kr BOR), Telgmann / Averbeck, Alfert		POINT(7.104443 52.118151)
1536	Heek	Averbeck	de:05554:16488:0:1	52.117953	7.11878	bus	MATCHED	n5300476784	6.7	1.0	Averbeck	772,S70,T17	Heek, Ludgeristr.	Ludgeristraße	LINESTRING(7.11878 52.117953,7.118837500000001 52.1180017)
1537	Heek	Averbeck	de:05554:16488:0:2	52.117953	7.118906	bus	MATCHED	n5300476783	12.3	1.0	Averbeck	772,S70,T17	Heek, Wolbeck	Wolbeck	LINESTRING(7.118906 52.117953,7.118818800000001 52.117856800000006)
1538	Heek	Donaustr. 	de:05554:16670:0:1	52.123005	7.103239	bus	MATCHED	n2089943095	27.7	1.0	Donaustraße	772,773,783,811,B1,N14	Heek, Donnerberg	Donnerberg	LINESTRING(7.103239 52.123005,7.102873300000001 52.1231116)
1539	Heek	Donaustr. 	de:05554:16670:0:2	52.12316	7.102916	bus	MATCHED	n2089943096	27.7	1.0	Donaustraße	772,773,783,B1,N14	Heek, Rathaus	Rathaus	LINESTRING(7.102916 52.12316,7.1032798 52.1230507)
1540	Heek	Donnerberg	de:05554:16477:0:1	52.119128	7.108261	bus	MATCHED	n2089943097	5.8	1.0	Donnerberg	772,773,783,811,812,B1,N14,R77,S70,T17	Heek, Ludgeristr. / Averbeck, Jammertal / Schöppingen, Altes Rathaus / Heek, Vennstr. / Heek, Katthagen	Ludgeristraße / Vennstraße / Altes Rathaus	LINESTRING(7.108261 52.119128,7.1081925 52.119158500000005)
1541	Heek	Donnerberg	de:05554:16477:0:2	52.119216	7.108019	bus	MATCHED	n2089943099	16.8	1.0	Donnerberg	772,773,783,B1,N14,R77,S70,T17	Heek, Rathaus / Heek, Donaustr. / Heek, Ludgeristr.	Donaustraße / Kreuzschule / Rathaus	LINESTRING(7.108019 52.119216,7.1082554 52.119256500000006)
1542	Heek	Eppenkamp	de:05554:61584:1:1	52.139024	7.115268		NO_MATCH_AND_SEEMS_UNSERVED								POINT(7.115268 52.139024)
1543	Heek	Eppenkamp	de:05554:61584:2:2	52.139047	7.115313		NO_MATCH_AND_SEEMS_UNSERVED								POINT(7.115313 52.139047)
1544	Heek	Eppenkamp	de:05554:61584:3:.	52.139008	7.115313		NO_MATCH_AND_SEEMS_UNSERVED								POINT(7.115313 52.139008)
1545	Heek	Eppingscher Hof	de:05554:63232:0:1	52.115746	7.111217		NO_MATCH_AND_SEEMS_UNSERVED								POINT(7.111217 52.115746)
1546	Heek	Feuerwehr	de:05554:63357:0:1	52.118951	7.094607	bus	MATCHED	n5280507223	142.3	1.0	Feuerwehr	773,N14,R77	Heek, Vennstr.	Vennstraße	LINESTRING(7.094607 52.118951,7.0952073 52.117726700000006)
1547	Heek	Feuerwehr	de:05554:63357:0:2	52.119166	7.09458	bus	MATCHED	n5280507225	66.0	1.0	Feuerwehr	773,N14,R77	Ahle, Hovestadt / Ahaus, Bahnhof	Siedlung	LINESTRING(7.09458 52.119166,7.094936400000001 52.1186152)
1548	Heek	Gabelpunkt	de:05554:16475:0:1	52.124748	7.100509	bus	MATCHED	n3304897183	18.0	1.0	Gabelpunkt	773,783,B1,N14	Nienborg, Landesmusikakademie	Landesmusikakademie	LINESTRING(7.100509 52.124748,7.1007645 52.1247867)
1549	Heek	Gabelpunkt	de:05554:16475:0:2	52.124842	7.100607	bus	MATCHED	n3304897184	15.0	1.0	Gabelpunkt	773,783,B1,N14	Heek, Donaustr. / Ahle, Kapelle / Heek, Rathaus	Rathaus	LINESTRING(7.100607 52.124842,7.1004176 52.1247738)
1550	Heek	Heitkamp	de:05554:17490:0:1	52.110263	7.101479	bus	MATCHED	n5338513238	16.7	1.0	Heitkamp	B1	Heek, Kurze Straße	Kurze Straße	LINESTRING(7.101479 52.110263,7.101722400000001 52.1102702)
1551	Heek	Heitkamp	de:05554:17490:0:2	52.110263	7.101479	bus	MATCHED	n5338513237	2.2	1.0	Heitkamp	B1	Ahle, Schleithoff	Schleithoff	LINESTRING(7.101479 52.110263,7.101510500000001 52.1102628)
1552	Heek	Katthagen	de:05554:12967:0:1	52.115752	7.109977	bus	MATCHED	n2901711855	21.3	0.38	Katthagen	773	Heek, Ludgeristr. / Heek, Vennstr.		LINESTRING(7.109977 52.115752,7.1102575 52.1158337)
1553	Heek	Katthagen	de:05554:12967:0:2	52.115763	7.110004		NO_MATCH_AND_SEEMS_UNSERVED								POINT(7.110004 52.115763)
1554	Heek	Kreuzschule	de:05554:12966:0:1	52.123502	7.104991	bus	MATCHED	n6440025911	31.2	1.0	Kreuzschule	783,811,812,813,814,SV02,SV03,SV04,T17	Heek, Donnerberg / Nienborg, Akademieweg / Ahle, Nienborger Damm / Ahle (Kr BOR), Telgmann / Averbeck, Alfert	Donnerberg	LINESTRING(7.104991 52.123502,7.105309800000001 52.1233014)
1555	Heek	Kreuzschule	de:05554:12966:0:2	52.123446	7.104964	bus	NO_MATCH_BUT_OTHER_PLATFORM_MATCHED					811			POINT(7.104964 52.123446)
1556	Heek	Kurze Straße	de:05554:17488:0:1	52.113247	7.107309	bus	MATCHED	n5338513234	5.0	1.0	Kurze Straße	B1	Heek, Ludgeristr.	Ludgeristraße	LINESTRING(7.107309 52.113247,7.1073791 52.113236)
1557	Heek	Kurze Straße	de:05554:17488:0:2	52.113247	7.107309	bus	MATCHED	n5338513233	8.5	1.0	Kurze Straße	B1	Heek, Heitkamp	Heitkamp	LINESTRING(7.107309 52.113247,7.1071847 52.113249100000004)
1558	Heek	Ludgeristr. 	de:05554:16487:0:1	52.116447	7.111953	bus	MATCHED	n4670304900	3.6	1.0	Ludgeristraße	772,773,783,B1,S70,T17	Heek, Donnerberg / Heek, Rathaus / Heek, Donnerberg / Heek, Kreuzschule / Ahaus, Bahnhof	Donnerberg	LINESTRING(7.111953 52.116447,7.1120023 52.116436)
1559	Heek	Ludgeristr. 	de:05554:16487:0:2	52.116425	7.111836	bus	MATCHED	n4670304899	5.1	1.0	Ludgeristraße	772,783,B1,S70,T17	Heek, Kurze Straße / Heek, Averbeck	Kurze Straße / Averbeck	LINESTRING(7.111836 52.116425,7.111828300000001 52.1163795)
1560	Heek	Rathaus	de:05554:14401:0:1	52.123849	7.101308	bus	MATCHED	n2089943123	5.6	1.0	Rathaus	772,773,783,B1,N14,R77,S70	Heek, Kreuzschule / Heek, Donaustr. / Heek, Donnerberg	Donaustraße / Donnerberg	LINESTRING(7.101308 52.123849,7.1012706 52.1238042)
1561	Heek	Rathaus	de:05554:14401:0:2	52.12402	7.101164	bus	MATCHED	n2089943125	6.7	1.0	Rathaus	772,773,783,B1,N14,R77,S70	Ahle, Hovestadt / Heek, Gabelpunkt / Nienborg, Landesmusikakademie	Gabelpunkt / Hovestadt	LINESTRING(7.101164 52.12402,7.1012488000000005 52.123989800000004)
1562	Heek	Siedlung	de:05554:16480:0:1	52.121246	7.092792		MATCHED	n5280507227	19.5	1.0	Siedlung			Rathaus / Feuerwehr	LINESTRING(7.092792 52.121246,7.0926578000000005 52.121091400000005)
1563	Heek	Siedlung	de:05554:16480:0:2	52.121257	7.092747		MATCHED	n5280507226	7.6	1.0	Siedlung			Hovestadt	LINESTRING(7.092747 52.121257,7.092636400000001 52.1212626)
1564	Heek	Vennstr. 	de:05554:16479:0:1	52.117649	7.103743	bus	MATCHED	n5280578049	92.8	1.0	Vennstraße	773,N14,R77	Heek, Donnerberg	Donnerberg	LINESTRING(7.103743 52.117649,7.105093900000001 52.1175859)
1565	Heek	Vennstr. 	de:05554:16479:0:2	52.117716	7.104308	bus	MATCHED	n2901711896	7.7	1.0	Vennstraße	773,N14,R77	Heek, Feuerwehr	Feuerwehr	LINESTRING(7.104308 52.117716,7.1044168 52.117735100000004)
1566	Heek	Vennstr. 	de:05554:16479:0:3	52.117605	7.105063		NO_MATCH_AND_SEEMS_UNSERVED								POINT(7.105063 52.117605)
1567	Heek	West	de:05554:60284:0:1	52.11824	7.08565		NO_MATCH_AND_SEEMS_UNSERVED								POINT(7.08565 52.11824)
1568	Heek	West	de:05554:60284:0:2	52.117749	7.084078		NO_MATCH_AND_SEEMS_UNSERVED								POINT(7.084078 52.117749)
1569	Heek	Wolbeck	de:05554:16489:0:1	52.118212	7.137034	bus	MATCHED	n2950271671	1.5	1.0	Wolbeck	772,S70,T17	Heek, Averbeck	Averbeck	LINESTRING(7.137034 52.118212,7.137035 52.1181982)
1570	Heek	Wolbeck	de:05554:16489:0:2	52.118058	7.137986	bus	MATCHED	n5300476788	9.0	1.0	Wolbeck	772,S70,T17	Metelen, Buschkampweg / Ramsberg, Gabelpunkt / Metelen, Heeker Straße	Buschkampweg / Heeker Straße / Gabelpunkt	LINESTRING(7.137986 52.118058,7.1378785 52.1180108)
1571	Heelden	Ehrenmal	de:05554:69357:0:1	51.814406	6.452769	bus	NO_MATCH					R52	Heelden, Industriegebiet		POINT(6.452769 51.814406)
1572	Heelden	Ehrenmal	de:05554:69357:0:2	51.814456	6.452724	bus	NO_MATCH					R52	Heelden, Ort		POINT(6.452724 51.814456)
1573	Heelden	Industriegebiet	de:05554:69341:0:1	51.818721	6.44614	bus	MATCHED	n12531831643	2.0	1.0	Industriegebiet	R52	Heelden, Ehrenmal		LINESTRING(6.44614 51.818721,6.4461127000000005 51.818714)
1574	Heelden	Industriegebiet	de:05554:69341:0:2	51.818721	6.446005		MATCHED	n12531831642	2.3	1.0	Industriegebiet			Heelden Ort	LINESTRING(6.446005 51.818721,6.4459719 51.8187165)
1575	Heelden	Ort	de:05554:69340:0:1	51.812657	6.44216	bus	MATCHED	n12531831645	2.4	1.0	Heelden Ort	R52	Heelden, Ehrenmal / Vehlingen, Terhorst	Industriegebiet	LINESTRING(6.44216 51.812657,6.442193700000001 51.8126612)
1576	Heelden	Ort	de:05554:69340:0:2	51.812734	6.442214		MATCHED	n12531831646	3.2	1.0	Heelden Ort			Terhorst	LINESTRING(6.442214 51.812734,6.4422486 51.8127155)
1577	Heiden	Alter Kirchplatz	de:05554:16614:0:1	51.826039	6.931634	bus	MATCHED	n5520699308	4.1	1.0	Alter Kirchplatz	713,714,725,B9,R74,T15	Heiden (Kr BOR), Pastoratsweg / Heiden, Mozartstraße / Heiden, Mozartstraße	Pastoratsweg / Mozartstraße	LINESTRING(6.931634 51.826039,6.9316911 51.826029600000005)
1578	Heiden	Alter Kirchplatz	de:05554:16614:0:2	51.825984	6.931733	bus	MATCHED	n5520699307	5.1	1.0	Alter Kirchplatz	713,714,725,B9,R74,T15	Heiden, Marienschule / Heiden, Brook / Heiden, Schule (Mozartstraße) / Heiden, Barbarastr.	Brook / Barbarastraße / Schule	LINESTRING(6.931733 51.825984,6.931711600000001 51.825940300000006)
1579	Heiden	Barbarastr. 	de:05554:16631:0:1	51.825328	6.94245	bus	MATCHED	n5521828624	112.0	1.0	Barbarastraße	725,R74	Heiden, Schmelting / Heiden, Looks	Looks	LINESTRING(6.94245 51.825328,6.940826 51.8253597)
1580	Heiden	Barbarastr. 	de:05554:16631:0:2	51.825439	6.941219	bus	MATCHED	n492352269	1.9	1.0	Barbarastraße	714,725,R74	Heiden, Alter Kirchplatz / Heiden, Schule (Mozartstraße)	Mozartstraße / Alter Kirchplatz	LINESTRING(6.941219 51.825439,6.941203700000001 51.825453100000004)
1581	Heiden	Brook	de:05554:16665:0:1	51.817116	6.923433	bus	MATCHED	n1456508621	15.3	1.0	Brook	714,B9,T15	Heiden, Molkerei	Molkerei	LINESTRING(6.923433 51.817116,6.9232445 51.817044100000004)
1582	Heiden	Brook	de:05554:16665:0:2	51.817116	6.923433	bus	MATCHED	n1456508622	24.2	1.0	Brook	714,B9,T15	Heiden (Kr BOR), Pastoratsweg / Heiden, Alter Kirchplatz / Heiden, Mozartstraße	Alter Kirchplatz / Pastoratsweg	LINESTRING(6.923433 51.817116,6.9236798 51.8172702)
1583	Heiden	Buschhausen	de:05554:11144:0:1	51.804548	6.932506	bus	MATCHED	n2070162972	11.5	1.0	Buschhausen	714,725,T15	Heiden, Gasth. Lensing / Heiden, Gasth. Lensing	Gasthaus Lensing	LINESTRING(6.932506 51.804548,6.932345700000001 51.8045756)
1584	Heiden	Buschhausen	de:05554:11144:0:2	51.804548	6.932506	bus	MATCHED	n2070162968	6.7	1.0	Buschhausen	714,725,T15	Heiden, Molkerei / Heiden, Katemann	Katemann	LINESTRING(6.932506 51.804548,6.9326014 51.804559100000006)
1585	Heiden	Ehem. Schule	de:05554:16610:0:1	51.804936	6.963039	bus	MATCHED	n1457464618	11.7	1.0	Ehemalige Schule	713,T15	Heiden, Gasth. Lensing / Heiden, Gasth. Lensing	Gasthaus Lensing	LINESTRING(6.963039 51.804936,6.9631686 51.8050039)
1586	Heiden	Ehem. Schule	de:05554:16610:0:2	51.804914	6.962968	bus	MATCHED	n1457464617	5.7	1.0	Ehemalige Schule	713,T15	Heiden, Kleine Sähling / Leblich, Drögen Bockelt	Kleine Sähling	LINESTRING(6.962968 51.804914,6.9630489 51.8049023)
1587	Heiden	Gasth. Lensing	de:05554:16611:0:1	51.803542	6.95217	bus	MATCHED	n1457464622	8.5	1.0	Gasthaus Lensing	713,725	Heiden, Schmelting		LINESTRING(6.95217 51.803542,6.952204500000001 51.8036156)
1588	Heiden	Gasth. Lensing	de:05554:16611:0:2	51.803537	6.952107	bus	MATCHED	n1457464621	14.1	1.0	Gasthaus Lensing	713,725	Heiden, Ehem.Schule / Heiden, Buschhausen		LINESTRING(6.952107 51.803537,6.9519564 51.803622100000005)
1589	Heiden	Gasth. Lensing	de:05554:16611:0:3	51.802864	6.951676	bus	MATCHED	n1457464620	9.8	1.0	Gasthaus Lensing	714,T15	Heiden, Buschhausen	Buschhausen	LINESTRING(6.951676 51.802864,6.951803000000001 51.8029032)
1590	Heiden	Gasth. Lensing	de:05554:16611:0:4	51.802903	6.952071	bus	MATCHED	n1457464619	8.6	1.0	Gasthaus Lensing	714,T15	Heiden, Schmelting / Heiden, Ehem.Schule	Ehemalige Schule	LINESTRING(6.952071 51.802903,6.9520565 51.802826200000005)
1591	Heiden	Hengstermann	de:05554:16617:0:1	51.83078	6.898603	bus	MATCHED	n1409380546	9.5	1.0	Hengstermann	713,R74	Heiden, Küpper	Küpper	LINESTRING(6.898603 51.83078,6.898546400000001 51.830858000000006)
1592	Heiden	Hengstermann	de:05554:16617:0:2	51.831557	6.898073	bus	MATCHED	n1409380547	18.2	1.0	Hengstermann	713,R74	Borken, Josefskirche / Borken, Schulzentrum I / Borken, Bahnhof	Josefskirche	LINESTRING(6.898073 51.831557,6.8979818 51.8317105)
1593	Heiden	Höingshof	de:05554:16633:0:1	51.823457	6.975975	bus	MATCHED	n5521828318	26.4	1.0	Höingshof	R74	Heiden, Osterkamp	Osterkamp	LINESTRING(6.975975 51.823457,6.975596800000001 51.823421700000004)
1594	Heiden	Höingshof	de:05554:16633:0:2	51.823474	6.97531	bus	MATCHED	n1200643261	11.7	1.0	Höingshof	R74	Heiden, Looks	Looks	LINESTRING(6.97531 51.823474,6.9754642 51.823517700000004)
1595	Heiden	Katemann	de:05554:12968:0:1	51.810829	6.913147	bus	MATCHED	n5520699317	10.9	1.0	Katemann	B9,T15	Marbeck, Bahnh. Marbeck-Heiden / Heiden, Molkerei	Bahnhof	LINESTRING(6.913147 51.810829,6.913002100000001 51.8108676)
1596	Heiden	Katemann	de:05554:12968:0:2	51.810802	6.913273		MATCHED	n1456508623	8.3	1.0	Katemann			Molkerei	LINESTRING(6.913273 51.810802,6.9131686000000006 51.8107648)
1597	Heiden	Kleine Sähling	de:05554:16609:0:1	51.809813	6.975831	bus	MATCHED	n3167601266	23.3	1.0	Kleine Sähling	713,T15	Heiden, Ehem.Schule / Leblich, Drögen Bockelt	Ehemalige Schule	LINESTRING(6.975831 51.809813,6.9755604 51.8099379)
1598	Heiden	Kleine Sähling	de:05554:16609:0:2	51.809808	6.975912	bus	MATCHED	n5521724985	40.0	1.0	Kleine Sähling	713,T15	Bahnhof Reken, Kreulkerhok		LINESTRING(6.975912 51.809808,6.9753528000000005 51.809905)
1599	Heiden	Küpper	de:05554:16616:0:1	51.825045	6.908655	bus	MATCHED	n3167573051	5.6	1.0	Küpper	713,R74	Heiden, Mozartstraße	Mozartstraße	LINESTRING(6.908655 51.825045,6.908602500000001 51.8250071)
1600	Heiden	Küpper	de:05554:16616:0:2	51.824995	6.909527	bus	MATCHED	n3167573052	3.0	1.0	Küpper	713,R74	Heiden, Hengstermann	Hengstermann	LINESTRING(6.909527 51.824995,6.909558700000001 51.82501370000001)
1601	Heiden	Looks	de:05554:16632:0:1	51.823768	6.960246	bus	MATCHED	n1200641762	3.2	1.0	Looks	R74	Heiden, Höingshof	Höingshof	LINESTRING(6.960246 51.823768,6.960211200000001 51.823749500000005)
1602	Heiden	Looks	de:05554:16632:0:2	51.824035	6.959015	bus	MATCHED	n5521828621	32.1	1.0	Looks	R74	Heiden, Barbarastr.	Barbarastraße	LINESTRING(6.959015 51.824035,6.9594794 51.8240119)
1603	Heiden	Marienschule	de:05554:16613:0:1	51.823779	6.938012	bus	MATCHED	n492352747	9.3	0.55	Marienschule	713	Heiden, Alter Kirchplatz		LINESTRING(6.938012 51.823779,6.9379306000000005 51.823846)
1604	Heiden	Marienschule	de:05554:16613:0:2	51.823757	6.938066	bus	NO_MATCH_BUT_OTHER_PLATFORM_MATCHED					713	Heiden, Schmelting		POINT(6.938066 51.823757)
1605	Heiden	Molkerei	de:05554:16667:0:1	51.812995	6.919489	bus	MATCHED	n2069350414	25.6	1.0	Molkerei	714,725,B9,T15	Heiden, Katemann / Marbeck, Schulstraße / Heiden, Buschhausen	Katemann	LINESTRING(6.919489 51.812995,6.919570200000001 51.8132193)
1606	Heiden	Molkerei	de:05554:16667:0:2	51.812901	6.919363	bus	MATCHED	n2069350413	43.1	1.0	Molkerei	714,725,B9,T15	Heiden, Mozartstraße / Heiden, Brook	Brook	LINESTRING(6.919363 51.812901,6.9198075 51.813173600000006)
1607	Heiden	Mozartstraße	de:05554:16615:0:1	51.825917	6.925427	bus	MATCHED	n3167584264	9.0	1.0	Mozartstraße	713,714,725,R74	Heiden, Barbarastr. / Heiden, Brook / Heiden, Alter Kirchplatz / Heiden, Küpper	Küpper / Barbarastraße	LINESTRING(6.925427 51.825917,6.9253219 51.825964400000004)
1608	Heiden	Mozartstraße	de:05554:16615:0:2	51.825961	6.926882	bus	MATCHED	n3167584265	6.4	1.0	Mozartstraße	713,714,725,R74	Heiden, Alter Kirchplatz / Heiden, Molkerei	Alter Kirchplatz	LINESTRING(6.926882 51.825961,6.9268524000000005 51.8259064)
1609	Heiden	Osterkamp	de:05554:16634:0:1	51.823624	6.986638	bus	MATCHED	n5521828315	3.2	1.0	Osterkamp	R74	Groß Reken, Maas	Maas	LINESTRING(6.986638 51.823624,6.9866543000000005 51.823597400000004)
1610	Heiden	Osterkamp	de:05554:16634:0:2	51.823568	6.986045	bus	MATCHED	n1200643264	7.8	1.0	Osterkamp	R74	Heiden, Höingshof	Höingshof	LINESTRING(6.986045 51.823568,6.986118800000001 51.8236216)
1611	Heiden	Ramsdorf/Heiden	de:05554:35301:0:1	51.853297	6.922121	bus	MATCHED	n208640970	8.9	1.0	Ramsdorf / Heiden	S75	Borken, Bahnhof	Schule / Bahnhof	LINESTRING(6.922121 51.853297,6.9222343 51.8533363)
1612	Heiden	Ramsdorf/Heiden	de:05554:35301:0:2	51.851821	6.922795	bus	MATCHED	n244888514	6.9	1.0	Ramsdorf / Heiden	S75	Maria Veen, B67n	B67n	LINESTRING(6.922795 51.851821,6.922786500000001 51.851759300000005)
1613	Heiden	Schmelting	de:05554:16612:0:1	51.813617	6.946807	bus	MATCHED	n3167585809	9.8	0.54	Schmelting	713,714,725	Heiden, Barbarastr. / Heiden, Marienschule		LINESTRING(6.946807 51.813617,6.9468866 51.813689600000004)
1614	Heiden	Schmelting	de:05554:16612:0:2	51.812607	6.947202	bus	MATCHED	n3167585810	8.0	0.59	Schmelting	713,714,725	Heiden, Gasth. Lensing / Heiden, Gasth. Lensing		LINESTRING(6.947202 51.812607,6.947089600000001 51.8125901)
1615	Heiden	Schule (Mozartstraße)	de:05554:16630:0:1	51.828737	6.935183	bus	MATCHED_THOUGH_DISTANT	w909223433	247.2	1.0	Schule	714	Heiden, Alter Kirchplatz	Alter Kirchplatz	LINESTRING(6.935183 51.828737,6.937240685476378 51.83055741739803)
1616	Heiden	Schule (Mozartstraße)	de:05554:16630:0:2	51.828698	6.935129	bus	MATCHED_THOUGH_DISTANT	w909223434	254.2	1.0	Schule	714	Nordick, Reithalle	Ramsdorf / Heiden	LINESTRING(6.935129 51.828698,6.937330159845553 51.83053083145702)
1617	Heiden (Kr BOR)	Pastoratsweg	de:05554:37023:0:1	51.823907	6.930763	bus	MATCHED	n5520699310	7.7	1.0	Pastoratsweg	B9	Heiden, Brook	Brook	LINESTRING(6.930763 51.823907,6.9306551 51.8238884)
1618	Heiden (Kr BOR)	Pastoratsweg	de:05554:37023:0:2	51.823913	6.930763	bus	MATCHED	n5520699311	8.8	1.0	Pastoratsweg	B9	Heiden, Alter Kirchplatz	Alter Kirchplatz	LINESTRING(6.930763 51.823913,6.9308911 51.823914900000005)
1619	Hemden	Abzw. Brennereiweg	de:05554:15247:0:1	51.873229	6.571616		NO_MATCH_AND_SEEMS_UNSERVED								POINT(6.571616 51.873229)
1620	Hemden	Abzw. Brennereiweg	de:05554:15247:0:2	51.873229	6.571527		NO_MATCH_AND_SEEMS_UNSERVED								POINT(6.571527 51.873229)
1621	Hemden	Abzw. Hamalandstr. 	de:05554:63234:0:1	51.889853	6.588235		NO_MATCH_AND_SEEMS_UNSERVED								POINT(6.588235 51.889853)
1622	Hemden	Abzw. Hamalandstr. 	de:05554:63234:0:2	51.889865	6.588334		NO_MATCH_AND_SEEMS_UNSERVED								POINT(6.588334 51.889865)
1623	Hemden	Abzw. Hemdener Weg	de:05554:63235	51.86563	6.608331		NO_MATCH_AND_SEEMS_UNSERVED								POINT(6.608331 51.86563)
1624	Hemden	Alte Aaltener Str. 	de:05554:12969:0:1	51.894183	6.60887		NO_MATCH_AND_SEEMS_UNSERVED								POINT(6.60887 51.894183)
1625	Hemden	Alte Büdding	de:05554:63236	51.889709	6.59455		NO_MATCH_AND_SEEMS_UNSERVED								POINT(6.59455 51.889709)
1626	Hemden	Alte Kreuzkapelle	de:05554:63237	51.894638	6.605968		NO_MATCH_AND_SEEMS_UNSERVED								POINT(6.605968 51.894638)
1627	Hemden	Brennereiweg	de:05554:63238	51.876706	6.569694		NO_MATCH_AND_SEEMS_UNSERVED								POINT(6.569694 51.876706)
1628	Hemden	Dammheide	de:05554:63239	51.887647	6.576809		NO_MATCH_AND_SEEMS_UNSERVED								POINT(6.576809 51.887647)
1629	Hemden	Fehringweg	de:05554:63240	51.862185	6.603237		NO_MATCH_AND_SEEMS_UNSERVED								POINT(6.603237 51.862185)
1630	Hemden	Finkenberg	de:05554:12053:0:1	51.86446	6.602411		NO_MATCH_AND_SEEMS_UNSERVED								POINT(6.602411 51.86446)
1631	Hemden	Genossenschaft	de:05554:64945:0:1	51.869097	6.590391		NO_MATCH_AND_SEEMS_UNSERVED								POINT(6.590391 51.869097)
1632	Hemden	Genossenschaft	de:05554:64945:0:2	51.869102	6.590436	bus	NO_MATCH					C11	Hemden, Zollamt		POINT(6.590436 51.869102)
1633	Hemden	Hamalandstr. 73	de:05554:63242:0:1	51.879085	6.590616		NO_MATCH_AND_SEEMS_UNSERVED								POINT(6.590616 51.879085)
1634	Hemden	Hamalandstr. 73	de:05554:63242:0:2	51.879102	6.590625		NO_MATCH_AND_SEEMS_UNSERVED								POINT(6.590625 51.879102)
1635	Hemden	Hemdener Kapelle	de:05554:16822:0:1	51.873944	6.605025	bus	MATCHED_THOUGH_REVERSED_DIR	n5353053958	9.5	1.0	Hemdener Kapelle	C11	Hemden, Kapellenstr.	Bahia-Bad	LINESTRING(6.605025 51.873944,6.6049008 51.8739806)
1636	Hemden	Hemdener Kapelle	de:05554:16822:0:2	51.873994	6.605061	bus	MATCHED_THOUGH_REVERSED_DIR	n5353053959	2.6	1.0	Hemdener Kapelle	C11	Bocholt, Bahia-Bad	Kapellenstraße	LINESTRING(6.605061 51.873994,6.6050845 51.874012)
1637	Hemden	Hemdener Ringstr. 	de:05554:16825:0:1	51.879973	6.5904	bus	MATCHED_THOUGH_REVERSED_DIR	n5353053950	176.5	1.0	Hemdener Ring	C11	Hemden, Kreuzkapellenweg	Siedlerstraße	LINESTRING(6.5904 51.879973,6.5896219 51.881484500000006)
1638	Hemden	Hemdener Ringstr. 	de:05554:16825:0:2	51.879978	6.5904	bus	MATCHED_THOUGH_REVERSED_DIR	n5353053949	172.4	1.0	Hemdener Ring	C11	Hemden, Siedlerstr.	Kreuzkapellenweg	LINESTRING(6.5904 51.879978,6.5898731 51.8814933)
1639	Hemden	Hohe Heide	de:05554:12097:0:1	51.877156	6.607307		NO_MATCH_AND_SEEMS_UNSERVED								POINT(6.607307 51.877156)
1640	Hemden	Hohe Heide	de:05554:12097:0:2	51.877156	6.607307		NO_MATCH_AND_SEEMS_UNSERVED								POINT(6.607307 51.877156)
1641	Hemden	Hölle	de:05554:12052:0:1	51.873601	6.596293		NO_MATCH_AND_SEEMS_UNSERVED								POINT(6.596293 51.873601)
1642	Hemden	Hölle	de:05554:12052:0:2	51.873601	6.596293		NO_MATCH_AND_SEEMS_UNSERVED								POINT(6.596293 51.873601)
1643	Hemden	Kapellenstr. 	de:05554:16823:0:1	51.876096	6.606525	bus	MATCHED_THOUGH_REVERSED_DIR	n5353053955	59.0	1.0	Kapellenstraße	C11	Hemden, Siedlerstr.	Hemdener Kapelle	LINESTRING(6.606525 51.876096,6.606848100000001 51.876587)
1644	Hemden	Kapellenstr. 	de:05554:16823:0:2	51.876124	6.606543	bus	MATCHED_THOUGH_REVERSED_DIR	n5353053956	60.3	1.0	Kapellenstraße	C11	Hemden, Hemdener Kapelle	Siedlerstraße	LINESTRING(6.606543 51.876124,6.606980900000001 51.87659360000001)
1645	Hemden	Koopmann	de:05554:12065:0:1	51.867222	6.605483		NO_MATCH_AND_SEEMS_UNSERVED								POINT(6.605483 51.867222)
1646	Hemden	Koopmann	de:05554:12065:0:2	51.867222	6.605483		NO_MATCH_AND_SEEMS_UNSERVED								POINT(6.605483 51.867222)
1647	Hemden	Kreuzkapellenweg	de:05554:16826:0:1	51.889654	6.586178	bus	MATCHED_THOUGH_REVERSED_DIR	n5353105087	37.9	1.0	Kreuzkapellenweg	C11	Hemden, Zollamt	Hemdener Ring	LINESTRING(6.586178 51.889654,6.5862018 51.889314000000006)
1648	Hemden	Kreuzkapellenweg	de:05554:16826:0:2	51.889621	6.586205	bus	MATCHED_THOUGH_REVERSED_DIR	n5353105088	10.7	1.0	Kreuzkapellenweg	C11	Hemden, Hemdener Ringstr.	Zollamt	LINESTRING(6.586205 51.889621,6.586266200000001 51.8897096)
1649	Hemden	Moddenborgstr. 	de:05554:12059	51.858829	6.605833		NO_MATCH_AND_SEEMS_UNSERVED								POINT(6.605833 51.858829)
1650	Hemden	Morshüttenstegge	de:05554:63241:0:1	51.86507	6.590131		NO_MATCH_AND_SEEMS_UNSERVED								POINT(6.590131 51.86507)
1651	Hemden	Morshüttenstegge	de:05554:63241:0:2	51.865081	6.590131		NO_MATCH_AND_SEEMS_UNSERVED								POINT(6.590131 51.865081)
1652	Hemden	Siedlerstr. 	de:05554:16824:0:1	51.878847	6.60807	bus	MATCHED_THOUGH_REVERSED_DIR	n5353053952	7.9	1.0	Siedlerstraße	C11	Hemden, Hemdener Ringstr.	Kapellenstraße	LINESTRING(6.60807 51.878847,6.607965200000001 51.8788174)
1653	Hemden	Siedlerstr. 	de:05554:16824:0:2	51.878864	6.60807	bus	MATCHED_THOUGH_REVERSED_DIR	n5353053953	56.2	1.0	Siedlerstraße	C11	Hemden, Kapellenstr.	Hemdener Ring	LINESTRING(6.60807 51.878864,6.608000100000001 51.878360400000005)
1654	Hemden	Zollamt	de:05554:16827:0:1	51.893779	6.58554	bus	MATCHED_THOUGH_REVERSED_DIR	n5353105086	7.2	1.0	Zollamt	C11	Aalten, Busstation/Bahnhof	Kreuzkapellenweg	LINESTRING(6.58554 51.893779,6.585442700000001 51.8937552)
1655	Hemden	Zollamt	de:05554:16827:0:2	51.893773	6.585558	bus	MATCHED_THOUGH_REVERSED_DIR	n3591729217	6.4	1.0	Zollamt	C11	Hemden, Kreuzkapellenweg		LINESTRING(6.585558 51.893773,6.5856031 51.8937224)
1656	Hemden	Zur alten Schmiede	de:05554:63243	51.874804	6.581597		NO_MATCH_AND_SEEMS_UNSERVED								POINT(6.581597 51.874804)
1657	Hengeler	Ehrenmal	de:05554:16966:0:1	52.006341	6.902089	bus	MATCHED	n2589251804	12.5	0.49	Ehrenmal	861	Stadtlohn, Erningfeld / Stadtlohn, Busbahnhof		LINESTRING(6.902089 52.006341,6.9020469 52.0062313)
1658	Hengeler	Garthaus	de:05554:16967:0:1	52.012998	6.890294	bus	MATCHED	n10671590602	2.9	0.77	Garthaus	861	Hengeler, Middelick / Hengeler, Hengeler 9		LINESTRING(6.890294 52.012998,6.890263 52.0130156)
1659	Hengeler	Hengeler 9	de:05554:16317:0:1	52.015779	6.872678	bus	MATCHED	n10671644554	5.8	0.4	Hengeler 9	861	Hengeler, Middelick		LINESTRING(6.872678 52.015779,6.8727046000000005 52.015729300000004)
1660	Hengeler	Jüttermann	de:05554:16965:0:1	52.004864	6.904891	bus	MATCHED	n3297621073	1.3	0.85	Jüttermann	861	Hengeler, Garthaus		LINESTRING(6.904891 52.004864,6.9048875 52.004852400000004)
1661	Hengeler	Middelick	de:05554:16968:0:1	52.010996	6.90022	bus	MATCHED	n2589251807	4.3	0.71	Middelick	861	Hengeler, Ehrenmal		LINESTRING(6.90022 52.010996,6.900169300000001 52.0109737)
1662	Heven	Brockegge/Bitter	de:05554:16697:0:1	52.06874	7.188031	bus	MATCHED	n5287780905	5.4	1.0	Bitter	774,N6	Heven, Eckrodt	Eckrodt	LINESTRING(7.188031 52.06874,7.188109600000001 52.068739)
1663	Heven	Brockegge/Bitter	de:05554:16697:0:2	52.06874	7.188031	bus	MATCHED	n5287780906	6.3	1.0	Bitter	774,N6	Asbeck, Margarethenschule / Asbeck, Eißingort	Margaretenschule	LINESTRING(7.188031 52.06874,7.187955400000001 52.068772)
1664	Heven	Eckrodt	de:05554:16698:0:1	52.078132	7.210471	bus	MATCHED	n5287780910	7.5	1.0	Eckrodt	774,N6,SV39	Heven, Gastst. Wigger-Kortüm / Schöppingen, Sportplatz / Heven, Reithalle	Sportplatz	LINESTRING(7.210471 52.078132,7.2105798000000005 52.0781362)
1665	Heven	Eckrodt	de:05554:16698:0:2	52.078132	7.210471	bus	MATCHED	n5287780909	5.8	1.0	Eckrodt	774,N6	Heven, Brockegge/Bitter	Bitter	LINESTRING(7.210471 52.078132,7.210425600000001 52.0781757)
1666	Heven	Gastst. Wigger-Kortüm	de:05554:64373:0:1	52.058705	7.219787	bus	NO_MATCH					SV39	Eggerode, Küpper		POINT(7.219787 52.058705)
1667	Heven	Heven 88	de:05554:60038:0:1	52.06177	7.185139		NO_MATCH_AND_SEEMS_UNSERVED								POINT(7.185139 52.06177)
1668	Heven	Hevener Weg	de:05554:31017:0:1	52.061334	7.223227	bus	MATCHED	n2901711854	9.3	0.55	Hevener Weg	186,774	Schöppingen, Hengel / Eggerode, Vechtebrücke / Haverbeck, Schuster		LINESTRING(7.223227 52.061334,7.223332900000001 52.061281400000006)
1669	Heven	Hevener Weg	de:05554:31017:0:2	52.061417	7.223227	bus	NO_MATCH_BUT_OTHER_PLATFORM_MATCHED					186,774	Heven, Reithalle / Eggerode, Ortsmitte		POINT(7.223227 52.061417)
1670	Heven	Reithalle	de:05554:31554:0:1	52.073218	7.217658	bus	NO_MATCH					774	Heven, Hevener Weg		POINT(7.217658 52.073218)
1671	Heven	Reithalle	de:05554:31554:0:2	52.073295	7.217667	bus	NO_MATCH					774	Heven, Eckrodt		POINT(7.217667 52.073295)
1672	Hochfeld	Fontanestr. 	de:05554:16787:0:1	51.836037	6.642224	bus	MATCHED	n5349488355	1.9	1.0	Fontanestraße	C3	Bocholt, Kochenheimstr.	Kochenheimstraße	LINESTRING(6.642224 51.836037,6.6422331 51.836053500000006)
1673	Hochfeld	Fontanestr. 	de:05554:16787:0:2	51.836071	6.642278		NO_MATCH_AND_SEEMS_UNSERVED								POINT(6.642278 51.836071)
1674	Hochfeld	Im Osteresch	de:05554:16785:0:1	51.833184	6.645449	bus	MATCHED	n5349488358	43.0	1.0	Im Osteresch	C3	Hochfeld, Krechtinger Str.	Jahnstraße	LINESTRING(6.645449 51.833184,6.645376700000001 51.832799900000005)
1675	Hochfeld	Im Osteresch	de:05554:16785:0:2	51.833212	6.645503	bus	MATCHED	n5349488357	4.9	1.0	Im Osteresch	C3	Hochfeld, Jahnstr.	Krechtinger Straße	LINESTRING(6.645503 51.833212,6.6455698000000005 51.833196900000004)
1676	Hochfeld	Jahnstr. 	de:05554:16784:0:1	51.832473	6.64403	bus	MATCHED_THOUGH_REVERSED_DIR	n5349488360	15.3	1.0	Jahnstraße	C3	Hochfeld, Im Osteresch	Eichendorffstraße	LINESTRING(6.64403 51.832473,6.6442408 51.832517300000006)
1677	Hochfeld	Jahnstr. 	de:05554:16784:0:2	51.832479	6.64403	bus	MATCHED_THOUGH_REVERSED_DIR	n5349488359	24.1	1.0	Jahnstraße	C3	Bocholt, Eichendorffstr.	Im Osteresch	LINESTRING(6.64403 51.832479,6.6436802 51.832470900000004)
1678	Hochfeld	Krechtinger Str. 	de:05554:16786:0:1	51.834799	6.646141	bus	MATCHED	n5349488356	0.7	1.0	Krechtinger Straße	C3	Hochfeld, Fontanestr.	Fontanestraße	LINESTRING(6.646141 51.834799,6.6461492 51.834802100000005)
1679	Hochfeld	Krechtinger Str. 	de:05554:16786:0:2	51.834838	6.646087		NO_MATCH_AND_SEEMS_UNSERVED								POINT(6.646087 51.834838)
1680	Hochfeld	Lönsstr. 	de:05554:16788:0:1	51.834311	6.642529	bus	MATCHED	n5349488349	4.7	1.0	Lönsstraße	C3	Hochfeld, Im Osteresch	Im Osteresch	LINESTRING(6.642529 51.834311,6.6424611 51.834304100000004)
1681	Hochfeld	Lönsstr. 	de:05554:16788:0:2	51.834339	6.642512		NO_MATCH_AND_SEEMS_UNSERVED								POINT(6.642512 51.834339)
1682	Hochmoor	Autobahnbr. 	de:05554:31415:0:1	51.896855	7.021044	bus	MATCHED	n2552903569	34.8	1.0	Autobahnbrücke	R51	Velen, Klyer Damm	Klyer Damm	LINESTRING(7.021044 51.896855,7.0208142 51.897133600000004)
1683	Hochmoor	Autobahnbr. 	de:05554:31415:0:2	51.896944	7.020981	bus	MATCHED	n5364017413	10.7	1.0	Autobahnbrücke	751,R51	Hochmoor, Sparkasse	Sparkasse	LINESTRING(7.020981 51.896944,7.0211112 51.8969961)
1684	Hochmoor	Pappelallee	de:05554:30605:0:1	51.902043	7.039504	bus	MATCHED	n1270781624	4.3	1.0	Pappelallee	776,R51,R61	Hochmoor, Sparkasse	Sparkasse	LINESTRING(7.039504 51.902043,7.0394858000000005 51.9020804)
1685	Hochmoor	Pappelallee	de:05554:30605:0:2	51.901994	7.039522	bus	MATCHED	n1270781625	5.1	1.0	Pappelallee	761,776,R51,R61	Hochmoor, Tungerloh-Pröbsting / Hochmoor, Tungerloh-Pröbsting	Pröbsting	LINESTRING(7.039522 51.901994,7.039579600000001 51.9019653)
1686	Hochmoor	Sparkasse	de:05554:30606:0:1	51.898407	7.03433	bus	MATCHED	n1270781626	14.3	1.0	Sparkasse	751,761,776,N20,R51,R61,SV08,T75	Velen, Klyer Damm / Stevede, Am Heubach / Velen, Ellinghaus / Hochmoor, Autobahnbr. / Velen, Hemich Esch	Am Heubach / Autobahnbrücke / Ellinghaus	LINESTRING(7.03433 51.898407,7.0344533 51.898510200000004)
1687	Hochmoor	Sparkasse	de:05554:30606:0:2	51.898507	7.034599	bus	MATCHED	n1621590528	5.4	1.0	Sparkasse	751,761,776,N20,R51,R61,SV08,T75	Maria Veen, B67n / Stevede, Schulten-Hook / Hochmoor, Pappelallee / Gescher, Gabelpunkt	Schulten Hook / B67n / Pappelallee	LINESTRING(7.034599 51.898507,7.034676500000001 51.8985161)
1688	Hochmoor	Tungerloh-Pröbsting	de:05554:30604:0:1	51.92874	7.040573	bus	MATCHED	n5365264578	8.9	1.0	Pröbsting	761,776,R51,R61	Gescher, Gabelpunkt / Hochmoor, Pappelallee	Pappelallee	LINESTRING(7.040573 51.92874,7.040570700000001 51.928819600000004)
1689	Hochmoor	Tungerloh-Pröbsting	de:05554:30604:0:2	51.929089	7.040789	bus	MATCHED	n5365264579	12.8	1.0	Pröbsting	776,R51,R61	Hochmoor, Pappelallee / Gescher, Gabelpunkt	Gabelpunkt	LINESTRING(7.040789 51.929089,7.040884500000001 51.928989900000005)
1690	Holthausen	Abzw. Ramsdorf	de:05554:30610:0:1	51.926197	6.914836	bus	NO_MATCH					751	Holthausen, Schule		POINT(6.914836 51.926197)
1691	Holthausen	Abzw. Ramsdorf	de:05554:30610:0:2	51.926386	6.914917	bus	NO_MATCH					751	Holthausen, Heidemann		POINT(6.914917 51.926386)
1692	Holthausen	Barnsfeld	de:05554:30975:0:1	51.911443	6.917234	bus	MATCHED	n1409380530	48.7	0.23	Barnsfeld	751	Ramsdorf, Siedlung		LINESTRING(6.917234 51.911443,6.916862900000001 51.9110701)
1693	Holthausen	Barnsfeld	de:05554:30975:0:2	51.911581	6.917306	bus	MATCHED	n1409380531	53.3	0.21	Barnsfeld	751	Holthausen, Schule		LINESTRING(6.917306 51.911581,6.917498200000001 51.912044800000004)
1694	Holthausen	Gehling	de:05554:24995:0:1	51.92043	6.915528	bus	NO_MATCH					751	Holthausen, Abzw. Ramsdorf		POINT(6.915528 51.92043)
1695	Holthausen	Heidemann	de:05554:31576:0:1	51.934612	6.913884		NO_MATCH_AND_SEEMS_UNSERVED								POINT(6.913884 51.934612)
1696	Holthausen	Heidemann	de:05554:31576:0:2	51.934667	6.914054	bus	NO_MATCH					751	Nordvelen, Rotthues		POINT(6.914054 51.934667)
1697	Holthausen	Sch. Weddeling	de:05554:34737	51.92781	6.9004		NO_MATCH_AND_SEEMS_UNSERVED								POINT(6.9004 51.92781)
1698	Holthausen	Schule	de:05554:30611:0:1	51.916663	6.916075	bus	NO_MATCH					751	Holthausen, Barnsfeld		POINT(6.916075 51.916663)
1699	Holthausen	Schule	de:05554:30611:0:2	51.91689	6.916058	bus	NO_MATCH					751	Holthausen, Gehling		POINT(6.916058 51.91689)
1700	Holtwick	Adlerstraße	de:05554:61524:0:1	51.84848	6.598269	bus	MATCHED_THOUGH_REVERSED_DIR	n5351370086	39.9	1.0	Adlerstraße	C7	Holtwick, Sperberstraße	Am Schievegraben	LINESTRING(6.598269 51.84848,6.5977715 51.8486643)
1701	Holtwick	Adlerstraße	de:05554:61524:0:2	51.84868	6.597775	bus	MATCHED_THOUGH_REVERSED_DIR	n5351370085	43.2	1.0	Adlerstraße	C7	Bocholt, Am Schievegraben	Sperberstraße	LINESTRING(6.597775 51.84868,6.5983106000000005 51.8484787)
1702	Holtwick	Aloysianastraße	de:05554:61525:0:1	51.858945	6.5813	bus	MATCHED_THOUGH_REVERSED_DIR	n5351542641	45.8	1.0	Aloysianastraße	C7	Spork, Brennereiweg	Hoves Esch	LINESTRING(6.5813 51.858945,6.581957200000001 51.8588838)
1703	Holtwick	Aloysianastraße	de:05554:61525:0:2	51.859012	6.581732	bus	MATCHED_THOUGH_REVERSED_DIR	n5351542640	2.7	1.0	Aloysianastraße	C7	Holtwick, Hoves Esch	Brennereiweg	LINESTRING(6.581732 51.859012,6.581711800000001 51.8590329)
1704	Holtwick	Edeka	de:05554:63252:0:1	51.85444	6.594074		NO_MATCH_AND_SEEMS_UNSERVED								POINT(6.594074 51.85444)
1705	Holtwick	Edeka	de:05554:63252:0:2	51.85434	6.594137		NO_MATCH_AND_SEEMS_UNSERVED								POINT(6.594137 51.85434)
1706	Holtwick	Fischerweg	de:05554:65530:0:1	51.850284	6.590077		NO_MATCH_AND_SEEMS_UNSERVED								POINT(6.590077 51.850284)
1707	Holtwick	Fischerweg	de:05554:65530:0:2	51.850284	6.590059		NO_MATCH_AND_SEEMS_UNSERVED								POINT(6.590059 51.850284)
1708	Holtwick	Georgiusschule	de:05554:63249:0:1	51.857575	6.582549		NO_MATCH_AND_SEEMS_UNSERVED								POINT(6.582549 51.857575)
1709	Holtwick	Holtwicker Bach	de:05554:16833:0:1	51.855888	6.591891	bus	MATCHED_THOUGH_REVERSED_DIR	n5351542646	76.5	1.0	Holtwicker Bach	C7	Holtwick, Hoves Esch	Sperberstraße	LINESTRING(6.591891 51.855888,6.5909386 51.856241600000004)
1710	Holtwick	Holtwicker Bach	de:05554:16833:0:2	51.856215	6.590957	bus	MATCHED_THOUGH_REVERSED_DIR	n5351542645	70.0	1.0	Holtwicker Bach	C7	Holtwick, Sperberstraße	Hoves Esch	LINESTRING(6.590957 51.856215,6.591834400000001 51.8558986)
1711	Holtwick	Hoves Esch	de:05554:61526:0:1	51.858085	6.5866	bus	MATCHED_THOUGH_REVERSED_DIR	n5351542643	75.6	1.0	Hoves Esch	C7	Holtwick, Aloysianastraße	Holtwicker Bach	LINESTRING(6.5866 51.858085,6.5875576 51.857754)
1712	Holtwick	Hoves Esch	de:05554:61526:0:2	51.858157	6.586627	bus	MATCHED_THOUGH_REVERSED_DIR	n5351542644	21.5	1.0	Hoves Esch	C7	Holtwick, Holtwicker Bach	Aloysianastraße	LINESTRING(6.586627 51.858157,6.586934 51.8581201)
1713	Holtwick	Mähneweg	de:05554:12970:0:1	51.869346	6.590391		NO_MATCH_AND_SEEMS_UNSERVED								POINT(6.590391 51.869346)
1714	Holtwick	Mähneweg	de:05554:12970:0:2	51.869346	6.590391		NO_MATCH_AND_SEEMS_UNSERVED								POINT(6.590391 51.869346)
1715	Holtwick	Norbertschule	de:05554:63250:0:1	51.849868	6.594775		NO_MATCH_AND_SEEMS_UNSERVED								POINT(6.594775 51.849868)
1716	Holtwick	Sperberstraße	de:05554:61528:0:1	51.852409	6.593805	bus	MATCHED_THOUGH_REVERSED_DIR	n5351542648	6.7	1.0	Sperberstraße	C7	Holtwick, Holtwicker Bach	Adlerstraße	LINESTRING(6.593805 51.852409,6.5937079 51.852406300000006)
1717	Holtwick	Sperberstraße	de:05554:61528:0:2	51.852687	6.593805	bus	MATCHED_THOUGH_REVERSED_DIR	n5351542649	3.7	1.0	Sperberstraße	C7	Holtwick, Adlerstraße	Holtwicker Bach	LINESTRING(6.593805 51.852687,6.593819300000001 51.8527186)
1718	Homer	Homerstraße	de:05554:30783:0:1	51.784207	6.775642		NO_MATCH_AND_SEEMS_UNSERVED								POINT(6.775642 51.784207)
1719	Hordt	Schlüter	de:05554:14366:0:1	51.983679	6.876765	bus	MATCHED	n1578574353	9.6	0.55	Schlüter	860	Hordt, Schützenweg / Hordt, Picker	Picker / Schützenweg	LINESTRING(6.876765 51.983679,6.876853700000001 51.983612400000005)
1720	Hordt	Schücker	de:05554:63013:0:1	51.986982	6.862644	bus	MATCHED	n13041838797	5.6	0.66	Schücker	860	Wenningfeld, Klöpper	Klöpper / Schützenweg	LINESTRING(6.862644 51.986982,6.8625981000000005 51.986940800000006)
1721	Hordt	Schücker	de:05554:63013:0:2	51.986982	6.862644	bus	NO_MATCH_BUT_OTHER_PLATFORM_MATCHED					860	Hordt, Schützenweg		POINT(6.862644 51.986982)
1722	Hordt	Schützenweg	de:05554:16946:0:1	51.988526	6.87504	bus	MATCHED	n13041838798	5.4	0.66	Schützenweg	860	Hordt, Schücker / Hordt, Schlüter / Stadtlohn, Hordtschule	Schlüter / Schücker / Hordtschule	LINESTRING(6.87504 51.988526,6.8749966 51.988567)
1723	Hoxfeld	Bleker	de:05554:30766:0:1	51.830969	6.786476		NO_MATCH_AND_SEEMS_UNSERVED								POINT(6.786476 51.830969)
1724	Hoxfeld	Bollenbergweg	de:05554:35700:0:1	51.841871	6.780142		MATCHED	n519201665	5.7	0.6	Bollenbergwerg				LINESTRING(6.780142 51.841871,6.7800829 51.8418347)
1725	Hoxfeld	Haus Pröbsting	de:05554:30624:0:1	51.834949	6.805277	bus	MATCHED	n1455682276	1.3	1.0	Haus Pröbsting	726,751,R51	Hoxfeld, Kaninchenberg	Kaninchenberg	LINESTRING(6.805277 51.834949,6.8052913 51.83494090000001)
1726	Hoxfeld	Haus Pröbsting	de:05554:30624:0:2	51.835193	6.806957	bus	MATCHED	n1455682277	2.3	1.0	Haus Pröbsting	726,R51	Borken, Abzw. Hoxfeld	Abzweig Hoxfeld	LINESTRING(6.806957 51.835193,6.806923800000001 51.8351941)
1727	Hoxfeld	Jägerkrug	de:05554:36719:0:2	51.843225	6.80163		NO_MATCH_AND_SEEMS_UNSERVED								POINT(6.80163 51.843225)
1728	Hoxfeld	Kaninchenberg	de:05554:30756:0:1	51.832085	6.795297	bus	MATCHED	n519201604	4.9	1.0	Kaninchenberg	726,751,R51	Rhedebrügge, Ortsmitte	Ortsmitte	LINESTRING(6.795297 51.832085,6.7953226 51.832125700000006)
1729	Hoxfeld	Kaninchenberg	de:05554:30756:0:2	51.831791	6.794551	bus	MATCHED	n519201608	6.1	1.0	Kaninchenberg	726,R51	Hoxfeld, Haus Pröbsting	Haus Pröbsting	LINESTRING(6.794551 51.831791,6.794540400000001 51.831736600000006)
1730	Hoxfeld	Nienhaus	de:05554:30762:0:1	51.85616	6.772462		MATCHED	n2557642595	8.6	0.51	Nienhaus				LINESTRING(6.772462 51.85616,6.7723458 51.8561891)
1731	Hoxfeld	Nordmann	de:05554:30764:0:1	51.845156	6.779837		NO_MATCH_AND_SEEMS_UNSERVED								POINT(6.779837 51.845156)
1732	Hoxfeld	Olbing	de:05554:30763:0:1	51.850129	6.782038		NO_MATCH_AND_SEEMS_UNSERVED								POINT(6.782038 51.850129)
1733	Hoxfeld	Olbing	de:05554:30763:0:2	51.850267	6.782155		NO_MATCH_AND_SEEMS_UNSERVED								POINT(6.782155 51.850267)
1734	Hoxfeld	Pröbstingsee	de:05554:36726:0:1	51.838624	6.805044		NO_MATCH_AND_SEEMS_UNSERVED								POINT(6.805044 51.838624)
1735	Hoxfeld	Schule	de:05554:30760:0:1	51.848225	6.797893		MATCHED	n1244377060	17.6	0.35	Hoxfeld Schule				LINESTRING(6.797893 51.848225,6.7977262000000005 51.848344700000006)
1736	Hoxfeld	Schweers	de:05554:30758:0:1	51.840605	6.821159		NO_MATCH_AND_SEEMS_UNSERVED								POINT(6.821159 51.840605)
1737	Hoxfeld	Thewes	de:05554:30761:0:1	51.859711	6.775318		MATCHED	n519215042	6.9	0.56	Thewes				LINESTRING(6.775318 51.859711,6.7752192 51.859703)
1738	Hoxfeld	Wesseler	de:05554:30765	51.83864	6.780556		NO_MATCH_AND_SEEMS_UNSERVED								POINT(6.780556 51.83864)
1739	Hoxfeld	Wüst	de:05554:30759:0:1	51.843575	6.809176		NO_MATCH_AND_SEEMS_UNSERVED								POINT(6.809176 51.843575)
1740	Hundewick	Alte Schule	de:05554:16943:0:1	51.972568	6.890959	bus	MATCHED	n11292450167	3.0	1.0	Alte Schule	860,B7	Hundewick, Gemeindestraße / Hundewick, Vitivierter Bach / Hundewick, Blaue	Gemeindestraße / Von-Ardenne-Straße/SVS	LINESTRING(6.890959 51.972568,6.890955000000001 51.972540900000006)
1741	Hundewick	Alte Schule	de:05554:16943:0:2	51.972568	6.890959	bus	MATCHED_THOUGH_REVERSED_DIR	n11292450166	6.4	1.0	Alte Schule	B7	Stadtlohn, Von-Ardenne-Str.	Blaue / Vitivierter Bach	LINESTRING(6.890959 51.972568,6.890945 51.9726252)
1742	Hundewick	Blaue	de:05554:16944:0:1	51.973399	6.880161	bus	MATCHED	n13041864701	6.3	0.63	Blaue	860	Hundewick, Alte Schule / Hundewick, Feuerlöschteich	Alte Schule / Feuerlöschteich	LINESTRING(6.880161 51.973399,6.8801009 51.9734423)
1743	Hundewick	Busen	de:05554:16942:0:1	51.976248	6.904712	bus	MATCHED	n13041838784	2.7	0.77	Busen	860	Hundewick, Gemeindestraße / Stadtlohn, Gymnasium / Stadtlohn, Busbahnhof	Gemeindestraße / Busbahnhof / Gymnasium	LINESTRING(6.904712 51.976248,6.9046839 51.976265500000004)
1744	Hundewick	Feuerlöschteich	de:05554:16945:0:1	51.975369	6.875687	bus	MATCHED	n13041838800	1.9	0.82	Feuerlöschteich	860	Hordt, Picker / Hundewick, Blaue	Blaue / Picker	LINESTRING(6.875687 51.975369,6.875702700000001 51.9753552)
1745	Hundewick	Gemeindestraße	de:05554:16413:0:1	51.971827	6.89766	bus	MATCHED_AMBIGUOUSLY	n13041838783	31.9	1.0	Gemeindestraße	753,R76,T7	Stadtlohn, Heisterborg / Stadtlohn, Gymnasium	Busen / Alte Schule	LINESTRING(6.89766 51.971827,6.8979435 51.9715999)
1746	Hundewick	Gemeindestraße	de:05554:16413:0:1	51.971827	6.89766	bus	MATCHED_AMBIGUOUSLY	n5299447998	2.6	1.0	Gemeindestraße	753,R76,T7	Stadtlohn, Heisterborg / Stadtlohn, Gymnasium	Heisterborg	LINESTRING(6.89766 51.971827,6.897653200000001 51.9718043)
1747	Hundewick	Gemeindestraße	de:05554:16413:0:2	51.971561	6.897382	bus	MATCHED	n5299447997	5.9	1.0	Gemeindestraße	753,R76,T7	Südlohn, Beckedahl / Oeding, Gewerbegebiet	Beckedahl	LINESTRING(6.897382 51.971561,6.8973474 51.971609400000006)
1748	Hundewick	Gemeindestraße	de:05554:16413:0:3	51.971556	6.897956	bus	NO_MATCH_BUT_OTHER_PLATFORM_MATCHED					860	Hundewick, Alte Schule / Hundewick, Busen		POINT(6.897956 51.971556)
1749	Hundewick	Vitivierter Bach	de:05554:64451:0:1	51.972651	6.881742	bus	MATCHED	n11292450163	32.2	1.0	Vitivierter Bach	B7	Südlohn, Wienkamp / Hundewick, Alte Schule	Wienkamp / Alte Schule	LINESTRING(6.881742 51.972651,6.881626300000001 51.972931200000005)
1750	Hundewick	Vitivierter Bach	de:05554:64451:0:2	51.972928	6.881931		NO_MATCH_AND_SEEMS_UNSERVED								POINT(6.881931 51.972928)
1751	Hörsteloe	Beier	de:05554:16452:0:1	52.082548	6.898603	bus	MATCHED	n2589328427	21.6	0.37	Beier	770,823	Hörsteloe, Kapelle		LINESTRING(6.898603 52.082548,6.898892 52.0824706)
1752	Hörsteloe	Beier	de:05554:16452:0:2	52.082548	6.898594	bus	NO_MATCH_BUT_OTHER_PLATFORM_MATCHED					770	Hörsteloe, Voss		POINT(6.898594 52.082548)
1753	Hörsteloe	Elling	de:05554:11066:0:1	52.089095	6.89112	bus	NO_MATCH					823	Hörsteloe, Voss		POINT(6.89112 52.089095)
1754	Hörsteloe	Kapelle	de:05554:13908:0:1	52.07796	6.906203	bus	NO_MATCH_BUT_OTHER_PLATFORM_MATCHED					770,823	Ottenstein, Sportplatz / Ottenstein, Textilstr.		POINT(6.906203 52.07796)
1755	Hörsteloe	Kapelle	de:05554:13908:0:2	52.07796	6.906212	bus	MATCHED	n2589328429	16.1	0.44	Kapelle	770	Hörsteloe, Beier		LINESTRING(6.906212 52.07796,6.906432100000001 52.07790910000001)
1756	Hörsteloe	Karpaten-Jans	de:05554:16456:0:1	52.102229	6.914989	bus	MATCHED	n2589328430	13.9	0.47	Karpaten-Jens	770,823	Hörsteloe, Thesing / Hörsteloe, Lefering		LINESTRING(6.914989 52.102229,6.9151683 52.102287600000004)
1757	Hörsteloe	Karpaten-Jans	de:05554:16456:0:2	52.102229	6.914989	bus	NO_MATCH_BUT_OTHER_PLATFORM_MATCHED					770			POINT(6.914989 52.102229)
1758	Hörsteloe	Lefering	de:05554:21283:0:1	52.094741	6.907748	bus	MATCHED	n2589328431	10.1	0.54	Lefering	823	Hörsteloe, Elling		LINESTRING(6.907748 52.094741,6.907637 52.094680700000005)
1759	Hörsteloe	Reithalle	de:05554:21282:0:1	52.084475	6.907676	bus	NO_MATCH					823	Hörsteloe, Thesing		POINT(6.907676 52.084475)
1760	Hörsteloe	Reithalle	de:05554:21282:0:2	52.084475	6.907685		NO_MATCH_AND_SEEMS_UNSERVED								POINT(6.907685 52.084475)
1761	Hörsteloe	Thesing	de:05554:16455:0:1	52.091148	6.913928	bus	NO_MATCH					770	Hörsteloe, Wesseler		POINT(6.913928 52.091148)
1762	Hörsteloe	Thesing	de:05554:16455:0:2	52.091143	6.913937	bus	NO_MATCH					770,823	Hörsteloe, Karpaten-Jans / Hörsteloe, Karpaten-Jans		POINT(6.913937 52.091143)
1763	Hörsteloe	Voss	de:05554:16453:0:1	52.087676	6.892135	bus	NO_MATCH					770,823	Hörsteloe, Beier		POINT(6.892135 52.087676)
1764	Hörsteloe	Voss	de:05554:16453:0:2	52.087676	6.892126	bus	NO_MATCH					770	Hörsteloe, Wesseler		POINT(6.892126 52.087676)
1765	Hörsteloe	Wesseler	de:05554:16454:0:1	52.091507	6.909176	bus	MATCHED	n421587356	23.3	0.36	Wesseler	770,B12	Alstätte (Kr BOR), Kolbestr. / Hörsteloe, Voss	Vredener Straße / Kolbestraße	LINESTRING(6.909176 52.091507,6.9095142 52.091525600000004)
1766	Hörsteloe	Wesseler	de:05554:16454:0:2	52.091507	6.909167	bus	NO_MATCH_BUT_OTHER_PLATFORM_MATCHED					770,B12	Ottenstein, Vredener Str. / Hörsteloe, Thesing		POINT(6.909167 52.091507)
1767	Hülsten	Berg	de:05554:16647:0:1	51.818338	7.099952	bus	MATCHED	n3038484991	5.8	1.0	Berg	716,B15,R74,T18	Hülsten, Droste	Droste	LINESTRING(7.099952 51.818338,7.099868600000001 51.818329600000006)
1768	Hülsten	Berg	de:05554:16647:0:2	51.818743	7.099862	bus	MATCHED	n3038484992	13.0	1.0	Berg	716,B15,R74,T18	Hülsten, Knüver	Knüver	LINESTRING(7.099862 51.818743,7.0999381 51.8186357)
1769	Hülsten	Droste	de:05554:16648:0:1	51.811168	7.099251	bus	MATCHED	n5313748916	2.8	1.0	Droste	716,B15,R74,T18	Hülsten, Schule / Hülsten, Schule	Schule	LINESTRING(7.099251 51.811168,7.0992869 51.8111802)
1770	Hülsten	Droste	de:05554:16648:0:2	51.811135	7.099502	bus	MATCHED	n3038484993	7.9	1.0	Droste	716,B15,R74,T18	Hülsten, Berg	Berg	LINESTRING(7.099502 51.811135,7.0994719 51.811066600000004)
1771	Hülsten	Knüver	de:05554:16646:0:1	51.824201	7.099889	bus	MATCHED	n3038484995	8.1	1.0	Knüver	716,B15,R74,T18	Hülsten, Berg	Berg	LINESTRING(7.099889 51.824201,7.0999121 51.824272500000006)
1772	Hülsten	Knüver	de:05554:16646:0:2	51.824645	7.100239	bus	MATCHED	n3038484996	3.6	1.0	Knüver	716,B15,R74,T18	Maria Veen, Stilkenbäumer	Stilkenbäumer	LINESTRING(7.100239 51.824645,7.1002346 51.8246131)
1773	Hülsten	Schule	de:05554:16649:0:1	51.810741	7.091382	bus	MATCHED	n2719084062	9.8	1.0	Schule	716,B15,T18	Hülsten, Surendorf / Hülsten, Surendorf	Surendorf	LINESTRING(7.091382 51.810741,7.0914558 51.8108166)
1774	Hülsten	Schule	de:05554:16649:0:2	51.810707	7.090322	bus	MATCHED	n3038484994	5.4	1.0	Schule	716,B15,T18	Hülsten, Droste	Droste	LINESTRING(7.090322 51.810707,7.090345200000001 51.8106603)
1775	Hülsten	Schule	de:05554:16649:0:3	51.809691	7.091624	bus	NO_MATCH_BUT_OTHER_PLATFORM_MATCHED					R74	Hülsten, Surendorf / Hülsten, Droste / Hülsten, Surendorf		POINT(7.091624 51.809691)
1776	Hülsten	Surendorf	de:05554:16654:0:1	51.810535	7.082093	bus	MATCHED	n5313748912	3.5	1.0	Surendorf	716,R74	Bahnhof Reken, Aeckern		LINESTRING(7.082093 51.810535,7.0820430000000005 51.8105301)
1777	Hülsten	Surendorf	de:05554:16654:0:2	51.810474	7.081904	bus	MATCHED	n5313748913	4.5	1.0	Surendorf	716	Hülsten, Schule		LINESTRING(7.081904 51.810474,7.0818928 51.810434)
1778	Hülsten	Surendorf	de:05554:16654:0:3	51.811074	7.081132	bus	MATCHED_THOUGH_REVERSED_DIR	n5313748911	31.9	1.0	Surendorf	R74,T18	Hülsten, Weskerhok	Schule	LINESTRING(7.081132 51.811074,7.0811793000000005 51.810788800000005)
1779	Hülsten	Surendorf	de:05554:16654:0:4	51.811324	7.0808	bus	MATCHED_THOUGH_REVERSED_DIR	n5313748910	43.8	1.0	Surendorf	R74,T18	Hülsten, Schule / Hülsten, Schule	Weskerhok	LINESTRING(7.0808 51.811324,7.0812115 51.8110243)
1780	Hülsten	Treckersberg	de:05554:16652:0:1	51.822197	7.064217	bus	MATCHED	n5313748905	2.9	0.85	Treckersberg	R74,T18	Hülsten, Weskerhok	Weskerhook	LINESTRING(7.064217 51.822197,7.0641848000000005 51.8221799)
1781	Hülsten	Treckersberg	de:05554:16652:0:2	51.822563	7.064037	bus	MATCHED	n5313748904	0.4	0.94	Treckersberg	R74,T18	Groß Reken, Tennisplätze	Tennisplätze	LINESTRING(7.064037 51.822563,7.064037300000001 51.822559600000005)
1782	Hülsten	Weskerhok	de:05554:16653:0:1	51.815989	7.073442	bus	MATCHED	n2274790808	3.2	1.0	Weskerhook	R74,T18	Hülsten, Surendorf / Maria Veen, Missionsschule	Surendorf	LINESTRING(7.073442 51.815989,7.073395400000001 51.815990600000006)
1783	Hülsten	Weskerhok	de:05554:16653:0:2	51.815639	7.074305	bus	MATCHED	n5313748908	5.3	1.0	Weskerhok	R74,T18	Hülsten, Treckersberg	Treckersberg	LINESTRING(7.074305 51.815639,7.0742324000000005 51.8156557)
1784	Isselburg	Autohof Fernbus	de:05554:69330:0:1	51.818943	6.445646	bus	MATCHED	n4820005733	25.6	0.2	Isselburg (Autohof)	068,N61	Utrecht Leidsche Rijn / D-Worringer Platz,W57 / Duisburg Hbf / Amsterdam Sloterdijk	Fernbusbahnhof Duisburg 3	LINESTRING(6.445646 51.818943,6.4454625000000005 51.819143200000006)
1785	Isselburg	Brüggenhütte	de:05554:35691	51.853158	6.472344		NO_MATCH_AND_SEEMS_UNSERVED								POINT(6.472344 51.853158)
1786	Isselburg	Heidekrug	de:05554:6402:0:01	51.813545	6.479485	bus	MATCHED	n3655352850	4.3	0.8	Heidekrug	R52	Isselburg, Mövesfeld	Mövesfeld	LINESTRING(6.479485 51.813545,6.4794849 51.8135837)
1787	Isselburg	Heidekrug	de:05554:6402:0:02	51.813451	6.479647	bus	MATCHED	n3655352849	29.6	0.48	Heidekrug	R52	Isselburg, Kreuzweg	Kreuzweg	LINESTRING(6.479647 51.813451,6.4797563 51.81319370000001)
1788	Isselburg	Hochseilgarten	de:05554:35692	51.837447	6.454458		NO_MATCH_AND_SEEMS_UNSERVED								POINT(6.454458 51.837447)
1789	Isselburg	Kreuzweg	de:05554:6401:0:01	51.811129	6.499527	bus	MATCHED	n3655296917	5.7	0.77	Kreuzweg	R52	Isselburg, Heidekrug	Heidekrug	LINESTRING(6.499527 51.811129,6.4996030000000005 51.811148900000006)
1790	Isselburg	Kreuzweg	de:05554:6401:0:02	51.810991	6.49906	bus	MATCHED	n3655352852	15.4	0.6	Kreuzweg	R52	Werth, Ärztehaus	Ärztehaus	LINESTRING(6.49906 51.810991,6.4988763 51.810912800000004)
1791	Isselburg	Markt	de:05554:6406:0:01	51.834561	6.461223	bus	MATCHED	n1455682626	33.8	0.46	Markt	R52	Isselburg, Schulzentrum	Schulzentrum	LINESTRING(6.461223 51.834561,6.4610542 51.8348464)
1792	Isselburg	Markt	de:05554:6406:0:02	51.834733	6.461097	bus	MATCHED	n527355028	6.1	0.76	Markt	R52	Isselburg, Reeser Straße	Reeser Straße	LINESTRING(6.461097 51.834733,6.4610231 51.834762600000005)
1793	Isselburg	Mövesfeld	de:05554:6403:0:01	51.824812	6.467403	bus	MATCHED	n3655296918	5.2	0.78	Mövesfeld	R52	Isselburg, Reeser Straße	Reeser Straße	LINESTRING(6.467403 51.824812,6.467478000000001 51.824818900000004)
1794	Isselburg	Mövesfeld	de:05554:6403:0:02	51.824834	6.467538	bus	MATCHED	n3655352862	19.4	0.56	Mövesfeld	R52	Isselburg, Heidekrug	Heidekrug	LINESTRING(6.467538 51.824834,6.4672613000000005 51.824864600000005)
1795	Isselburg	Reeser Straße	de:05554:6405:0:01	51.828276	6.465202	bus	MATCHED	n3655296919	70.1	0.34	Reeser Straße	R52	Isselburg, Markt	Markt	LINESTRING(6.465202 51.828276,6.4647706000000005 51.8288467)
1796	Isselburg	Reeser Straße	de:05554:6405:0:02	51.82907	6.464681	bus	MATCHED	n3655352892	84.2	0.31	Reeser Straße	R52	Isselburg, Mövesfeld	Mövesfeld	LINESTRING(6.464681 51.82907,6.4649887 51.8283373)
1797	Isselburg	Schloss Anholt	de:05554:29991:0:01	51.844779	6.423565	bus	MATCHED	n1455682628	7.9	0.72	Schloss Anholt	R52	Vehlingen, Venderbosch	Venderbosch	LINESTRING(6.423565 51.844779,6.423517400000001 51.844714800000006)
1798	Isselburg	Schloss Anholt	de:05554:29991:0:02	51.844801	6.423691	bus	MATCHED	n1455682627	4.1	0.81	Schloss Anholt	R52	Isselburg, Schneidkuhle	Schneidkuhle	LINESTRING(6.423691 51.844801,6.4237392 51.844779900000006)
1799	Isselburg	Schneidkuhle	de:05554:6408:0:01	51.848286	6.429386	bus	MATCHED	n456018659	5.8	0.65	Schneidkuhle	R52	Isselburg, Schloss Anholt	Schloss Anholt / Breels	LINESTRING(6.429386 51.848286,6.4293031 51.8482964)
1800	Isselburg	Schneidkuhle	de:05554:6408:0:02	51.848159	6.429242	bus	NO_MATCH_BUT_OTHER_PLATFORM_MATCHED					R52	Anholt, Linders Feld		POINT(6.429242 51.848159)
1801	Isselburg	Schulzentrum	de:05554:35997:0:01	51.839362	6.456569	bus	MATCHED	n527987575	7.3	0.73	Schulzentrum	R52	Anholt, Breels	Breels	LINESTRING(6.456569 51.839362,6.4566612 51.839394500000004)
1802	Isselburg	Schulzentrum	de:05554:35997:0:02	51.838357	6.456956	bus	MATCHED	n3655352894	106.9	0.28	Schulzentrum	R52	Isselburg, Markt	Markt	LINESTRING(6.456956 51.838357,6.456605000000001 51.8392933)
1803	Kl. Reken	Parkpl. Alt. Garten	de:05554:35694	51.78663	7.039423		NO_MATCH_AND_SEEMS_UNSERVED								POINT(7.039423 51.78663)
1804	Klein Reken	Bahnhof	de:05554:37195:1:1	51.787375	7.035533		NO_MATCH_AND_SEEMS_UNSERVED								POINT(7.035533 51.787375)
1805	Klein Reken	Bahnhof	de:05554:37195:2:1	51.787841	7.036495	bus	MATCHED	n8066170684	14.8	1.0	Bahnhof	B14	Klein Reken, Ort	Ort	LINESTRING(7.036495 51.787841,7.0367056 51.7878155)
1806	Klein Reken	Bahnhof	de:05554:37195:2:2	51.787836	7.036495		NO_MATCH_AND_SEEMS_UNSERVED								POINT(7.036495 51.787836)
1807	Klein Reken	Bahnhof	de:05554:37195:89:89	51.787819	7.036396	bus	NO_MATCH_AND_SEEMS_UNSERVED								POINT(7.036396 51.787819)
1808	Klein Reken	Bahnhof	de:05554:37195:91:1	51.786863	7.035129	train	MATCHED	n7058923256	31.4	1.0	Reken-Klein Reken	RE14	Bahnhof Reken, Bahnhof / Dorsten Lembeck Bf	Reken / Lembeck	LINESTRING(7.035129 51.786863,7.035256 51.787134300000005)
1809	Klein Reken	Dorfstr. 	de:05554:63125:0:1	51.789436	7.039288		NO_MATCH_AND_SEEMS_UNSERVED								POINT(7.039288 51.789436)
1810	Klein Reken	Dorfstr. 	de:05554:63125:0:2	51.789442	7.039288	bus	MATCHED	n10698814897	56.0	1.0	Dorfstraße	B14	Bahnhof Reken, Große Wilde	Große Wilde	LINESTRING(7.039288 51.789442,7.0392204000000005 51.788940800000006)
1811	Klein Reken	Halterner Str. 	de:05554:68765:0:1	51.786436	7.045244	bus	MATCHED	n10698814898	5.9	1.0	Halterner Straße	B14	Klein Reken, Hubertustal	Hubertustal	LINESTRING(7.045244 51.786436,7.0451607 51.786426000000006)
1812	Klein Reken	Hubertustal	de:05554:63126:0:1	51.78563	7.045235	bus	MATCHED	n8066186485	7.4	0.73	Hubertustal	B14	Klein Reken, Bahnhof	Bahnhof	LINESTRING(7.045235 51.78563,7.0451277 51.7856237)
1813	Klein Reken	Ort	de:05554:16600:0:1	51.78558	7.03795	bus	MATCHED	n1456508521	6.9	1.0	Ort	713,716,R73,R74,T18	Lembeck Mühlenweg	Mühlenweg	LINESTRING(7.03795 51.78558,7.0379211 51.7855208)
1814	Klein Reken	Ort	de:05554:16600:0:2	51.785591	7.038049	bus	MATCHED	n1456508522	2.4	1.0	Ort	R73E	Klein Reken, Dorfstr. / Bahnhof Reken, Große Wilde	Große Wilde / Dorfstraße	LINESTRING(7.038049 51.785591,7.0380739000000005 51.785575400000006)
1815	Klein Reken	Sportplatz Gevelsberg	de:05554:63136:0:1	51.792864	7.04793	bus	MATCHED	n10698814899	21.2	1.0	Sportplatz Gevelsberg	B14	Klein Reken, Halterner Str.		LINESTRING(7.04793 51.792864,7.0479963 51.7926775)
1816	Kleinemast	Albersmann	de:05554:30722:0:1	52.031317	6.863335	bus	MATCHED	n3297621052	18.4	0.41	Albersmann	762	Kleinemast, Siedlung		LINESTRING(6.863335 52.031317,6.8632672 52.031477200000005)
1817	Kleinemast	Albersmann	de:05554:30722:0:2	52.03129	6.86329	bus	MATCHED	n2589328426	34.9	0.28	Albersmann	762	Stadtlohn, Wendfeld		LINESTRING(6.86329 52.03129,6.863570800000001 52.031551900000004)
1818	Kleinemast	Bußmann	de:05554:31392:0:1	52.033826	6.848235		MATCHED	n1574500406	17.1	0.37	Bußmann				LINESTRING(6.848235 52.033826,6.848361100000001 52.0336933)
1819	Kleinemast	Fürstenbu. 	de:05554:35110	52.022059	6.858502		NO_MATCH_AND_SEEMS_UNSERVED								POINT(6.858502 52.022059)
1820	Kleinemast	Ostendarp	de:05554:60837	52.025569	6.84978		MATCHED	n1890159657	1.8	0.81	Ostendarp				LINESTRING(6.84978 52.025569,6.8497548 52.0255638)
1821	Kleinemast	Siedlung	de:05554:30966:0:1	52.033042	6.852592	bus	NO_MATCH					762	Vreden, Busbahnhof		POINT(6.852592 52.033042)
1822	Kleinemast	Siedlung	de:05554:30966:0:2	52.032986	6.852529	bus	NO_MATCH					762	Kleinemast, Albersmann		POINT(6.852529 52.032986)
1823	Krechting	Lönsweg/Krechting	de:05554:35348:0:2	51.823413	6.695943	bus	MATCHED	n5568440408	20.8	1.0	Lönsweg/Krechting	752	Rhede, Körnerstr./Wibbeltstr. / Krechting, Proatecke		LINESTRING(6.695943 51.823413,6.6960547 51.823587100000005)
1824	Krechting	Proatecke	de:05554:35349:0:1	51.819954	6.696878	bus	MATCHED	n1447653555	36.4	1.0	Proatecke	752	Büngern, Büngerner Allee		LINESTRING(6.696878 51.819954,6.6968347 51.8196279)
1825	Krechting	Proatecke	de:05554:35349:0:2	51.820104	6.696815	bus	MATCHED	n1447653558	23.3	1.0	Proatecke	752	Krechting, Lönsweg/Krechting		LINESTRING(6.696815 51.820104,6.696981200000001 51.8199217)
1826	Krommert	Am Essingholtbach	de:05554:35357:0:1	51.801598	6.692009		MATCHED	n2557589404	41.5	1.0	Am Essingholtbach				LINESTRING(6.692009 51.801598,6.692563900000001 51.8014547)
1827	Krommert	Brünener Str. 	de:05554:35356:0:1	51.800209	6.710191	bus	MATCHED	n5568710995	35.5	1.0	Brünener Straße	752	Krommert, Raesfelder Weg		LINESTRING(6.710191 51.800209,6.7103693 51.8005087)
1828	Krommert	Brünener Str. 	de:05554:35356:0:2	51.800159	6.710164	bus	MATCHED	n5568710996	64.9	1.0	Brünener Straße	752	Krommert, Krommert/Schule		LINESTRING(6.710164 51.800159,6.710157400000001 51.800742500000005)
1829	Krommert	Dreest	de:05554:36574:0:1	51.80382	6.722857		MATCHED	n2937972075	11.1	1.0	Dreest				LINESTRING(6.722857 51.80382,6.722713400000001 51.8037756)
1830	Krommert	Hagensfeld	de:05554:35353	51.784096	6.728399		NO_MATCH_AND_SEEMS_UNSERVED								POINT(6.728399 51.784096)
1831	Krommert	Homerstegge	de:05554:35351	51.797231	6.73838		NO_MATCH_AND_SEEMS_UNSERVED								POINT(6.73838 51.797231)
1832	Krommert	Krommert/Schule	de:05554:35355:0:1	51.79982	6.714503	bus	MATCHED	n3137351371	15.9	1.0	Krommert/Schule	752	Krommert, Brünener Str.		LINESTRING(6.714503 51.79982,6.714707700000001 51.799885200000006)
1833	Krommert	Krommert/Schule	de:05554:35355:0:2	51.799787	6.714763	bus	MATCHED	n5568710997	3.2	1.0	Krommert/Schule	752	Krommert, Transformator		LINESTRING(6.714763 51.799787,6.7147842 51.7997614)
1834	Krommert	Linnhövel	de:05554:36577:0:1	51.787541	6.725633	bus	MATCHED	n3137351369	17.3	1.0	Linnhövel	752	Krommert, Transformator / Krommert, Vennebauer		LINESTRING(6.725633 51.787541,6.7258335 51.7876345)
1835	Krommert	Raesfelder Weg	de:05554:36818:0:1	51.807664	6.709813	bus	MATCHED	n3137415593	35.8	1.0	Raesfelder Weg	752	Krommert, Renzelhook		LINESTRING(6.709813 51.807664,6.7099389 51.807352200000004)
1836	Krommert	Raesfelder Weg	de:05554:36818:0:2	51.807902	6.709885	bus	MATCHED	n3137415592	112.1	1.0	Raesfelder Weg	752	Krommert, Brünener Str.		LINESTRING(6.709885 51.807902,6.709713300000001 51.8068996)
1837	Krommert	Reithalle	de:05554:36575:0:1	51.803253	6.714898		MATCHED	n1447653562	19.1	1.0	Reithalle				LINESTRING(6.714898 51.803253,6.7148683 51.8030825)
1838	Krommert	Renzelhook	de:05554:35350:0:1	51.816416	6.715742	bus	MATCHED_THOUGH_DISTANT	n10677776448	285.0	1.0	Renzelhook	752	Rhede, Rudolf-Diesel-Str.		LINESTRING(6.715742 51.816416,6.7117304 51.815800100000004)
1839	Krommert	Renzelhook	de:05554:35350:0:2	51.816433	6.716039	bus	MATCHED_THOUGH_DISTANT	n10677776446	322.0	1.0	Renzelhook	752	Krommert, Raesfelder Weg		LINESTRING(6.716039 51.816433,6.711462900000001 51.815857900000005)
1840	Krommert	Schlatt Ziegelei	de:05554:36813:0:1	51.815855	6.711601		NO_MATCH_AND_SEEMS_UNSERVED								POINT(6.711601 51.815855)
1841	Krommert	Schlatt Ziegelei	de:05554:36813:0:2	51.816166	6.711619		NO_MATCH_AND_SEEMS_UNSERVED								POINT(6.711619 51.816166)
1842	Krommert	Stenert	de:05554:36807:0:1	51.80087	6.710262		NO_MATCH_AND_SEEMS_UNSERVED								POINT(6.710262 51.80087)
1843	Krommert	Stenert	de:05554:36807:0:2	51.800987	6.710271		NO_MATCH_AND_SEEMS_UNSERVED								POINT(6.710271 51.800987)
1844	Krommert	Transformator	de:05554:35354:0:1	51.794581	6.726297	bus	MATCHED	n3137351370	82.9	1.0	Transformator	752	Krommert, Krommert/Schule		LINESTRING(6.726297 51.794581,6.726364800000001 51.7938368)
1845	Krommert	Transformator	de:05554:35354:0:2	51.794504	6.726396	bus	MATCHED	n5568710999	75.9	1.0	Transformator	752	Krommert, Linnhövel		LINESTRING(6.726396 51.794504,6.7262319 51.7938295)
1846	Krommert	Venderstiege	de:05554:36576:0:1	51.787169	6.713407		MATCHED	n3137351368	34.2	1.0	Venderstiege				LINESTRING(6.713407 51.787169,6.712922000000001 51.787106)
1847	Krommert	Vennebauer	de:05554:36694:0:1	51.769834	6.743877	bus	MATCHED	n3137430531	67.5	0.18	Vennebauer	752	Krommert, Linnhövel		LINESTRING(6.743877 51.769834,6.7434436 51.769289900000004)
1848	Krommert	Vennebauer	de:05554:36694:0:2	51.770001	6.743949	bus	NO_MATCH_BUT_OTHER_PLATFORM_MATCHED					752	Hamminkeln Kapellenweg		POINT(6.743949 51.770001)
1849	Krommert	Vennweg	de:05554:35358:0:1	51.809324	6.73467		MATCHED	n3137351367	72.4	1.0	Venneweg				LINESTRING(6.73467 51.809324,6.7344191 51.8099555)
1850	Krommert	Ächterkrommert	de:05554:35352	51.781545	6.73405		NO_MATCH_AND_SEEMS_UNSERVED								POINT(6.73405 51.781545)
1851	Krückling	Bauer Funke	de:05554:34725	51.875974	6.912285		NO_MATCH_AND_SEEMS_UNSERVED								POINT(6.912285 51.875974)
1852	Krückling	Hegemann	de:05554:36566	51.88284	6.900867		NO_MATCH_AND_SEEMS_UNSERVED								POINT(6.900867 51.88284)
1853	Krückling	Sieverdingbeck	de:05554:34727	51.868176	6.902771		NO_MATCH_AND_SEEMS_UNSERVED								POINT(6.902771 51.868176)
1854	Krückling	Wirtschaft Funk	de:05554:34728	51.873068	6.909024		NO_MATCH_AND_SEEMS_UNSERVED								POINT(6.909024 51.873068)
1855	Köckelwick	Abzw. Antoniusheim	de:05554:30929:0:1	52.070578	6.843581	bus	MATCHED	n317825516	1.6	1.0	Abzweig Antoniusheim	B2,B3,X80	Köckelwick, Walenzus / Vreden, Busbahnhof	Busbahnhof / Walenzus	LINESTRING(6.843581 52.070578,6.8435679 52.070589600000005)
1856	Köckelwick	Abzw. Antoniusheim	de:05554:30929:0:2	52.071478	6.844237	bus	MATCHED	n5554081042	0.7	1.0	Abzweig Antoniusheim	B2,B3,X80	Lünten, Bösenheide / Alstätte, Markt		LINESTRING(6.844237 52.071478,6.8442357000000005 52.0714842)
1857	Köckelwick	Antoniusheim	de:05554:30928:0:1	52.070308	6.85428	bus	MATCHED	n5554081032	54.6	1.0	Antoniusheim	B2,B3	Köckelwick, Abzw. Antoniusheim / Köckelwick, Abzw. Antoniusheim	Abzweig Antoniusheim	LINESTRING(6.85428 52.070308,6.854028400000001 52.0707736)
1858	Köckelwick	Antoniusheim	de:05554:30928:0:2	52.070374	6.853966		NO_MATCH_AND_SEEMS_UNSERVED								POINT(6.853966 52.070374)
1859	Köckelwick	Kapelle	de:05554:35395	52.049861	6.805834		NO_MATCH_AND_SEEMS_UNSERVED								POINT(6.805834 52.049861)
1860	Köckelwick	Schützenheim	de:05554:30915	52.054065	6.820647		NO_MATCH_AND_SEEMS_UNSERVED								POINT(6.820647 52.054065)
1861	Köckelwick	Walenzus	de:05554:30930:0:1	52.058821	6.839054	bus	MATCHED	n3319786725	14.9	1.0	Walenzus	B2,B3	Vreden, Harlemanns Bülten	Harlemanns Bülten	LINESTRING(6.839054 52.058821,6.8389224 52.0589275)
1862	Köckelwick	Walenzus	de:05554:30930:0:2	52.058782	6.839	bus	MATCHED	n3319786724	14.2	1.0	Walenzus	B2,B3	Köckelwick, Antoniusheim		LINESTRING(6.839 52.058782,6.8391340000000005 52.0588798)
1863	Köckelwick	Wüste	de:05554:36166	52.072743	6.83555		NO_MATCH_AND_SEEMS_UNSERVED								POINT(6.83555 52.072743)
1864	Lankern	Am Beltingsbach	de:05554:13023:0:1	51.791953	6.612238		NO_MATCH_AND_SEEMS_UNSERVED								POINT(6.612238 51.791953)
1865	Lankern	Beltingshof	de:05554:13015:0:1	51.797731	6.612975		NO_MATCH_AND_SEEMS_UNSERVED								POINT(6.612975 51.797731)
1866	Lankern	Beltingshof	de:05554:13015:0:2	51.797676	6.613011		NO_MATCH_AND_SEEMS_UNSERVED								POINT(6.613011 51.797676)
1867	Lankern	Döringer Feld	de:05554:13033:0:1	51.79992	6.606696		NO_MATCH_AND_SEEMS_UNSERVED								POINT(6.606696 51.79992)
1868	Lankern	Döringer Feld	de:05554:13033:0:2	51.79992	6.606696		NO_MATCH_AND_SEEMS_UNSERVED								POINT(6.606696 51.79992)
1869	Lankern	Weseler Landweg	de:05554:12999:0:1	51.799487	6.611394		NO_MATCH_AND_SEEMS_UNSERVED								POINT(6.611394 51.799487)
1870	Lankern	Weseler Landweg	de:05554:12999:0:2	51.799487	6.611376		NO_MATCH_AND_SEEMS_UNSERVED								POINT(6.611376 51.799487)
1871	Leblich	Drögen Bockelt	de:05554:64706:0:1	51.811074	6.971699	bus	NO_MATCH_BUT_OTHER_PLATFORM_MATCHED					713	Heiden, Kleine Sähling		POINT(6.971699 51.811074)
1872	Leblich	Drögen Bockelt	de:05554:64706:0:2	51.810596	6.971151	bus	MATCHED	n1457464966	10.9	0.52	Drögen Bockelt	713	Heiden, Ehem.Schule		LINESTRING(6.971151 51.810596,6.971060100000001 51.8106766)
1873	Legden	Asbeck	de:05554:31006	52.054253	7.146691		NO_MATCH_AND_SEEMS_UNSERVED								POINT(7.146691 52.054253)
1874	Legden	Bahnhof	de:05554:17491:1:1	52.034827	7.088579		NO_MATCH_AND_SEEMS_UNSERVED								POINT(7.088579 52.034827)
1875	Legden	Bahnhof	de:05554:17491:2:1	52.034069	7.089504	bus	MATCHED	n5314779520	15.0	1.0	Bahnhof	B1,T79			LINESTRING(7.089504 52.034069,7.089700700000001 52.03401100000001)
1876	Legden	Bahnhof	de:05554:17491:2:2	52.034069	7.089468	bus	MATCHED	n2553048480	6.5	1.0	Bahnhof	B1,T79	Legden, Leiverskamp / Legden, St. Josef	St. Josef / Leiverskamp	LINESTRING(7.089468 52.034069,7.089487500000001 52.034012000000004)
1877	Legden	Bahnhof	de:05554:17491:89:89	52.034009	7.089567	bus	NO_MATCH_AND_SEEMS_UNSERVED								POINT(7.089567 52.034009)
1878	Legden	Bahnhof	de:05554:17491:91:1	52.034351	7.088992	train	MATCHED	n289524939	2.5	1.0	Legden	RB51	Ahaus, Bahnhof / Ahaus, Bahnhof / Rosendahl-Holtwick, Bahnhof	Ahaus / Rosendahl-Holtwick	LINESTRING(7.088992 52.034351,7.0890256 52.0343588)
1879	Legden	Beikelort	de:05554:16984:0:1	52.028775	7.090609		NO_MATCH_AND_SEEMS_UNSERVED								POINT(7.090609 52.028775)
1880	Legden	Beikelort	de:05554:16984:0:2	52.028465	7.089352		NO_MATCH_AND_SEEMS_UNSERVED								POINT(7.089352 52.028465)
1881	Legden	Brüggemann	de:05554:16997:0:1	52.035882	7.094355	bus	MATCHED	n2945908657	15.7	1.0	Brüggemann	781	Wehr, Schule	Schule	LINESTRING(7.094355 52.035882,7.0943011 52.03601870000001)
1882	Legden	Brüggemann	de:05554:16997:0:2	52.035893	7.0944	bus	MATCHED	n2945908658	7.5	1.0	Brüggemann	781	Legden, Nordring	Nordring	LINESTRING(7.0944 52.035893,7.094327300000001 52.035842900000006)
1883	Legden	Dorf Münsterland	de:05554:16688:0:1	52.040286	7.105189	bus	MATCHED	n2553048487	8.3	1.0	Dorf Münsterland	N14,N20,N6,N8	Legden, Haulingbrink / Wehr, Schule / Legden, Mühlenbrey	Mühlenbrey / Schule / Haulingbrink	LINESTRING(7.105189 52.040286,7.1051397000000005 52.04021770000001)
1884	Legden	Fliegenmarkt	de:05554:17470:0:1	52.033942	7.099467	bus	MATCHED	n2553048491	9.9	1.0	Fliegenmarkt	B1,T79	Legden, Leiverskamp / Legden, St. Josef	St. Josef / Leiverskamp	LINESTRING(7.099467 52.033942,7.0993851 52.0340153)
1885	Legden	Fliegenmarkt	de:05554:17470:0:2	52.033942	7.099467	bus	MATCHED	n5314779514	5.7	1.0	Fliegenmarkt	B1,T79	Legden, Stiege	Stiege	LINESTRING(7.099467 52.033942,7.0993915 52.03392100000001)
1886	Legden	Gildenhook	de:05554:16558:0:1	52.029466	7.105144	bus	MATCHED	n2945908656	4.8	1.0	Gildenhook	781,N20,N6,N8	Legden, Hermannshöhe / Legden, Stiege	Hermannshöhe	LINESTRING(7.105144 52.029466,7.1050738 52.0294705)
1887	Legden	Gildenhook	de:05554:16558:0:2	52.029024	7.104928	bus	MATCHED	n2945851743	10.0	1.0	Gildenhook	781,N20,N6,N8	Legden, Mühlenbrey / Legden, Hermannshöhe	Mühlenbrey / Stiege	LINESTRING(7.104928 52.029024,7.105073300000001 52.0290291)
1888	Legden	Haulingbrink	de:05554:17472:0:1	52.041469	7.123074	bus	MATCHED	n2794531364	20.6	1.0	Haulingbrink	B1,N6,T79	Legden, Mühlenbrey / Legden, Dorf Münsterland	Dorf Münsterland / Mühlenbrey	LINESTRING(7.123074 52.041469,7.122783600000001 52.0414224)
1889	Legden	Haulingbrink	de:05554:17472:0:2	52.041469	7.123074	bus	MATCHED	n5203524448	6.6	1.0	Haulingbrink	B1,N6,T79	Asbeck, Margarethenschule / Asbeck, Hotel Enseling	Hotel Enseling / Margaretenschule	LINESTRING(7.123074 52.041469,7.123015100000001 52.0414217)
1890	Legden	Hermannshöhe	de:05554:16559:0:1	52.020893	7.117091	bus	MATCHED	n1885351069	10.4	1.0	Hermannshöhe	781,N20,N6,N8	Legden, Gildenhook / Holtwick, Legdener Str.	Legdener Straße	LINESTRING(7.117091 52.020893,7.1171487 52.020806500000006)
1891	Legden	Hermannshöhe	de:05554:16559:0:2	52.020893	7.117083	bus	MATCHED	n1885351063	32.1	1.0	Hermannshöhe	781,N20,N6,N8	Holtwick, Münstermann / Legden, Gildenhook	Gildenhook	LINESTRING(7.117083 52.020893,7.1167723 52.021109100000004)
1892	Legden	Leiverskamp	de:05554:61439:0:1	52.032124	7.094481	bus	MATCHED	n2553048497	6.0	1.0	Leiverskamp	T79	Legden, Bahnhof	Bahnhof	LINESTRING(7.094481 52.032124,7.0945391 52.032164400000006)
1893	Legden	Leiverskamp	de:05554:61439:0:2	52.032119	7.094472	bus	MATCHED	n5314779517	9.8	1.0	Leiverskamp	T79	Legden, Fliegenmarkt	Fliegenmarkt	LINESTRING(7.094472 52.032119,7.094585 52.0320655)
1894	Legden	Marienschule/Stiege	de:05554:14368:0:1	52.031765	7.104389		NO_MATCH_AND_SEEMS_UNSERVED								POINT(7.104389 52.031765)
1895	Legden	Mühlenbrey	de:05554:17471:0:1	52.034644	7.107219	bus	MATCHED	n5202174987	8.0	1.0	Mühlenbrey	B1,N20,N6,N8,T79	Legden, Stiege / Legden, Gildenhook	Stiege / Gildenhook	LINESTRING(7.107219 52.034644,7.107164600000001 52.0347073)
1896	Legden	Mühlenbrey	de:05554:17471:0:2	52.034644	7.107219	bus	MATCHED	n2553048511	19.5	1.0	Mühlenbrey	B1,N20,N6,N8,T79	Legden, Haulingbrink / Legden, Dorf Münsterland	Dorf Münsterland / Haulingbrink	LINESTRING(7.107219 52.034644,7.1074118 52.034772600000004)
1897	Legden	Nordring	de:05554:16696:0:1	52.034351	7.098119	bus	MATCHED	n2553048516	7.2	1.0	Nordring	781	Legden, Brüggemann	Brüggemann	LINESTRING(7.098119 52.034351,7.0981326000000005 52.034415)
1898	Legden	Nordring	de:05554:16696:0:2	52.034362	7.098119	bus	MATCHED	n2945920004	2.0	1.0	Nordring	781	Legden, Stiege	Stiege	LINESTRING(7.098119 52.034362,7.098121900000001 52.034344100000006)
1899	Legden	Sekundarschule	de:05554:13981:0:1	52.033738	7.103563	bus	NO_MATCH					SV06,SV10	Osterwick, Schule / Holtwick, Münstermann / Horst, Abzw. Alte Schule		POINT(7.103563 52.033738)
1900	Legden	St. Josef	de:05554:62200:0:1	52.034937	7.100284	bus	MATCHED	n11291825293	41.7	0.25	St. Josef	B1	Legden, Fliegenmarkt / Legden, Bahnhof	Fliegenmarkt / Bahnhof	LINESTRING(7.100284 52.034937,7.100640100000001 52.0352411)
1901	Legden	Stiege	de:05554:16982:0:1	52.032152	7.105036	bus	MATCHED	n2945851733	27.9	1.0	Stiege	781,B1,T79	Legden, Fliegenmarkt / Legden, Nordring	Fliegenmarkt / Nordring	LINESTRING(7.105036 52.032152,7.1046569 52.0322432)
1902	Legden	Stiege	de:05554:16982:0:2	52.032152	7.105036	bus	MATCHED	n2945851734	9.1	1.0	Stiege	781,B1,T79	Legden, Mühlenbrey / Legden, Gildenhook	Mühlenbrey / Gildenhook	LINESTRING(7.105036 52.032152,7.1049264 52.032106600000006)
1903	Legden	Wemhoff	de:05554:16983:0:1	52.030427	7.098371		NO_MATCH_AND_SEEMS_UNSERVED								POINT(7.098371 52.030427)
1904	Legden	Wemhoff	de:05554:16983:0:2	52.0303	7.097364		NO_MATCH_AND_SEEMS_UNSERVED								POINT(7.097364 52.0303)
1905	Liedern	Am Hagelkreuz	de:05554:63254:0:1	51.834216	6.534229		NO_MATCH_AND_SEEMS_UNSERVED								POINT(6.534229 51.834216)
1906	Liedern	Am Obering	de:05554:63255	51.821114	6.544182		NO_MATCH_AND_SEEMS_UNSERVED								POINT(6.544182 51.821114)
1907	Liedern	Am Ries	de:05554:63256:0:1	51.821009	6.556758		NO_MATCH_AND_SEEMS_UNSERVED								POINT(6.556758 51.821009)
1908	Liedern	Bauhof	de:05554:63257:0:1	51.839279	6.559947		NO_MATCH_AND_SEEMS_UNSERVED								POINT(6.559947 51.839279)
1909	Liedern	Bauhof	de:05554:63257:0:2	51.839279	6.559947		NO_MATCH_AND_SEEMS_UNSERVED								POINT(6.559947 51.839279)
1910	Liedern	Brinker Weg	de:05554:63258:0:1	51.834405	6.545736		NO_MATCH_AND_SEEMS_UNSERVED								POINT(6.545736 51.834405)
1911	Liedern	Düstere Stiege	de:05554:63267:0:1	51.839245	6.539538		NO_MATCH_AND_SEEMS_UNSERVED								POINT(6.539538 51.839245)
1912	Liedern	Elting	de:05554:6318:0:1	51.833767	6.553974	bus	MATCHED	n3655352857	0.8	0.94	Elting	R52	Liedern, Zur Mühle	Zur Mühle	LINESTRING(6.553974 51.833767,6.553984300000001 51.8337646)
1913	Liedern	Elting	de:05554:6318:0:2	51.833706	6.554333	bus	MATCHED	n3655352855	12.3	0.65	Elting	R52	Lowick, Boyting	Boyting	LINESTRING(6.554333 51.833706,6.5541716 51.833657900000006)
1914	Liedern	Friedhof	de:05554:14371:0:1	51.832118	6.555411		NO_MATCH_AND_SEEMS_UNSERVED								POINT(6.555411 51.832118)
1915	Liedern	Gärtnerei Meiering	de:05554:12050:0:1	51.832318	6.556273		NO_MATCH_AND_SEEMS_UNSERVED								POINT(6.556273 51.832318)
1916	Liedern	Heyncksweg	de:05554:63561:0:1	51.842781	6.530959		NO_MATCH_AND_SEEMS_UNSERVED								POINT(6.530959 51.842781)
1917	Liedern	Kolks	de:05554:63260:0:1	51.823085	6.561007		NO_MATCH_AND_SEEMS_UNSERVED								POINT(6.561007 51.823085)
1918	Liedern	Liedener Ringstr. 	de:05554:63262:0:1	51.838368	6.555815		NO_MATCH_AND_SEEMS_UNSERVED								POINT(6.555815 51.838368)
1919	Liedern	Liedener Schule	de:05554:63263:0:1	51.833017	6.549635		NO_MATCH_AND_SEEMS_UNSERVED								POINT(6.549635 51.833017)
1920	Liedern	Lökes	de:05554:63264	51.815611	6.538082		NO_MATCH_AND_SEEMS_UNSERVED								POINT(6.538082 51.815611)
1921	Liedern	Meckingstiege	de:05554:63265:0:1	51.841377	6.525766		NO_MATCH_AND_SEEMS_UNSERVED								POINT(6.525766 51.841377)
1922	Liedern	Milchstr. 	de:05554:12051:0:1	51.823374	6.533573		NO_MATCH_AND_SEEMS_UNSERVED								POINT(6.533573 51.823374)
1923	Liedern	Schepers	de:05554:63269:0:1	51.826428	6.551413		NO_MATCH_AND_SEEMS_UNSERVED								POINT(6.551413 51.826428)
1924	Liedern	Schüttensteiner Weg	de:05554:63268:0:1	51.833289	6.528955		NO_MATCH_AND_SEEMS_UNSERVED								POINT(6.528955 51.833289)
1925	Liedern	Willing	de:05554:63270:0:1	51.842859	6.538828		NO_MATCH_AND_SEEMS_UNSERVED								POINT(6.538828 51.842859)
1926	Liedern	Zur Mühle	de:05554:6319:0:1	51.830003	6.540337	bus	NO_MATCH					R52	Werth, Ehrenmal		POINT(6.540337 51.830003)
1927	Liedern	Zur Mühle	de:05554:6319:0:2	51.830003	6.540705	bus	NO_MATCH					R52	Liedern, Elting		POINT(6.540705 51.830003)
1928	Lowick	Alter Postweg	de:05554:16768:0:1	51.837158	6.573162	bus	MATCHED_THOUGH_REVERSED_DIR	n5351252689	15.2	1.0	Alter Postweg	C6	Lowick, Gartenweg	Elsenpass	LINESTRING(6.573162 51.837158,6.573265500000001 51.8372791)
1929	Lowick	Alter Postweg	de:05554:16768:0:2	51.837275	6.573224	bus	MATCHED_THOUGH_REVERSED_DIR	n5351252690	14.3	1.0	Alter Postweg	C6	Lowick, Elsenpaß	Gartenweg	LINESTRING(6.573224 51.837275,6.5731676000000006 51.837151500000004)
1930	Lowick	Am Kolk	de:05554:16769:0:1	51.837586	6.575937	bus	MATCHED	n5351295393	4.0	1.0	Am Kolk	C6	Lowick, Alter Postweg	Alter Postweg	LINESTRING(6.575937 51.837586,6.5759631 51.837618400000004)
1931	Lowick	Am Kolk	de:05554:16769:0:2	51.837569	6.575901		NO_MATCH_AND_SEEMS_UNSERVED								POINT(6.575901 51.837569)
1932	Lowick	Boyting	de:05554:6317:0:1	51.834322	6.577384	bus	MATCHED	n3655296914	2.7	0.87	Boyting	R52	Liedern, Elting	Elting	LINESTRING(6.577384 51.834322,6.577420600000001 51.8343294)
1933	Lowick	Boyting	de:05554:6317:0:2	51.8342	6.576557	bus	MATCHED	n3655352845	149.5	0.24	Boyting	R52	Bocholt, Funkenbusch	Funkenbusch	LINESTRING(6.576557 51.8342,6.5786971 51.834419800000006)
1934	Lowick	Elsenpaß	de:05554:16770:0:1	51.838618	6.571931	bus	MATCHED_THOUGH_REVERSED_DIR	n5351252692	8.7	1.0	Elsenpass	C6	Lowick, Alter Postweg	Nevelkamp	LINESTRING(6.571931 51.838618,6.5720491 51.83859)
1935	Lowick	Elsenpaß	de:05554:16770:0:2	51.838685	6.571751	bus	MATCHED_THOUGH_REVERSED_DIR	n5351252693	1.6	1.0	Elsenpass	C6	Bocholt, Nevelkamp	Alter Postweg	LINESTRING(6.571751 51.838685,6.5717286 51.8386895)
1936	Lowick	Engelmeer	de:05554:16767:0:1	51.836104	6.577644	bus	MATCHED	n5351295395	9.8	1.0	Engelmeer	C6	Lowick, Essing Esch	Essing Esch	LINESTRING(6.577644 51.836104,6.577608700000001 51.836189000000005)
1937	Lowick	Engelmeer	de:05554:16767:0:2	51.836187	6.577509		NO_MATCH_AND_SEEMS_UNSERVED								POINT(6.577509 51.836187)
1938	Lowick	Essing Esch	de:05554:61504:0:1	51.838396	6.579773	bus	MATCHED	n5351295394	4.1	1.0	Essing Esch	C6	Lowick, Am Kolk	Am Kolk	LINESTRING(6.579773 51.838396,6.5797846 51.838432600000004)
1939	Lowick	Essing Esch	de:05554:61504:0:2	51.838396	6.579773		NO_MATCH_AND_SEEMS_UNSERVED								POINT(6.579773 51.838396)
1940	Lowick	Gartenweg	de:05554:16765:0:1	51.834822	6.575623	bus	MATCHED	n5351295396	2.2	1.0	Gartenweg	C6	Lowick, Engelmeer	Engelmeer	LINESTRING(6.575623 51.834822,6.5755923 51.834817900000004)
1941	Lowick	Gartenweg	de:05554:16765:0:2	51.834866	6.575578		NO_MATCH_AND_SEEMS_UNSERVED								POINT(6.575578 51.834866)
1942	Lowick	St. Bernhard-Schule	de:05554:63271:0:1	51.839634	6.573296		NO_MATCH_AND_SEEMS_UNSERVED								POINT(6.573296 51.839634)
1943	Lowick	Thonhausenschule	de:05554:63272:0:1	51.839667	6.575147		NO_MATCH_AND_SEEMS_UNSERVED								POINT(6.575147 51.839667)
1944	Lünten	Abzw. Lünten	de:05554:30925:0:1	52.092809	6.865914	bus	MATCHED	n10697512298	37.6	1.0	Abzweig Lünten	B2,B3	Lünten, Lehmstegge	Lehmstegge	LINESTRING(6.865914 52.092809,6.865788500000001 52.0931378)
1945	Lünten	Abzw. Lünten	de:05554:30925:0:2	52.092892	6.865878	bus	MATCHED	n10697512297	27.9	1.0	Abzweig Lünten	B2,B3	Lünten, Kirche		LINESTRING(6.865878 52.092892,6.865906600000001 52.093141900000006)
1946	Lünten	Ahler	de:05554:30924:0:1	52.096822	6.877044	bus	NO_MATCH					B2,B3	Lünten, Kirche		POINT(6.877044 52.096822)
1947	Lünten	Ahler	de:05554:30924:0:2	52.096899	6.877277	bus	NO_MATCH					B2,B3	Lünten, Hollekamp		POINT(6.877277 52.096899)
1948	Lünten	Bösenheide	de:05554:30927:0:1	52.077331	6.846735	bus	MATCHED_THOUGH_DISTANT	n10697512290	242.1	1.0	Bösenheide	B2,B3	Köckelwick, Antoniusheim	Antoniusheim	LINESTRING(6.846735 52.077331,6.8485433 52.0792006)
1949	Lünten	Bösenheide	de:05554:30927:0:2	52.077458	6.846806	bus	MATCHED	n10697512289	190.5	1.0	Bösenheide	B2,B3	Lünten, Lehmstegge		LINESTRING(6.846806 52.077458,6.8484052 52.078858200000006)
1950	Lünten	Depot	de:05554:30885:0:1	52.093416	6.827879	bus	MATCHED	n10697530012	17.4	1.0	Depot	782,B2,B3	Lünten, Hollekamp / Ammeloe, Sportplatz	Hollekamp	LINESTRING(6.827879 52.093416,6.828129000000001 52.093387500000006)
1951	Lünten	Depot	de:05554:30885:0:2	52.093444	6.828175	bus	MATCHED	n10697530011	18.3	1.0	Depot	782,B2,B3	Ammeloe, Sportplatz / Lünten, Hollekamp		LINESTRING(6.828175 52.093444,6.8279171000000005 52.093488)
1952	Lünten	Hisker	de:05554:30256	52.099581	6.87151		NO_MATCH_AND_SEEMS_UNSERVED								POINT(6.87151 52.099581)
1953	Lünten	Hollekamp	de:05554:30886:0:1	52.095094	6.84315	bus	MATCHED	n3319765277	4.3	1.0	Hollekamp	782,B2,B3	Lünten, Ahler / Lünten, Depot		LINESTRING(6.84315 52.095094,6.843130800000001 52.0951305)
1954	Lünten	Hollekamp	de:05554:30886:0:2	52.095045	6.843078	bus	MATCHED	n3319765276	7.2	1.0	Hollekamp	782,B2,B3	Lünten, Wöhrmann / Lünten, Depot	Ahler	LINESTRING(6.843078 52.095045,6.8431514 52.094998600000004)
1955	Lünten	Hubbeling	de:05554:30921	52.107708	6.865204		NO_MATCH_AND_SEEMS_UNSERVED								POINT(6.865204 52.107708)
1956	Lünten	Höing	de:05554:30902	52.111008	6.880637		NO_MATCH_AND_SEEMS_UNSERVED								POINT(6.880637 52.111008)
1957	Lünten	Kirche	de:05554:31374:0:1	52.100993	6.860326	bus	MATCHED	n10697512303	136.1	1.0	Kirche	B2,B3	Lünten, Abzw. Lünten	Abzweig Lünten	LINESTRING(6.860326 52.100993,6.8611819 52.0998887)
1958	Lünten	Kirche	de:05554:31374:0:2	52.101148	6.860218	bus	MATCHED	n10697512304	162.9	1.0	Kirche	B2,B3	Lünten, Ahler		LINESTRING(6.860218 52.101148,6.861376300000001 52.0998698)
1959	Lünten	Lehmstegge	de:05554:30926:0:1	52.088294	6.858323	bus	MATCHED	n10697512293	58.3	1.0	Lehmstegge	B2,B3	Lünten, Bösenheide	Bösenheide	LINESTRING(6.858323 52.088294,6.8586244 52.0887843)
1960	Lünten	Lehmstegge	de:05554:30926:0:2	52.08846	6.858404	bus	MATCHED	n10697512295	65.1	1.0	Lehmstegge	B2,B3	Lünten, Abzw. Lünten		LINESTRING(6.858404 52.08846,6.858983800000001 52.088924000000006)
1961	Lünten	Lösing	de:05554:30922	52.116563	6.858772		NO_MATCH_AND_SEEMS_UNSERVED								POINT(6.858772 52.116563)
1962	Lünten	Schule	de:05554:30920	52.100431	6.859356		NO_MATCH_AND_SEEMS_UNSERVED								POINT(6.859356 52.100431)
1963	Lünten	Sportplatz	de:05554:31299	52.104481	6.851675		NO_MATCH_AND_SEEMS_UNSERVED								POINT(6.851675 52.104481)
1964	Lünten	Weller	de:05554:30923	52.101683	6.8875		NO_MATCH_AND_SEEMS_UNSERVED								POINT(6.8875 52.101683)
1965	Lünten	Wenning	de:05554:30907	52.117462	6.868689		NO_MATCH_AND_SEEMS_UNSERVED								POINT(6.868689 52.117462)
1966	Lünten	Wesker Diek	de:05554:30896	52.104221	6.85172		NO_MATCH_AND_SEEMS_UNSERVED								POINT(6.85172 52.104221)
1967	Lünten	Wisseling	de:05554:30888:0:1	52.108161	6.875382	bus	MATCHED	n2545663899	24.1	0.35	Wisseling	782	Lünten, Wöhrmann		LINESTRING(6.875382 52.108161,6.875423400000001 52.108375900000006)
1968	Lünten	Wisseling	de:05554:30888:0:2	52.108051	6.875166	bus	MATCHED	n2545663895	6.8	0.62	Wisseling	782	Alstätte, Dohrenkamp		LINESTRING(6.875166 52.108051,6.8752221 52.108101500000004)
1969	Lünten	Wöhrmann	de:05554:30887:0:1	52.102125	6.861215	bus	MATCHED	n10697512299	10.1	1.0	Wöhrmann	782	Lünten, Hollekamp		LINESTRING(6.861215 52.102125,6.8611145 52.10205860000001)
1970	Lünten	Wöhrmann	de:05554:30887:0:2	52.102114	6.861117	bus	MATCHED	n10697512300	8.2	1.0	Wöhrmann	782	Lünten, Wisseling		LINESTRING(6.861117 52.102114,6.861002500000001 52.1021341)
1971	Lünten	Zollhäus. Rahoog	de:05554:30919	52.105524	6.836431		NO_MATCH_AND_SEEMS_UNSERVED								POINT(6.836431 52.105524)
1972	Marbeck	Ahlmann	de:05554:30736:0:1	51.825362	6.876819		MATCHED	n3392677397	9.8	0.48	Ahlmann				LINESTRING(6.876819 51.825362,6.8769526 51.8253318)
1973	Marbeck	Am Galgenberg	de:05554:31412:0:1	51.826922	6.884706		NO_MATCH_AND_SEEMS_UNSERVED								POINT(6.884706 51.826922)
1974	Marbeck	Bahnh. Marbeck-Heiden	de:05554:12976:1:1	51.809652	6.905933	train	MATCHED	n4686147147	5.7	1.0	Marbeck-Heiden	RE14	Borken, Bahnhof / Dorsten Rhade Bf	Borken (Westf) / Rhade	LINESTRING(6.905933 51.809652,6.9059116000000005 51.809701600000004)
1975	Marbeck	Bahnh. Marbeck-Heiden	de:05554:12976:2:1	51.809135	6.906437	bus	MATCHED_THOUGH_NAMES_DIFFER	n1446911626	4.0	1.0	Bahnhof	B9,T15	Heiden, Molkerei / Heiden, Buschhausen / Marbeck, Schulstraße	Molkerei / Buschhausen / Schulstraße	LINESTRING(6.906437 51.809135,6.9063895 51.8091559)
1976	Marbeck	Bahnh. Marbeck-Heiden	de:05554:12976:2:2	51.809102	6.906634	bus	MATCHED_THOUGH_NAMES_DIFFER	n5221888017	16.4	1.0	Bahnhof	B9	Heiden, Katemann	Katemann	LINESTRING(6.906634 51.809102,6.9068585 51.8091512)
1977	Marbeck	Bahnh. Marbeck-Heiden	de:05554:12976:2:3	51.809091	6.906616		NO_MATCH_AND_SEEMS_UNSERVED								POINT(6.906616 51.809091)
1978	Marbeck	Bahnh. Marbeck-Heiden	de:05554:12976:89:89	51.809147	6.906733	bus	NO_MATCH_AND_SEEMS_UNSERVED								POINT(6.906733 51.809147)
1979	Marbeck	Bahnh. Marbeck-Heiden	de:05554:12976:91:1	51.809469	6.905996		NO_MATCH_AND_SEEMS_UNSERVED								POINT(6.905996 51.809469)
1980	Marbeck	Beckmann	de:05554:29204:0:1	51.818849	6.888147	bus	MATCHED	n5520319257	16.4	1.0	Beckmann	B9	Marbeck, Reiterhof / Marbeck, Steverding	Reiterhof	LINESTRING(6.888147 51.818849,6.8880863 51.8187062)
1981	Marbeck	Bente	de:05554:30747:0:2	51.778016	6.897894	bus	NO_MATCH					724	Marbeck, Knufmann		POINT(6.897894 51.778016)
1982	Marbeck	Denkmal	de:05554:30658:0:1	51.808658	6.88971	bus	NO_MATCH					724	Marbeck, Nordholter Heide		POINT(6.88971 51.808658)
1983	Marbeck	Denkmal	de:05554:30658:0:2	51.80868	6.889539	bus	NO_MATCH					724	Marbeck, Mühlenhöhe		POINT(6.889539 51.80868)
1984	Marbeck	Duesbergstraße	de:05554:36842:0:1	51.837697	6.875337	bus	MATCHED	n5520319268	66.3	1.0	Duesbergstraße	B9	Marbeck, Rothe Erde / Borken, Aquarius	Rothe Erde	LINESTRING(6.875337 51.837697,6.874387700000001 51.8376023)
1985	Marbeck	Döringbach	de:05554:30656:0:1	51.831363	6.858763	bus	NO_MATCH					724	Borken, Parkstraße		POINT(6.858763 51.831363)
1986	Marbeck	Döringbach	de:05554:30656:0:2	51.831463	6.858763	bus	NO_MATCH					724	Marbeck, Nordholter Heide		POINT(6.858763 51.831463)
1987	Marbeck	Eschweg	de:05554:30660:0:1	51.814062	6.902179	bus	MATCHED	n497545882	13.4	1.0	Eschweg	724,B9	Marbeck, Mühlenhöhe	Mühlenhöhe	LINESTRING(6.902179 51.814062,6.9022404 51.814176100000005)
1988	Marbeck	Eschweg	de:05554:30660:0:2	51.814067	6.902089	bus	MATCHED	n5520361489	11.2	1.0	Eschweg	724,B9	Marbeck, Schulstraße	Schulstraße	LINESTRING(6.902089 51.814067,6.9022505 51.8140755)
1989	Marbeck	Garvert	de:05554:31348:0:1	51.821758	6.864584		MATCHED	n3170922068	5.5	0.61	Garvert				LINESTRING(6.864584 51.821758,6.864561200000001 51.8217106)
1990	Marbeck	Grotendorst	de:05554:30746:0:2	51.77671	6.904119	bus	NO_MATCH					724	Marbeck, Bente		POINT(6.904119 51.77671)
1991	Marbeck	Gröniger	de:05554:30742:0:1	51.803009	6.877637		NO_MATCH_AND_SEEMS_UNSERVED								POINT(6.877637 51.803009)
1992	Marbeck	Gärtn. Weddeling	de:05554:30664:0:3	51.79042	6.895756	bus	NO_MATCH					724,726	Raesfeld, Julia-Koppers-Ges. / Marbeck, Korf / Marbeck, Kirche		POINT(6.895756 51.79042)
1993	Marbeck	Heuking	de:05554:30745:0:2	51.78369	6.914647	bus	MATCHED	n1446911618	5.6	0.66	Heuking	724	Marbeck, Weitenbergweg / Marbeck, Im Kühl		LINESTRING(6.914647 51.78369,6.914590100000001 51.78365470000001)
1994	Marbeck	Hungerweg	de:05554:30635:0:3	51.807158	6.888201	bus	NO_MATCH					724	Dorsten Wellbrockweg / Marbeck, Schulstraße		POINT(6.888201 51.807158)
1995	Marbeck	Hülsdünker	de:05554:30743:0:2	51.802037	6.909886	bus	MATCHED	n1446911619	11.6	0.51	Hülsdünker	724	Marbeck, Weitenbergweg		LINESTRING(6.909886 51.802037,6.9097581 51.8021041)
1996	Marbeck	Im Kühl	de:05554:30636:0:1	51.779233	6.916084	bus	MATCHED	n1446911620	7.4	0.6	Im Kühl	724,725	Raesfeld, Julia-Koppers-Ges. / Marbeck, Heuking		LINESTRING(6.916084 51.779233,6.9161786 51.779202100000006)
1997	Marbeck	Im Kühl	de:05554:30636:0:2	51.77905	6.916147	bus	MATCHED	n1446911621	59.4	0.2	Im Kühl	724,725	Marbeck, Weitenbergweg / Marbeck, Werlo		LINESTRING(6.916147 51.77905,6.9158885 51.779559500000005)
1998	Marbeck	Kirche	de:05554:30662:0:3	51.802631	6.887078	bus	MATCHED	n1409380557	4.7	0.69	Marbeck Kirche	724,726	Marbeck, Hungerweg / Borken, Gasth. Einhaus		LINESTRING(6.887078 51.802631,6.887090400000001 51.8025898)
1999	Marbeck	Knufmann	de:05554:30665:0:1	51.781023	6.888668	bus	NO_MATCH					724	Marbeck, Lefting		POINT(6.888668 51.781023)
2000	Marbeck	Knufmann	de:05554:30665:0:2	51.780973	6.888785		NO_MATCH_AND_SEEMS_UNSERVED								POINT(6.888785 51.780973)
2001	Marbeck	Korf	de:05554:30663:0:3	51.795259	6.892306	bus	NO_MATCH					724	Marbeck, Kirche		POINT(6.892306 51.795259)
2002	Marbeck	Lefting	de:05554:31564:0:1	51.785913	6.896097	bus	NO_MATCH					724	Marbeck, Gärtn.Weddeling		POINT(6.896097 51.785913)
2003	Marbeck	Lefting	de:05554:31564:0:2	51.785958	6.896016		NO_MATCH_AND_SEEMS_UNSERVED								POINT(6.896016 51.785958)
2004	Marbeck	Lindner	de:05554:30739:0:1	51.817166	6.866938		MATCHED	n3170922069	12.8	0.42	Lindner				LINESTRING(6.866938 51.817166,6.8668787 51.81705710000001)
2005	Marbeck	Mühlenhöhe	de:05554:30659:0:1	51.812435	6.896268	bus	MATCHED	n497545998	4.9	1.0	Mühlenhöhe	724,725,B9	Marbeck, Denkmal / Marbeck, Weitenbergweg / Marbeck, Reiterhof	Reiterhof	LINESTRING(6.896268 51.812435,6.896317000000001 51.8124666)
2006	Marbeck	Mühlenhöhe	de:05554:30659:0:2	51.812318	6.896232	bus	MATCHED	n5520361492	18.4	1.0	Mühlenhöhe	724,725,B9	Marbeck, Eschweg / Marbeck, Schulstraße	Eschweg	LINESTRING(6.896232 51.812318,6.8964556 51.812409)
2007	Marbeck	Nordholter Heide	de:05554:30657:0:1	51.811835	6.876397	bus	NO_MATCH					724	Marbeck, Döringbach		POINT(6.876397 51.811835)
2008	Marbeck	Nordholter Heide	de:05554:30657:0:2	51.811885	6.876289	bus	NO_MATCH					724	Marbeck, Denkmal		POINT(6.876289 51.811885)
2009	Marbeck	Nordmann	de:05554:31563:0:1	51.80467	6.855924		MATCHED	n3170922070	4.7	0.64	Nordmann				LINESTRING(6.855924 51.80467,6.8558994 51.804709800000005)
2010	Marbeck	Reiterhof	de:05554:36723:0:1	51.814656	6.891785	bus	MATCHED	n5520319254	10.3	1.0	Reiterhof	B9	Marbeck, Mühlenhöhe / Marbeck, Beckmann	Mühlenhöhe	LINESTRING(6.891785 51.814656,6.8916652 51.8146003)
2011	Marbeck	Reiterhof	de:05554:36723:0:2	51.814761	6.891677		MATCHED	n3392677420	10.1	1.0	Reiterhof			Beckmann	LINESTRING(6.891677 51.814761,6.891757500000001 51.8146854)
2012	Marbeck	Rothe Erde	de:05554:30748:0:1	51.829814	6.883386	bus	MATCHED	n5520319265	145.3	1.0	Rothe Erde	B9	Marbeck, Sonnenhof / Marbeck, Duesbergstraße	Sonnenhof	LINESTRING(6.883386 51.829814,6.8848041 51.8288475)
2013	Marbeck	Schrimpf	de:05554:30737:0:1	51.829137	6.866039		MATCHED	n3170930371	3.4	0.7	Schrimpf				LINESTRING(6.866039 51.829137,6.866023 51.8291661)
2014	Marbeck	Schulstraße	de:05554:30661:0:1	51.810863	6.904442	bus	MATCHED	n1446911631	144.4	1.0	Schulstraße	724,725,B9	Marbeck, Mühlenhöhe / Marbeck, Eschweg	Eschweg	LINESTRING(6.904442 51.810863,6.904174500000001 51.812150700000004)
2015	Marbeck	Schulstraße	de:05554:30661:0:2	51.810674	6.904334	bus	MATCHED	n1446911630	13.3	1.0	Schulstraße	724,725,B9	Heiden, Molkerei / Marbeck, Hülsdünker / Marbeck, Bahnh. Marbeck-Heiden	Bahnhof	LINESTRING(6.904334 51.810674,6.904309100000001 51.810793000000004)
2016	Marbeck	Sonnenbrink	de:05554:30738:0:1	51.828071	6.862024		MATCHED	n1457465137	5.8	0.6	Sonnenbrink				LINESTRING(6.862024 51.828071,6.8619558000000005 51.828101200000006)
2017	Marbeck	Sonnenhof	de:05554:36868:0:1	51.826628	6.886287	bus	MATCHED	n5520319263	10.1	1.0	Sonnenhof	B9	Marbeck, Steverding / Marbeck, Rothe Erde	Steverding	LINESTRING(6.886287 51.826628,6.886334300000001 51.8265425)
2018	Marbeck	Steverding	de:05554:30735:0:1	51.82369	6.886763	bus	MATCHED	n5520319259	5.0	1.0	Steverding	B9	Marbeck, Beckmann / Marbeck, Sonnenhof	Beckmann	LINESTRING(6.886763 51.82369,6.8866923 51.823700200000005)
2019	Marbeck	Thesing	de:05554:30740:0:1	51.808658	6.866884		MATCHED	n3170930373	7.9	0.53	Thesing				LINESTRING(6.866884 51.808658,6.8668507000000005 51.808589700000006)
2020	Marbeck	Tücking	de:05554:30741:0:1	51.805136	6.866488		NO_MATCH_AND_SEEMS_UNSERVED								POINT(6.866488 51.805136)
2021	Marbeck	Waidmannsheil	de:05554:30640:0:1	51.799459	6.845513	bus	MATCHED	n3177800836	24.2	1.0	Waidmannsheil	721,R21	Grütlohn, Grütering	Grütering	LINESTRING(6.845513 51.799459,6.845730400000001 51.7996301)
2022	Marbeck	Waidmannsheil	de:05554:30640:0:2	51.799676	6.845594	bus	MATCHED	n3177800837	24.7	1.0	Waidmannsheil	721,R21	Raesfeld, Neue Siedlung	Neue Siedlung	LINESTRING(6.845594 51.799676,6.8454389 51.7994761)
2023	Marbeck	Weitenbergweg	de:05554:30744:0:2	51.79347	6.913183	bus	MATCHED	n1446911634	24.2	0.35	Weitenbergweg	724,725	Marbeck, Mühlenhöhe / Marbeck, Schulstraße / Marbeck, Heuking / Marbeck, Im Kühl		LINESTRING(6.913183 51.79347,6.9128923 51.7935923)
2024	Marbeck	Werlo	de:05554:30671:0:1	51.778677	6.914863	bus	NO_MATCH_BUT_OTHER_PLATFORM_MATCHED					724	Marbeck, Grotendorst		POINT(6.914863 51.778677)
2025	Marbeck	Werlo	de:05554:30671:0:2	51.778733	6.914773		MATCHED	n1497215438	6.6	0.57	Werlo				LINESTRING(6.914773 51.778733,6.9146942000000005 51.778699700000004)
2026	Maria Veen	B67n	de:05554:16699:0:1	51.855472	7.074314	bus	MATCHED	n4675674826	9.5	1.0	B67n	S75,T18,T75	Merfeld, Kirche / Groß Reken, Sandheck	Sandheck / Sparkasse / Ramsdorf / Heiden	LINESTRING(7.074314 51.855472,7.0743847 51.855398300000004)
2027	Maria Veen	B67n	de:05554:16699:0:2	51.855333	7.074439	bus	MATCHED	n4675674827	18.8	1.0	B67n	S75,T18,T75	Heiden, Ramsdorf/Heiden / Hochmoor, Sparkasse	Rekener Straße	LINESTRING(7.074439 51.855333,7.0746944 51.855274400000006)
2028	Maria Veen	Bahnhof	de:05554:16643:1:1	51.839734	7.098505		NO_MATCH_AND_SEEMS_UNSERVED								POINT(7.098505 51.839734)
2029	Maria Veen	Bahnhof	de:05554:16643:2:1	51.838424	7.097598	bus	MATCHED_THOUGH_REVERSED_DIR	n5221870710	37.0	1.0	Bahnhof	B15,R74,SV08,T18	Maria Veen, Missionsschule	Kardinal-von-Galen-Straße / Schemmer	LINESTRING(7.097598 51.838424,7.097951200000001 51.8386745)
2030	Maria Veen	Bahnhof	de:05554:16643:2:2	51.838702	7.097939	bus	MATCHED_THOUGH_REVERSED_DIR	n2993510966	33.3	1.0	Bahnhof	716,B15,R74,SV08,T18	Maria Veen, Schemmer / Maria Veen, Kemper / Maria Veen, Ellering Schule	Missionsschule	LINESTRING(7.097939 51.838702,7.097653 51.838461200000005)
2031	Maria Veen	Bahnhof	de:05554:16643:2:3	51.839129	7.098398		NO_MATCH_AND_SEEMS_UNSERVED								POINT(7.098398 51.839129)
2032	Maria Veen	Bahnhof	de:05554:16643:89:89	51.83879	7.097975	bus	NO_MATCH_AND_SEEMS_UNSERVED								POINT(7.097975 51.83879)
2033	Maria Veen	Bahnhof	de:05554:16643:91:1	51.839495	7.098317	train	MATCHED	n2727417785	15.1	1.0	Maria Veen	RE14	Bahnhof Reken, Bahnhof / Coesfeld, Bahnhof / Bahnhof Reken, Bahnhof	Coesfeld (Westf) / Reken	LINESTRING(7.098317 51.839495,7.098423400000001 51.839613500000006)
2034	Maria Veen	Bahnhof	de:05554:16643:92:2	51.839517	7.098236	trainish	NO_MATCH_AND_SEEMS_UNSERVED								POINT(7.098236 51.839517)
2035	Maria Veen	Benediktushof	de:05554:63131:0:1	51.83481	7.091319	bus	MATCHED	n8066225697	5.6	0.66	Benediktushof	B15	Maria Veen, Ellering Schule / Groß Reken, Reithalle	Ellering Schule / Reithalle	LINESTRING(7.091319 51.83481,7.0913434 51.8347622)
2036	Maria Veen	Ellering Schule	de:05554:63134:0:1	51.83889	7.094229	bus	MATCHED	n10699089664	30.9	1.0	Ellering Schule	B15	Maria Veen, Benediktushof / Maria Veen, Bahnhof	Bahnhof	LINESTRING(7.094229 51.83889,7.093783 51.8389182)
2037	Maria Veen	Kemper	de:05554:16641:0:1	51.843397	7.089262	bus	MATCHED	n5313721893	13.3	1.0	Kemper	R74,SV08,T18	Maria Veen, Schemmer / Maria Veen, Bahnhof	Schemmer	LINESTRING(7.089262 51.843397,7.0893426 51.8432882)
2038	Maria Veen	Kemper	de:05554:16641:0:2	51.843419	7.089369	bus	MATCHED	n5313721894	5.7	1.0	Kemper	716,R74,SV08,T18	Groß Reken, Sandheck	Sandheck	LINESTRING(7.089369 51.843419,7.0894513 51.843414300000006)
2039	Maria Veen	Missionsschule	de:05554:16644:0:1	51.833356	7.096152	bus	MATCHED	n1497198023	7.3	1.0	Missionsschule	716,B15,R74,SV08,T18	Maria Veen, Stilkenbäumer	Stilkenbäumer	LINESTRING(7.096152 51.833356,7.0960818 51.8334053)
2040	Maria Veen	Missionsschule	de:05554:16644:0:2	51.833956	7.095685	bus	MATCHED	n1497198024	7.0	1.0	Missionsschule	716,B15,R74,SV08,T18	Maria Veen, Bahnhof / Preinhook, Papendyk	Bahnhof	LINESTRING(7.095685 51.833956,7.0956637 51.834017300000006)
2041	Maria Veen	Schemmer	de:05554:16642:0:1	51.839534	7.095819	bus	MATCHED	n5313721890	4.5	1.0	Schemmer	R74,T18	Maria Veen, Bahnhof	Bahnhof	LINESTRING(7.095819 51.839534,7.0958603 51.8395026)
2042	Maria Veen	Schemmer	de:05554:16642:0:2	51.839601	7.095882	bus	MATCHED	n2727381613	2.5	1.0	Schemmer	716,R74,T18	Maria Veen, Kemper	Kemper	LINESTRING(7.095882 51.839601,7.095856100000001 51.839616400000004)
2043	Maria Veen	Schemmer	de:05554:16642:0:9	51.839984	7.094481		NO_MATCH_AND_SEEMS_UNSERVED								POINT(7.094481 51.839984)
2044	Maria Veen	Stilkenbäumer	de:05554:16645:0:1	51.828582	7.099574	bus	MATCHED	n1497198027	3.8	1.0	Stilkenbäumer	716,B15,R74,T18	Hülsten, Knüver	Knüver	LINESTRING(7.099574 51.828582,7.099545600000001 51.8286117)
2045	Maria Veen	Stilkenbäumer	de:05554:16645:0:2	51.828676	7.099691	bus	MATCHED	n1497198026	19.6	1.0	Stilkenbäumer	716,B15,R74,T18	Maria Veen, Missionsschule	Missionsschule	LINESTRING(7.099691 51.828676,7.099773300000001 51.8285076)
2046	Maria Veen	Vogelpark	de:05554:63132:0:1	51.836892	7.087429		NO_MATCH_AND_SEEMS_UNSERVED								POINT(7.087429 51.836892)
2047	Mussum	Achterhook	de:05554:63276:0:1	51.800609	6.576692		NO_MATCH_AND_SEEMS_UNSERVED								POINT(6.576692 51.800609)
2048	Mussum	Achterhook	de:05554:63276:0:2	51.800626	6.576701		NO_MATCH_AND_SEEMS_UNSERVED								POINT(6.576701 51.800626)
2049	Mussum	Alfred-Flender-Str. 	de:05554:63282:0:1	51.806181	6.562049		NO_MATCH_AND_SEEMS_UNSERVED								POINT(6.562049 51.806181)
2050	Mussum	Alfred-Flender-Str. 	de:05554:63282:0:2	51.806275	6.562121		NO_MATCH_AND_SEEMS_UNSERVED								POINT(6.562121 51.806275)
2051	Mussum	Am Laaker Bach	de:05554:63277:0:1	51.803092	6.574284		NO_MATCH_AND_SEEMS_UNSERVED								POINT(6.574284 51.803092)
2052	Mussum	Am Laaker Bach	de:05554:63277:0:2	51.803081	6.574258		NO_MATCH_AND_SEEMS_UNSERVED								POINT(6.574258 51.803081)
2053	Mussum	BTG	de:05554:21285:0:1	51.811107	6.548179	bus	MATCHED_THOUGH_REVERSED_DIR	n5357449941	15.5	1.0	BTG	C13	Mussum, Pendeweg	Ruenhorst	LINESTRING(6.548179 51.811107,6.5479548 51.8111023)
2054	Mussum	BTG	de:05554:21285:0:2	51.811302	6.547784	bus	MATCHED_THOUGH_REVERSED_DIR	n5357449940	8.7	1.0	BTG	C13	Mussum, Ruenhorst	Pendeweg	LINESTRING(6.547784 51.811302,6.547784500000001 51.811224100000004)
2055	Mussum	Bahnübergang	de:05554:63279	51.811257	6.546518		NO_MATCH_AND_SEEMS_UNSERVED								POINT(6.546518 51.811257)
2056	Mussum	Beethovenstr. 	de:05554:16736:0:1	51.815228	6.606211	bus	MATCHED	n5355044866	12.7	1.0	Beethovenstraße	T12	Mussum, Krumme Str.	Krumme Straße	LINESTRING(6.606211 51.815228,6.6060917 51.8151408)
2057	Mussum	Beethovenstr. 	de:05554:16736:0:2	51.815184	6.606282		NO_MATCH_AND_SEEMS_UNSERVED								POINT(6.606282 51.815184)
2058	Mussum	Birkenallee	de:05554:6321:0:1	51.814556	6.611951	bus	MATCHED	n750578516	6.3	0.75	Birkenallee	64	Biemenhorst, Zum Waldschlöß.	Zum Waldschlösschen	LINESTRING(6.611951 51.814556,6.611866600000001 51.814534800000004)
2059	Mussum	Birkenallee	de:05554:6321:0:2	51.815644	6.612463	bus	MATCHED	n750578502	3.2	0.84	Birkenallee	64	Bocholt, BEW	BEW	LINESTRING(6.612463 51.815644,6.6124757 51.8156161)
2060	Mussum	Bostenkamp	de:05554:63280	51.804386	6.554315		NO_MATCH_AND_SEEMS_UNSERVED								POINT(6.554315 51.804386)
2061	Mussum	Bömkesweg	de:05554:16733:0:1	51.815278	6.601297	bus	MATCHED	w359676407	0.6	1.0	Bömkesweg	T12	Mussum, Beethovenstr.	Beethovenstraße	LINESTRING(6.601297 51.815278,6.6013042 51.81527495)
2062	Mussum	Bömkesweg	de:05554:16733:0:2	51.815406	6.601117		MATCHED	w359676406	34.3	1.0	Bömkesweg			Steinstraße	LINESTRING(6.601117 51.815406,6.601201100000001 51.81571025)
2063	Mussum	Bömkesweg	de:05554:16733:0:3	51.815345	6.600902		MATCHED	w359676405	43.8	1.0	Bömkesweg			Kreuzschule	LINESTRING(6.600902 51.815345,6.6010253500000005 51.81573125)
2064	Mussum	Enkhook	de:05554:63281	51.806586	6.57238		NO_MATCH_AND_SEEMS_UNSERVED								POINT(6.57238 51.806586)
2065	Mussum	Flender	de:05554:21286:0:1	51.814617	6.542269		MATCHED	n5357449936	41.7	1.0	Flender			Hüttemannstraße	LINESTRING(6.542269 51.814617,6.541703900000001 51.8147504)
2066	Mussum	Flender	de:05554:21286:0:2	51.814778	6.541783	bus	MATCHED	n5357449934	7.8	1.0	Flender	C13	Mussum, Hüttemannstr.		LINESTRING(6.541783 51.814778,6.541799200000001 51.814847400000005)
2067	Mussum	Grüner Weg	de:05554:61510:0:1	51.811157	6.605645	bus	MATCHED	n5355044874	0.6	1.0	Grüner Weg	T12	Mussum, Wagnerstr.	Wagnerstraße	LINESTRING(6.605645 51.811157,6.6056371 51.811158600000006)
2068	Mussum	Grüner Weg	de:05554:61510:0:2	51.811152	6.605654		NO_MATCH_AND_SEEMS_UNSERVED								POINT(6.605654 51.811152)
2069	Mussum	Harderhook	de:05554:21287:0:1	51.812834	6.556633	bus	MATCHED_THOUGH_REVERSED_DIR	n5357449946	43.6	1.0	Harderhook	C13	Mussum, Ruenhorst	Metatec	LINESTRING(6.556633 51.812834,6.5561154 51.81260880000001)
2070	Mussum	Harderhook	de:05554:21287:0:2	51.812629	6.556094	bus	MATCHED_THOUGH_REVERSED_DIR	n5357449947	43.8	1.0	Harderhook	C13	Mussum, Metatec	Ruenhorst	LINESTRING(6.556094 51.812629,6.5566371000000006 51.8128327)
2071	Mussum	Hardtstraße	de:05554:61512:0:1	51.813973	6.600021	bus	MATCHED	n5355044868	4.3	1.0	Hardtstraße	T12	Mussum, Bömkesweg	Bömkesweg	LINESTRING(6.600021 51.813973,6.60005 51.8139387)
2072	Mussum	Hardtstraße	de:05554:61512:0:2	51.814223	6.600192		NO_MATCH_AND_SEEMS_UNSERVED								POINT(6.600192 51.814223)
2073	Mussum	Hummels	de:05554:21289:0:1	51.814767	6.56275	bus	MATCHED_THOUGH_REVERSED_DIR	n5357449956	201.8	1.0	Hummels	C13	Mussum, Metatec	Stell	LINESTRING(6.56275 51.814767,6.5656467 51.8150264)
2074	Mussum	Hummels	de:05554:21289:0:2	51.814706	6.563011	bus	MATCHED_THOUGH_REVERSED_DIR	n5357449957	173.7	1.0	Hummels	C13	Mussum, Stell	Metatec	LINESTRING(6.563011 51.814706,6.5654509 51.8150928)
2075	Mussum	Hüttemannstr. 	de:05554:21290:0:1	51.813934	6.543481		MATCHED	n5357449938	18.6	1.0	Hüttemannstraße			BTG	LINESTRING(6.543481 51.813934,6.5434675 51.8137671)
2076	Mussum	Hüttemannstr. 	de:05554:21290:0:2	51.813962	6.543481	bus	MATCHED	n5357449937	6.9	1.0	Hüttemannstraße	C13	Mussum, BTG		LINESTRING(6.543481 51.813962,6.543580100000001 51.813971800000004)
2077	Mussum	Kirche	de:05554:21291:0:1	51.814473	6.58033	bus	MATCHED	w359676412	10.9	1.0	Kirche	C13	Mussum, Tenk / Mussum, Kreuzschule	Kreuzschule	LINESTRING(6.58033 51.814473,6.5801777 51.8144452)
2078	Mussum	Kirche	de:05554:21291:0:2	51.813778	6.58024	bus	MATCHED	w359676413	111.3	1.0	Kirche	C13	Mussum, Kreuzschule / Mussum, Tenk	Tenk	LINESTRING(6.58024 51.813778,6.581008000000001 51.814658300000005)
2079	Mussum	Kreisv. Schaffeldstr. 	de:05554:10017:0:1	51.82002	6.601773		NO_MATCH_AND_SEEMS_UNSERVED								POINT(6.601773 51.82002)
2080	Mussum	Kreisv. Schaffeldstr. 	de:05554:10017:0:2	51.819965	6.601701		NO_MATCH_AND_SEEMS_UNSERVED								POINT(6.601701 51.819965)
2081	Mussum	Kreuzschule	de:05554:21294:0:1	51.817216	6.590553	bus	MATCHED_THOUGH_REVERSED_DIR	w359676418	118.1	1.0	Kreuzschule	C13	Mussum, Kirche / Mussum, Kirche	Wachtelschlag / Bömkesweg / Steinstraße	LINESTRING(6.590553 51.817216,6.5889766000000005 51.81680035)
2082	Mussum	Kreuzschule	de:05554:21294:0:2	51.816861	6.589062	bus	MATCHED_THOUGH_REVERSED_DIR	w359676417	114.5	1.0	Kreuzschule	C13	Bocholt, Steinstr. / Mussum, Wachtelschlag	Kirche	LINESTRING(6.589062 51.816861,6.59060495 51.81724115)
2083	Mussum	Krumme Str. 	de:05554:16734:0:1	51.8151	6.610208	bus	MATCHED	n5355044864	5.1	1.0	Krumme Straße	T12	Bocholt, Friesenstr.	Friesenstraße	LINESTRING(6.610208 51.8151,6.6102391 51.8150588)
2084	Mussum	Krumme Str. 	de:05554:16734:0:2	51.815122	6.610172		NO_MATCH_AND_SEEMS_UNSERVED								POINT(6.610172 51.815122)
2085	Mussum	Loikumer Weg	de:05554:63283:0:1	51.799159	6.583483		NO_MATCH_AND_SEEMS_UNSERVED								POINT(6.583483 51.799159)
2086	Mussum	Loikumer Weg	de:05554:63283:0:2	51.799131	6.583501		NO_MATCH_AND_SEEMS_UNSERVED								POINT(6.583501 51.799131)
2087	Mussum	Loskamp	de:05554:6312:0:1	51.806203	6.562049	bus	MATCHED	n1455682620	52.7	0.38	Loskamp	95	Mussum, Sondermann	Sondermann	LINESTRING(6.562049 51.806203,6.561884500000001 51.8057406)
2088	Mussum	Loskamp	de:05554:6312:0:2	51.806292	6.562112	bus	MATCHED	n1455682621	10.6	0.67	Loskamp	95	Mussum, Tenk	Tenk	LINESTRING(6.562112 51.806292,6.5622612 51.806269400000005)
2089	Mussum	Metatec	de:05554:21292:0:1	51.813284	6.559714	bus	MATCHED_THOUGH_REVERSED_DIR	n5357449951	81.9	1.0	Metatec	C13	Mussum, Harderhook	Hummels	LINESTRING(6.559714 51.813284,6.5608871 51.8134006)
2090	Mussum	Metatec	de:05554:21292:0:2	51.813429	6.560055	bus	MATCHED_THOUGH_REVERSED_DIR	n5357449950	0.5	1.0	Metatec	C13	Mussum, Hummels	Harderhook	LINESTRING(6.560055 51.813429,6.5600502 51.8134321)
2091	Mussum	Mozartstraße	de:05554:61511:0:1	51.811812	6.601171	bus	MATCHED	n5355044870	9.3	1.0	Mozartstraße	T12	Mussum, Hardtstraße	Hardtstraße	LINESTRING(6.601171 51.811812,6.601304000000001 51.8117979)
2092	Mussum	Mozartstraße	de:05554:61511:0:2	51.811801	6.601324		NO_MATCH_AND_SEEMS_UNSERVED								POINT(6.601324 51.811801)
2093	Mussum	Pannemannstr. 	de:05554:63284:0:1	51.803937	6.588568		NO_MATCH_AND_SEEMS_UNSERVED								POINT(6.588568 51.803937)
2094	Mussum	Pannemannstr. 	de:05554:63284:0:2	51.803925	6.588577		NO_MATCH_AND_SEEMS_UNSERVED								POINT(6.588577 51.803925)
2095	Mussum	Pendeweg	de:05554:61513:0:1	51.81244	6.541011		MATCHED	n5357449933	11.8	1.0	Pendeweg			Flender	LINESTRING(6.541011 51.81244,6.5408523 51.8124795)
2096	Mussum	Pendeweg	de:05554:61513:0:2	51.812429	6.540912	bus	NO_MATCH_BUT_OTHER_PLATFORM_MATCHED					C13	Mussum, Flender		POINT(6.540912 51.812429)
2097	Mussum	Ruenhorst	de:05554:21293:0:1	51.811685	6.551764	bus	MATCHED_THOUGH_REVERSED_DIR	n5357449942	7.1	1.0	Ruenhorst	C13	Mussum, BTG	Harderhook	LINESTRING(6.551764 51.811685,6.5516871000000005 51.8116429)
2098	Mussum	Ruenhorst	de:05554:21293:0:2	51.811829	6.551943	bus	MATCHED_THOUGH_REVERSED_DIR	n5357449943	1.8	1.0	Ruenhorst	C13	Mussum, Harderhook	BTG	LINESTRING(6.551943 51.811829,6.551944600000001 51.8118452)
2099	Mussum	Schlachthof	de:05554:63285	51.814506	6.568562		NO_MATCH_AND_SEEMS_UNSERVED								POINT(6.568562 51.814506)
2100	Mussum	Schlavenhorst	de:05554:63278:0:1	51.813473	6.560684		NO_MATCH_AND_SEEMS_UNSERVED								POINT(6.560684 51.813473)
2101	Mussum	Schmiede Weyer	de:05554:6323:0:1	51.800237	6.608959	bus	MATCHED	n3587121308	5.3	0.79	Schmiede Weyer	64	Hammink. Lankern Gasth.Ridder	Gasthaus Ridder	LINESTRING(6.608959 51.800237,6.6089063 51.8002715)
2102	Mussum	Schmiede Weyer	de:05554:6323:0:2	51.800148	6.609139	bus	MATCHED	n3587121307	9.0	0.71	Schmiede Weyer	64	Biemenhorst, Zum Waldschlöß.	Zum Waldschlösschen	LINESTRING(6.609139 51.800148,6.6091496 51.8000678)
2103	Mussum	Seeheidestr. 	de:05554:16735:0:1	51.811102	6.608214	bus	MATCHED	n5355044876	4.7	1.0	Seeheidestraße	T12	Mussum, Grüner Weg	Grüner Weg	LINESTRING(6.608214 51.811102,6.608161000000001 51.8110749)
2104	Mussum	Seeheidestr. 	de:05554:16735:0:2	51.811063	6.608223		NO_MATCH_AND_SEEMS_UNSERVED								POINT(6.608223 51.811063)
2105	Mussum	Sondermann	de:05554:6313:0:1	51.795837	6.558124	bus	MATCHED	n3518443713	5.5	0.77	Sondermann	95	Hamminkeln Isselbrücke / Hamminkeln Isselbrücke	Isselbrücke	LINESTRING(6.558124 51.795837,6.558051000000001 51.7958177)
2106	Mussum	Sondermann	de:05554:6313:0:2	51.796309	6.558528	bus	MATCHED	n5607485875	3.8	0.82	Sondermann	95	Mussum, Loskamp	Loskamp	LINESTRING(6.558528 51.796309,6.558583100000001 51.796306200000004)
2107	Mussum	Stell	de:05554:21295:0:1	51.812518	6.566263	bus	MATCHED_THOUGH_REVERSED_DIR	n5357449960	51.9	1.0	Stell	C13	Mussum, Hummels	Uphoff	LINESTRING(6.566263 51.812518,6.566781300000001 51.8128559)
2108	Mussum	Stell	de:05554:21295:0:2	51.812612	6.566083	bus	MATCHED_THOUGH_REVERSED_DIR	n5357449959	15.6	1.0	Stell	C13	Mussum, Uphoff	Hummels	LINESTRING(6.566083 51.812612,6.5662421 51.8125118)
2109	Mussum	Tenk	de:05554:21296:0:1	51.812096	6.570251	bus	MATCHED_THOUGH_REVERSED_DIR	w359676424	127.2	1.0	Tenk	C13	Mussum, Uphoff / Mussum, Loskamp	Kirche	LINESTRING(6.570251 51.812096,6.5685401500000005 51.81166935)
2110	Mussum	Tenk	de:05554:21296:0:2	51.811974	6.570368	bus	MATCHED_THOUGH_REVERSED_DIR	w359676423	14.3	1.0	Tenk	C13	Mussum, Kirche / Mussum, Kirche	Uphoff / Loskamp	LINESTRING(6.570368 51.811974,6.5703289 51.812100150000006)
2111	Mussum	Uphoff	de:05554:21297:0:1	51.811096	6.563855	bus	MATCHED_THOUGH_REVERSED_DIR	n5357415230	53.9	1.0	Uphoff	C13	Mussum, Stell	Tenk	LINESTRING(6.563855 51.811096,6.5634473 51.811509400000006)
2112	Mussum	Uphoff	de:05554:21297:0:2	51.81139	6.563801	bus	MATCHED_THOUGH_REVERSED_DIR	n5357415229	7.5	1.0	Uphoff	C13	Mussum, Tenk	Stell	LINESTRING(6.563801 51.81139,6.5637919 51.811457100000005)
2113	Mussum	Vossenpand	de:05554:11911:0:1	51.79702	6.568724		NO_MATCH_AND_SEEMS_UNSERVED								POINT(6.568724 51.79702)
2114	Mussum	Vossenpand	de:05554:11911:0:2	51.79702	6.568724		NO_MATCH_AND_SEEMS_UNSERVED								POINT(6.568724 51.79702)
2115	Mussum	Wachtelschlag	de:05554:64901:0:1	51.818765	6.596006	bus	MATCHED_THOUGH_REVERSED_DIR	n5357415236	23.3	1.0	Wachtelschlag	C13	Mussum, Kreuzschule	Steinstraße	LINESTRING(6.596006 51.818765,6.596343200000001 51.8187463)
2116	Mussum	Wachtelschlag	de:05554:64901:0:2	51.818776	6.596347	bus	MATCHED_THOUGH_REVERSED_DIR	n5357415237	26.7	1.0	Wachtelschlag	C13	Bocholt, Steinstr.	Kreuzschule	LINESTRING(6.596347 51.818776,6.595961000000001 51.8187629)
2117	Mussum	Wagnerstr. 	de:05554:16738:0:1	51.811546	6.602977	bus	MATCHED	n5355044872	1.6	1.0	Wagnerstraße	T12	Mussum, Mozartstraße	Mozartstraße	LINESTRING(6.602977 51.811546,6.602976300000001 51.8115608)
2118	Mussum	Wagnerstr. 	de:05554:16738:0:2	51.811524	6.60304		NO_MATCH_AND_SEEMS_UNSERVED								POINT(6.60304 51.811524)
2119	Nienborg	Akademieweg	de:05554:19095:0:1	52.131741	7.104794	bus	NO_MATCH					811	Heek, Donaustr. / Nienborg, B.-Martin-Schule		POINT(7.104794 52.131741)
2120	Nienborg	Am Wexter Kreuz	de:05554:16531:0:1	52.148407	7.093062	bus	MATCHED	n5284527555	57.4	1.0	Wexter Kreuz	783,811,N14,R77,SV01	Nienborg, Wext / Wext, Eper Str.	Wext	LINESTRING(7.093062 52.148407,7.0933552 52.1479238)
2121	Nienborg	Am Wexter Kreuz	de:05554:16531:0:2	52.148363	7.092954	bus	MATCHED	n5284527556	67.0	1.0	Wexter Kreuz	783,N14,R77	Nienborg, Fa. Seppelfricke	Firma Seppelfricke	LINESTRING(7.092954 52.148363,7.0931956000000005 52.147779)
2122	Nienborg	B. -Martin-Schule	de:05554:12979:0:1	52.135606	7.106393	bus	NO_MATCH					811,SV01	Callenbeck, Zum Herzberg / Nienborg, Akademieweg / Nienborg, Kindergarten		POINT(7.106393 52.135606)
2123	Nienborg	Fa. Seppelfricke	de:05554:16532:0:1	52.138247	7.099943	bus	MATCHED	n5284527559	27.0	1.0	Firma Seppelfricke	783,N14,R77	Nienborg, Am Wexter Kreuz	Wexter Kreuz	LINESTRING(7.099943 52.138247,7.1000326000000005 52.138483)
2124	Nienborg	Fa. Seppelfricke	de:05554:16532:0:2	52.138407	7.099898	bus	MATCHED	n2901711852	30.8	1.0	Firma Seppelfricke	783,N14,R77	Nienborg, Mühle	Mühle	LINESTRING(7.099898 52.138407,7.0998378 52.1381327)
2125	Nienborg	Joststraße	de:05554:17486:0:1	52.130798	7.109905	bus	MATCHED	n5338593709	6.2	1.0	Joststraße	B1	Nienborg, Meteler Straße	Metelener Straße	LINESTRING(7.109905 52.130798,7.109911100000001 52.1308537)
2126	Nienborg	Joststraße	de:05554:17486:0:2	52.130798	7.109905	bus	MATCHED	n5338593708	7.1	1.0	Joststraße	B1	Averbeck, Strönfeldstr.	Strönfeldstraße	LINESTRING(7.109905 52.130798,7.109940600000001 52.13073850000001)
2127	Nienborg	Kindergarten	de:05554:65034:0:1	52.136599	7.104111	bus	NO_MATCH					811,SV01	Callenbeck, Zum Herzberg / Nienborg, B.-Martin-Schule		POINT(7.104111 52.136599)
2128	Nienborg	Landesmusikakademie	de:05554:16474:0:1	52.132265	7.103015	bus	MATCHED	n5284527568	6.0	1.0	Landesmusikakademie	773,783,B1,N14,R77	Nienborg, Mühle	Mühle	LINESTRING(7.103015 52.132265,7.1031010000000006 52.13225490000001)
2129	Nienborg	Landesmusikakademie	de:05554:16474:0:2	52.13243	7.102736	bus	MATCHED	n5284527570	52.4	1.0	Landesmusikakademie	773,783,B1,N14,R77	Heek, Gabelpunkt / Heek, Rathaus	Gabelpunkt	LINESTRING(7.102736 52.13243,7.103135900000001 52.132028500000004)
2130	Nienborg	Meteler Straße	de:05554:17487:0:1	52.133842	7.105764	bus	MATCHED	n5338593712	48.8	1.0	Metelener Straße	B1	Nienborg, Mühle	Mühle	LINESTRING(7.105764 52.133842,7.105367500000001 52.1342067)
2131	Nienborg	Meteler Straße	de:05554:17487:0:2	52.133842	7.105764	bus	MATCHED	n5338593713	6.6	1.0	Metelener Straße	B1	Nienborg, Joststraße	Joststraße	LINESTRING(7.105764 52.133842,7.1057215000000005 52.1337885)
2132	Nienborg	Mühle	de:05554:16473:0:1	52.135391	7.10005	bus	MATCHED	n5284527563	143.3	1.0	Mühle	773,783,B1,N14,R77	Nienborg, Fa. Seppelfricke / Nienborg, Meteler Straße	Metelener Straße / Firma Seppelfricke	LINESTRING(7.10005 52.135391,7.1000326000000005 52.136678700000004)
2133	Nienborg	Mühle	de:05554:16473:0:2	52.135275	7.099979	bus	MATCHED	n5284527562	41.1	1.0	Mühle	773,783,B1,N14,R77	Nienborg, Landesmusikakademie	Landesmusikakademie	LINESTRING(7.099979 52.135275,7.0997858 52.135625000000005)
2134	Nienborg	Mühle	de:05554:16473:0:3	52.135937	7.099592		NO_MATCH_AND_SEEMS_UNSERVED								POINT(7.099592 52.135937)
2135	Nienborg	Wext	de:05554:16530:0:1	52.15253	7.086845	bus	MATCHED	n5284527553	1.6	1.0	Wext	783,N14,R77	Epe, Gasthaus Einsiedler	Gasthaus Einsiedler	LINESTRING(7.086845 52.15253,7.0868374 52.1525164)
2136	Nienborg	Wext	de:05554:16530:0:2	52.152657	7.086288	bus	MATCHED	n5284527554	5.7	1.0	Wext	783,N14,R77	Nienborg, Am Wexter Kreuz	Wexter Kreuz	LINESTRING(7.086288 52.152657,7.086341200000001 52.152617600000006)
2137	Nordick	Dicker Stein	de:05554:16626:0:1	51.85227	6.965195	bus	MATCHED	n1496251933	13.6	0.47	Dicker Stein	714	Nordick, Wiesweg		LINESTRING(6.965195 51.85227,6.9652643 51.852384)
2138	Nordick	Dicker Stein	de:05554:16626:0:2	51.852304	6.965267	bus	MATCHED	n1496251932	7.1	0.61	Dicker Stein	714	Nordick, Hellmann		LINESTRING(6.965267 51.852304,6.965366100000001 51.8522867)
2139	Nordick	Hellmann	de:05554:16625:0:1	51.859322	6.977457	bus	NO_MATCH					714	Nordick, Dicker Stein		POINT(6.977457 51.859322)
2140	Nordick	Hellmann	de:05554:16625:0:2	51.85935	6.977466	bus	NO_MATCH					714	Nordick, Ulick		POINT(6.977466 51.85935)
2141	Nordick	Reithalle	de:05554:16628:0:1	51.838868	6.94643	bus	NO_MATCH					714	Heiden, Schule (Mozartstraße)		POINT(6.94643 51.838868)
2142	Nordick	Reithalle	de:05554:16628:0:2	51.838824	6.946376	bus	NO_MATCH					714	Nordick, Wiesweg		POINT(6.946376 51.838824)
2143	Nordick	Ulick	de:05554:16668:0:1	51.862157	6.977772	bus	NO_MATCH					714	Nordick, Hellmann		POINT(6.977772 51.862157)
2144	Nordick	Ulick	de:05554:16668:0:2	51.862157	6.977772	bus	NO_MATCH					714	Velen, Grave/Wübbelt		POINT(6.977772 51.862157)
2145	Nordick	Wiesweg	de:05554:16627:0:1	51.843341	6.953023	bus	NO_MATCH					714	Nordick, Reithalle		POINT(6.953023 51.843341)
2146	Nordick	Wiesweg	de:05554:16627:0:2	51.843303	6.95296	bus	NO_MATCH					714	Nordick, Dicker Stein		POINT(6.95296 51.843303)
2147	Nordick	Wullen	de:05554:16629	51.832851	6.939611		NO_MATCH_AND_SEEMS_UNSERVED								POINT(6.939611 51.832851)
2148	Nordiek	Büscher	de:05554:21299:0:1	52.140474	6.981679	bus	MATCHED	n1496956001	9.6	0.55	Büscher	828	Nordiek, Rörick		LINESTRING(6.981679 52.140474,6.981748400000001 52.1403985)
2149	Nordiek	Epping	de:05554:60718:0:1	52.15431	6.971627		MATCHED	n1496956012	41.8	0.19	Epping				LINESTRING(6.971627 52.15431,6.9715929 52.154684700000004)
2150	Nordiek	Hövel	de:05554:21300:0:1	52.148573	6.973208	bus	MATCHED	n1235157264	6.8	0.62	Hövel	828	Nordiek, Vortkamp		LINESTRING(6.973208 52.148573,6.973114900000001 52.148593600000005)
2151	Nordiek	Rörick	de:05554:61659:0:1	52.137299	6.985318	bus	NO_MATCH					828	Nordiek, Wessling		POINT(6.985318 52.137299)
2152	Nordiek	Vortkamp	de:05554:21301:0:1	52.143424	6.978437	bus	MATCHED	n1496956040	13.9	0.47	Vortkamp	828	Nordiek, Büscher		LINESTRING(6.978437 52.143424,6.978256300000001 52.1433666)
2153	Nordiek	Wessling	de:05554:21302:0:1	52.131255	6.988579	bus	NO_MATCH					828	Graes, Kirche / Graes, Kirche		POINT(6.988579 52.131255)
2154	Nordvelen	Barrier	de:05554:34713	51.909969	6.947957		NO_MATCH_AND_SEEMS_UNSERVED								POINT(6.947957 51.909969)
2155	Nordvelen	Brieden	de:05554:30609:0:1	51.928934	6.974906	bus	NO_MATCH					751	Nordvelen, Menert		POINT(6.974906 51.928934)
2156	Nordvelen	Brieden	de:05554:30609:0:2	51.929023	6.974888	bus	NO_MATCH					751	Nordvelen, Hante		POINT(6.974888 51.929023)
2157	Nordvelen	Denne	de:05554:34715	51.920746	6.982326		MATCHED_THOUGH_DISTANT	n1497215358	215.4	0.05	Denne				LINESTRING(6.982326 51.920746,6.9813964 51.9188972)
2158	Nordvelen	Gasverdicherst. 	de:05554:31573:0:1	51.938145	6.966687	bus	MATCHED	n2993510963	2.8	0.64	Gasverdichterstation	751	Nordvelen, Schlatt		LINESTRING(6.966687 51.938145,6.966682700000001 51.9381198)
2159	Nordvelen	Gasverdicherst. 	de:05554:31573:0:2	51.938167	6.966561	bus	MATCHED	n2993510964	8.4	0.48	Gasverdichterstation	751	Nordvelen, Menert		LINESTRING(6.966561 51.938167,6.966682700000001 51.938175400000006)
2160	Nordvelen	Hante	de:05554:31507:0:1	51.918702	6.961036	bus	MATCHED	n1409380541	7.3	0.61	Hante	751,SV08	Velen, Schloss / Nordvelen, Brieden		LINESTRING(6.961036 51.918702,6.961132500000001 51.9186746)
2161	Nordvelen	Hante	de:05554:31507:0:2	51.918663	6.960937	bus	MATCHED	n1409380542	14.4	0.46	Hante	751	Nordvelen, Reiker / Nordvelen, Gasverdicherst.		LINESTRING(6.960937 51.918663,6.961025200000001 51.918780500000004)
2162	Nordvelen	Holtkamp	de:05554:34714	51.909043	6.953742		NO_MATCH_AND_SEEMS_UNSERVED								POINT(6.953742 51.909043)
2163	Nordvelen	Maas	de:05554:34719	51.907392	6.969885		MATCHED	n2993510965	9.4	0.5	Maas				LINESTRING(6.969885 51.907392,6.969777400000001 51.907444700000006)
2164	Nordvelen	Menert	de:05554:31572:0:1	51.93701	6.974969	bus	MATCHED	n2993510968	16.2	0.44	Menert	751	Nordvelen, Gasverdicherst.		LINESTRING(6.974969 51.93701,6.9750841 51.936883400000006)
2165	Nordvelen	Menert	de:05554:31572:0:2	51.936838	6.97496	bus	MATCHED	n2993510967	8.9	0.57	Menert	751	Nordvelen, Brieden		LINESTRING(6.97496 51.936838,6.974844600000001 51.936873600000006)
2166	Nordvelen	Potthoff	de:05554:34718	51.927726	6.951101		NO_MATCH_AND_SEEMS_UNSERVED								POINT(6.951101 51.927726)
2167	Nordvelen	Reiker	de:05554:30608:0:1	51.911326	6.968115	bus	MATCHED	n2993510983	15.2	0.45	Reiker	751	Nordvelen, Hante		LINESTRING(6.968115 51.911326,6.9682728 51.911421000000004)
2168	Nordvelen	Reiker	de:05554:30608:0:2	51.911432	6.968034	bus	MATCHED	n2993510982	5.5	0.66	Reiker	751	Velen, Schloss		LINESTRING(6.968034 51.911432,6.968009400000001 51.9113849)
2169	Nordvelen	Rotthues	de:05554:31380:0:1	51.931958	6.939872	bus	NO_MATCH					751	Holthausen, Abzw. Ramsdorf		POINT(6.939872 51.931958)
2170	Nordvelen	Rotthues	de:05554:31380:0:2	51.931981	6.940043	bus	NO_MATCH					751	Nordvelen, Schlatt		POINT(6.940043 51.931981)
2171	Nordvelen	Sanders	de:05554:34716	51.934479	6.967899		MATCHED	n2993510984	16.8	0.37	Sanders				LINESTRING(6.967899 51.934479,6.967655700000001 51.934488900000005)
2172	Nordvelen	Schlatt	de:05554:31574:0:1	51.936622	6.950113	bus	NO_MATCH					751	Nordvelen, Rotthues		POINT(6.950113 51.936622)
2173	Nordvelen	Schlatt	de:05554:31574:0:2	51.936561	6.950086	bus	NO_MATCH					751	Nordvelen, Gasverdicherst.		POINT(6.950086 51.936561)
2174	Nordvelen	Sicking	de:05554:30995	51.929793	6.963632		NO_MATCH_AND_SEEMS_UNSERVED								POINT(6.963632 51.929793)
2175	Nordvelen	Wasserwerk	de:05554:30988	51.919128	6.962878		NO_MATCH_AND_SEEMS_UNSERVED								POINT(6.962878 51.919128)
2176	Oberortwick	Blanckfortstr. 	de:05554:21305:0:1	52.065653	6.991624	bus	NO_MATCH					826	Oberortwick, Langehanenberg / Oberortwick, Kottland / Barle, Menker		POINT(6.991624 52.065653)
2177	Oberortwick	Demes-Oeing	de:05554:21307:0:1	52.062571	7.0148	bus	NO_MATCH					826	Oberortwick, Kortbuß		POINT(7.0148 52.062571)
2178	Oberortwick	Harpering	de:05554:21304:0:1	52.054673	7.014127	bus	MATCHED	n1409380543	4.8	0.69	Harpering	826	Oberortwick, Demes-Oeing	Kortbuß	LINESTRING(7.014127 52.054673,7.014068300000001 52.0546498)
2179	Oberortwick	Hintemann	de:05554:64181:0:1	52.047038	7.019418	bus	MATCHED	n1409380548	19.2	0.56	Hintemann	826	Quantwick, Büning	Kottland	LINESTRING(7.019418 52.047038,7.0194067 52.04721060000001)
2180	Oberortwick	Kortbuß	de:05554:64180:0:1	52.052364	7.022688	bus	MATCHED	n1409380550	10.8	0.67	Kortbuß	826	Oberortwick, Hintemann	Hintemann	LINESTRING(7.022688 52.052364,7.022587700000001 52.0524387)
2181	Oberortwick	Kottland	de:05554:12158:0:1	52.066586	6.999888	bus	MATCHED	n1831737683	28.3	0.32	Kottland	826	Oberortwick, Langehanenberg		LINESTRING(6.999888 52.066586,6.9999815000000005 52.066338300000005)
2182	Oberortwick	Kottland	de:05554:12158:0:2	52.065542	6.998954	bus	MATCHED	n1831737529	102.2	0.14	Kottland	826	Oberortwick, Langehanenberg		LINESTRING(6.998954 52.065542,6.9997802 52.066307)
2183	Oberortwick	Langehanenberg	de:05554:21723:0:1	52.059368	7.000212	bus	NO_MATCH					826	Oberortwick, Harpering		POINT(7.000212 52.059368)
2184	Oberortwick	Waldschänke	de:05554:21306:0:1	52.054562	7.014657	bus	MATCHED	n1409380540	5.7	0.66	Waldschänke	776,826	Ahaus, Gescher Damm / Ahaus, Canisiusstift		LINESTRING(7.014657 52.054562,7.014734600000001 52.0545441)
2185	Oberortwick	Waldschänke	de:05554:21306:0:2	52.054479	7.014657	bus	MATCHED	n1409380539	5.1	0.67	Waldschänke	776	Ahaus, Abzw. Quantwick		LINESTRING(7.014657 52.054479,7.0145824 52.0544747)
2186	Oeding	Bahnübergang	de:05554:30695:0:1	51.912291	6.783547	bus	MATCHED	n684720773	73.6	1.0	Bahnübergang	731,R54	Oeding, Feld	Feld	LINESTRING(6.783547 51.912291,6.784359500000001 51.912721600000005)
2187	Oeding	Bahnübergang	de:05554:30695:0:2	51.912246	6.783484	bus	MATCHED	n684720736	11.5	1.0	Bahnübergang	731,R54	Burlo, Kloster / Burlo, Melis / Burlo, Vennweg	Kloster / Vennweg	LINESTRING(6.783484 51.912246,6.783408400000001 51.912338000000005)
2188	Oeding	Feld	de:05554:30696:0:1	51.916297	6.78953	bus	MATCHED	n5535305985	8.6	1.0	Feld	731,R54	Oeding, Look	Look	LINESTRING(6.78953 51.916297,6.7896554 51.9163007)
2189	Oeding	Feld	de:05554:30696:0:2	51.916214	6.789332	bus	MATCHED	n5535305984	17.3	1.0	Feld	731,R54	Oeding, Bahnübergang	Bahnübergang	LINESTRING(6.789332 51.916214,6.7891002 51.916153400000006)
2190	Oeding	Fresenhorst	de:05554:31335	51.932529	6.829379		NO_MATCH_AND_SEEMS_UNSERVED								POINT(6.829379 51.932529)
2191	Oeding	Gabelpunkt	de:05554:30718:0:1	51.928003	6.845549		NO_MATCH_AND_SEEMS_UNSERVED								POINT(6.845549 51.928003)
2192	Oeding	Gasthof Paskert	de:05554:21706	51.933764	6.809931		MATCHED_THOUGH_NAMES_DIFFER	n221316835	29.5	0.1	Pfarrer-Becker-Straße			Ottensteiner Straße / Kloster	LINESTRING(6.809931 51.933764,6.8101716 51.933983700000006)
2193	Oeding	Gewerbegebiet	de:05554:16421:0:1	51.934445	6.824357	bus	MATCHED	n2589202830	23.4	1.0	Gewerbegebiet	753,R54,T7	Oeding, Jakobistr. / Südlohn, Sickinghook	Jakobistraße	LINESTRING(6.824357 51.934445,6.824149 51.9342782)
2194	Oeding	Gewerbegebiet	de:05554:16421:0:2	51.93444	6.824357	bus	MATCHED	n2589202831	19.7	1.0	Gewerbegebiet	753,R54,T7	Südlohn, Sickinghook / Oeding, Jakobistr.	Sickinghook	LINESTRING(6.824357 51.93444,6.8244924000000005 51.934595900000005)
2195	Oeding	Grenzweg	de:05554:60933:0:1	51.936467	6.797498	bus	MATCHED	n5551969474	119.6	1.0	Grenzweg	B7,T55	Winterswijk, Kloetenseweg / Winterswijk, Pelkwijk		LINESTRING(6.797498 51.936467,6.7957668 51.9365718)
2196	Oeding	Grenzweg	de:05554:60933:0:2	51.936467	6.797498	bus	MATCHED	n5551969473	75.1	1.0	Grenzweg	B7,T55	Oeding, Schule / Oeding, Im Esch	Im Esch / Schule	LINESTRING(6.797498 51.936467,6.796407800000001 51.9364271)
2197	Oeding	Heling	de:05554:19100:0:1	51.958239	6.84068	bus	NO_MATCH					753	Oeding, Siems		POINT(6.84068 51.958239)
2198	Oeding	Heling	de:05554:19100:0:2	51.958239	6.84068	bus	NO_MATCH					753			POINT(6.84068 51.958239)
2199	Oeding	Hessinghook	de:05554:25325:0:1	51.947936	6.819408	bus	NO_MATCH					731,753	Südlohn, Eschlohn / Oeding, Siems		POINT(6.819408 51.947936)
2200	Oeding	Hessinghook	de:05554:25325:0:2	51.948002	6.819435	bus	NO_MATCH					731,753	Oeding, Schule / Oeding, Rathaus		POINT(6.819435 51.948002)
2201	Oeding	Hinterm Busch	de:05554:30698:0:1	51.926934	6.806634	bus	MATCHED	n5535305978	100.7	1.0	Hinterm Busch	731,R54	Oeding, Rathaus / Oeding, Rathaus	Rathaus	LINESTRING(6.806634 51.926934,6.8054649000000005 51.9263896)
2202	Oeding	Hinterm Busch	de:05554:30698:0:2	51.926851	6.806391	bus	MATCHED	n3354892073	73.8	1.0	Hinterm Busch	731,R54	Oeding, Look	Look	LINESTRING(6.806391 51.926851,6.8054053 51.926590000000004)
2203	Oeding	Im Esch	de:05554:11979:0:1	51.939131	6.801468	bus	MATCHED	n10697654399	11.1	1.0	Im Esch	B7	Oeding, Grenzweg	Grenzweg	LINESTRING(6.801468 51.939131,6.801389400000001 51.939044)
2204	Oeding	Im Esch	de:05554:11979:0:2	51.939131	6.801468	bus	MATCHED	n10697654400	14.3	1.0	Im Esch	B7	Oeding, Kantstr.	Kantstraße	LINESTRING(6.801468 51.939131,6.801496 51.9390039)
2205	Oeding	Industriestr. 	de:05554:14469:0:1	51.935392	6.823055	bus	MATCHED	n11292450164	10.6	1.0	Industriestraße	B7	Oeding, Woorteweg	Woorteweg	LINESTRING(6.823055 51.935392,6.822959 51.9354663)
2206	Oeding	Industriestr. 	de:05554:14469:0:2	51.935437	6.82301	bus	MATCHED	n11292450165	6.4	1.0	Industriestraße	B7	Oeding, Reithalle	Reithalle	LINESTRING(6.82301 51.935437,6.8229644 51.935387000000006)
2207	Oeding	Jakobistr. 	de:05554:16422:0:1	51.933997	6.818851	bus	MATCHED	n5299496649	35.5	1.0	Jakobistraße	753,R54,T7	Oeding, Rathaus / Oeding, Gewerbegebiet	Rathaus	LINESTRING(6.818851 51.933997,6.819363500000001 51.9340325)
2208	Oeding	Jakobistr. 	de:05554:16422:0:2	51.933986	6.818779	bus	MATCHED	n2589202833	13.6	1.0	Jakobistraße	753,R54,T7	Oeding, Hinterm Busch / Oeding, Rathaus / Oeding, Gewerbegebiet	Gewerbegebiet	LINESTRING(6.818779 51.933986,6.8189063 51.933892300000004)
2209	Oeding	Kantstr. 	de:05554:60364:0:1	51.940161	6.80622	bus	MATCHED	n5299496639	15.6	1.0	Kantstraße	B7,T7	Oeding, Im Esch / Oeding, Schule	Im Esch	LINESTRING(6.80622 51.940161,6.8059954000000005 51.9401808)
2210	Oeding	Kantstr. 	de:05554:60364:0:2	51.939912	6.806373	bus	MATCHED	n5299496638	4.0	1.0	Kantstraße	B7	Oeding, Schule	Schule	LINESTRING(6.806373 51.939912,6.8063763 51.939947700000005)
2211	Oeding	Look	de:05554:30697:0:1	51.920319	6.79554	bus	MATCHED	n5535305980	102.9	1.0	Look	731,R54	Oeding, Hinterm Busch	Hinterm Busch	LINESTRING(6.79554 51.920319,6.7946442000000005 51.9195785)
2212	Oeding	Look	de:05554:30697:0:2	51.92043	6.79571	bus	MATCHED	n5535305981	36.5	1.0	Look	731,R54	Oeding, Feld	Feld	LINESTRING(6.79571 51.92043,6.795246100000001 51.920271500000005)
2213	Oeding	Rathaus	de:05554:16423:0:1	51.934656	6.809392	bus	MATCHED	n5299496646	15.4	1.0	Rathaus	731,753,B7,R54,T55,T7	Oeding, Schule / Oeding, Jakobistr. / Oeding, Hinterm Busch	Schule	LINESTRING(6.809392 51.934656,6.809224800000001 51.934748600000006)
2214	Oeding	Rathaus	de:05554:16423:0:2	51.934656	6.809392	bus	MATCHED	n5299496647	20.5	1.0	Rathaus	731,753,B7,R54,T55,T7	Oeding, Schule / Oeding, Hessinghook / Oeding, Jakobistr. / Oeding, Woorteweg / Oeding, Hinterm Busch	Woorteweg / Hinterm Busch / Jakobistraße	LINESTRING(6.809392 51.934656,6.8096405 51.9345535)
2215	Oeding	Reithalle	de:05554:64453:0:1	51.938378	6.8367	bus	MATCHED	n2589202843	10.9	1.0	Reithalle	B7	Oeding, Industriestr.	Industriestraße	LINESTRING(6.8367 51.938378,6.8367079 51.9384759)
2216	Oeding	Reithalle	de:05554:64453:0:2	51.938367	6.8367	bus	MATCHED	n5552261106	11.7	1.0	Reithalle	B7	Südlohn, Sickinghook	Sickinghook	LINESTRING(6.8367 51.938367,6.8368703 51.938371800000006)
2217	Oeding	Schule	de:05554:16424:0:1	51.936168	6.807092	bus	MATCHED	n5299496643	14.4	1.0	Schule	731,753,B7,R54,T55,T7	Oeding, Grenzweg / Oeding, Hessinghook / Oeding, Kantstr. / Oeding, Rathaus / Oeding, Rathaus	Rathaus / Kantstraße / Grenzweg	LINESTRING(6.807092 51.936168,6.8069556 51.936266700000004)
2218	Oeding	Schule	de:05554:16424:0:2	51.936168	6.807092	bus	MATCHED	n5299496642	3.7	1.0	Schule	B7,T55,T7	Oeding, Rathaus	Rathaus	LINESTRING(6.807092 51.936168,6.8070602000000004 51.936141000000006)
2219	Oeding	Siems	de:05554:14154:0:1	51.954867	6.823612	bus	NO_MATCH					753	Oeding, Hessinghook		POINT(6.823612 51.954867)
2220	Oeding	Siems	de:05554:14154:0:2	51.954856	6.823612	bus	NO_MATCH					753	Oeding, Heling		POINT(6.823612 51.954856)
2221	Oeding	Woorteweg	de:05554:64454:0:1	51.93578	6.814548	bus	MATCHED	n9948057918	74.0	1.0	Woorteweg	B7	Oeding, Industriestr.	Industriestraße	LINESTRING(6.814548 51.93578,6.814373300000001 51.935124)
2222	Oeding	Woorteweg	de:05554:64454:0:2	51.935725	6.814611	bus	MATCHED	n9948057919	9.2	1.0	Woorteweg	B7,X80	Vreden, Klosterhook / Oeding, Rathaus / Burlo, Kloster	Rathaus / Kloster / Klosterhook	LINESTRING(6.814611 51.935725,6.814517400000001 51.935783900000004)
2223	Oldenkott	Kirche	de:05554:31158:0:1	52.096932	6.757271	bus	MATCHED	n10695286400	6.2	1.0	Kirche	782,B2	Wennewick, Baumeister / Crosewick, Zollhäuser	Baumeister	LINESTRING(6.757271 52.096932,6.7571811 52.0969251)
2224	Oldenkott	Kirche	de:05554:31158:0:2	52.097064	6.75711	bus	NO_MATCH_BUT_OTHER_PLATFORM_MATCHED					782,B2	Ammeloe, Rensing / Crosewick, Bußjann		POINT(6.75711 52.097064)
2225	Oldenkott	Zollhäuser	de:05554:30951	52.09696	6.758736		NO_MATCH_AND_SEEMS_UNSERVED								POINT(6.758736 52.09696)
2226	Ottenstein	Abzw. Antoniusheim	de:05554:16447:0:1	52.072373	6.895459	bus	MATCHED_THOUGH_DISTANT	n2589328425	249.2	1.0	Abzweig Antoniusheim	770,S70	Ottenstein, Sportplatz / Ottenstein, Textilstr.	Textilstraße	LINESTRING(6.895459 52.072373,6.8920626 52.0715738)
2227	Ottenstein	Abzw. Antoniusheim	de:05554:16447:0:2	52.072417	6.895037	bus	MATCHED_THOUGH_DISTANT	n5274781321	224.4	1.0	Abzweig Antoniusheim	770,S70	Doemern, Tünte	Tünte	LINESTRING(6.895037 52.072417,6.8919937000000004 52.071673800000006)
2228	Ottenstein	Am Brookkamp	de:05554:63286:0:1	52.069071	6.916632		NO_MATCH_AND_SEEMS_UNSERVED								POINT(6.916632 52.069071)
2229	Ottenstein	Am Brookkamp	de:05554:63286:0:2	52.069076	6.916561		NO_MATCH_AND_SEEMS_UNSERVED								POINT(6.916561 52.069076)
2230	Ottenstein	Burgschule	de:05554:21310:0:1	52.072853	6.914899	bus	NO_MATCH					823	Ottenstein, Sportplatz / Hörsteloe, Reithalle		POINT(6.914899 52.072853)
2231	Ottenstein	Herderstr. 	de:05554:21308:0:1	52.067641	6.921609	bus	MATCHED	n5341261680	10.1	1.0	Herderstraße	823,B12	Wüllen, Andreasstr. / Ottenstein, Textilstr.	Andreasstraße	LINESTRING(6.921609 52.067641,6.9216201 52.06755020000001)
2232	Ottenstein	Herderstr. 	de:05554:21308:0:2	52.06758	6.921672	bus	MATCHED	n5341261681	7.5	1.0	Herderstraße	823,B12	Ottenstein (Westf), Brookstegge / Ahaus, Irena-Sendler-Gesamtschule	Brookstegge	LINESTRING(6.921672 52.06758,6.921676400000001 52.06764750000001)
2233	Ottenstein	Markenmoote	de:05554:15505:0:1	52.073024	6.912338		NO_MATCH_AND_SEEMS_UNSERVED								POINT(6.912338 52.073024)
2234	Ottenstein	Markenmoote	de:05554:15505:0:2	52.072953	6.912294		NO_MATCH_AND_SEEMS_UNSERVED								POINT(6.912294 52.072953)
2235	Ottenstein	Solmstr. 	de:05554:63287:0:1	52.073643	6.920109		NO_MATCH_AND_SEEMS_UNSERVED								POINT(6.920109 52.073643)
2236	Ottenstein	Solmstr. 	de:05554:63287:0:2	52.073682	6.920172		NO_MATCH_AND_SEEMS_UNSERVED								POINT(6.920172 52.073682)
2237	Ottenstein	Sportplatz	de:05554:16448:0:1	52.072158	6.910623	bus	MATCHED	n5274780018	5.4	1.0	Sportplatz	770,823	Hörsteloe, Reithalle / Ottenstein, Textilstr.		LINESTRING(6.910623 52.072158,6.9105881 52.072114000000006)
2238	Ottenstein	Sportplatz	de:05554:16448:0:2	52.072113	6.910739	bus	MATCHED	n5274780017	4.2	1.0	Sportplatz	770	Ottenstein, Abzw. Antoniusheim / Hörsteloe, Kapelle	Abzweig Antoniusheim	LINESTRING(6.910739 52.072113,6.910774600000001 52.072143700000005)
2239	Ottenstein	Textilstr. 	de:05554:16395:0:1	52.072395	6.91807	bus	MATCHED	n1890159740	19.9	1.0	Textilstraße	770,823,B12,S70	Ahaus, Alex.-Hegius-Gymnasium / Ahaus, Canisiusstift / Wessum, Klümpers / Ottenstein, Herderstr. / Ottenstein (Westf), Brookstegge / Wessum, Eichenallee	Brookstegge / Klümpers	LINESTRING(6.91807 52.072395,6.9178084 52.0723184)
2240	Ottenstein	Textilstr. 	de:05554:16395:0:2	52.072318	6.917432	bus	MATCHED	n306163617	4.9	1.0	Textilstraße	770,823,B12,S70	Ottenstein (Westf), Kirche / Ottenstein, Sportplatz / Ottenstein, Burgschule / Ottenstein, Abzw. Antoniusheim	Kirche / Abzweig Antoniusheim / Sportplatz	LINESTRING(6.917432 52.072318,6.917386700000001 52.0723521)
2241	Ottenstein	Vredener Str. 	de:05554:63288:0:1	52.076221	6.913704	bus	MATCHED	n10697935505	42.8	1.0	Vredener Straße	B12	Ottenstein (Westf), Kirche	Kirche	LINESTRING(6.913704 52.076221,6.913824900000001 52.075843500000005)
2242	Ottenstein	Vredener Str. 	de:05554:63288:0:2	52.076221	6.913704	bus	MATCHED	n10697929404	42.5	1.0	Vredener Straße	B12	Hörsteloe, Wesseler	Kolbestraße	LINESTRING(6.913704 52.076221,6.9140167 52.0758913)
2243	Ottenstein (Westf)	Brookstegge	de:05554:15508:0:1	52.070054	6.919642		MATCHED	n5341261676	5.4	1.0	Brookstegge			Herderstraße	LINESTRING(6.919642 52.070054,6.9195735 52.07003)
2244	Ottenstein (Westf)	Brookstegge	de:05554:15508:0:2	52.070092	6.919615	bus	MATCHED	n5341261677	5.4	1.0	Brookstegge	B12	Ottenstein, Herderstr. / Ottenstein, Textilstr.	Textilstraße	LINESTRING(6.919615 52.070092,6.919690200000001 52.070105000000005)
2245	Ottenstein (Westf)	Burgstr. 	de:05554:15504:0:1	52.076923	6.917351		NO_MATCH_AND_SEEMS_UNSERVED								POINT(6.917351 52.076923)
2246	Ottenstein (Westf)	Burgstr. 	de:05554:15504:0:2	52.07684	6.917378		NO_MATCH_AND_SEEMS_UNSERVED								POINT(6.917378 52.07684)
2247	Ottenstein (Westf)	Kirche	de:05554:15534:0:1	52.07462	6.916749	bus	MATCHED	n5341261670	2.2	1.0	Kirche	B12	Ottenstein, Vredener Str.	Vredener Straße	LINESTRING(6.916749 52.07462,6.916771300000001 52.07463430000001)
2248	Ottenstein (Westf)	Kirche	de:05554:15534:0:2	52.074593	6.916803	bus	MATCHED	n5341261669	3.5	1.0	Kirche	B12	Ottenstein, Textilstr.	Textilstraße	LINESTRING(6.916803 52.074593,6.91678 52.0745647)
2249	Preinhook	Heltweg	de:05554:11463:0:1	51.854002	7.033449	bus	NO_MATCH					716	Groß Reken, Preinhook		POINT(7.033449 51.854002)
2250	Preinhook	Papendyk	de:05554:63133:0:1	51.867017	7.031006	bus	NO_MATCH					716,SV08	Groß Reken, Hendelshok		POINT(7.031006 51.867017)
2251	Preinhook	Papendyk	de:05554:63133:0:2	51.867056	7.031051	bus	NO_MATCH					SV08	Velen, Brook		POINT(7.031051 51.867056)
2252	Quantwick	Abzw. Düwing Dyk	de:05554:21719:0:1	52.044347	6.972696	bus	NO_MATCH					825	Sabstätte, Mathmann		POINT(6.972696 52.044347)
2253	Quantwick	Büning	de:05554:21317:0:1	52.0489	7.005072	bus	NO_MATCH					826	Oberortwick, Waldschänke		POINT(7.005072 52.0489)
2254	Quantwick	Büning	de:05554:21317:0:2	52.048894	7.005072	bus	NO_MATCH					826	Quantwick, Ehem. Schule		POINT(7.005072 52.048894)
2255	Quantwick	Ehem. Schule	de:05554:21318:0:1	52.045165	6.997822	bus	MATCHED	n1258670249	12.6	0.49	Ehem. Schule	826	Quantwick, Büning		LINESTRING(6.997822 52.045165,6.9980057 52.045168000000004)
2256	Quantwick	Ehem. Schule	de:05554:21318:0:2	52.045165	6.997813	bus	NO_MATCH_BUT_OTHER_PLATFORM_MATCHED					826	Quantwick, Schulze Schwering		POINT(6.997813 52.045165)
2257	Quantwick	Gasthof Voss	de:05554:21316:0:1	52.047999	7.008755		MATCHED	n2553069397	6.7	0.57	Gasthof Voss				LINESTRING(7.008755 52.047999,7.008847 52.047979700000006)
2258	Quantwick	Gasthof Voss	de:05554:21316:0:2	52.047994	7.008746		NO_MATCH_AND_SEEMS_UNSERVED								POINT(7.008746 52.047994)
2259	Quantwick	Kersting	de:05554:21315:0:1	52.036368	6.964189	bus	NO_MATCH					825	Quantwick, Tierheim Heitmann		POINT(6.964189 52.036368)
2260	Quantwick	Mühle	de:05554:21320:0:1	52.056081	6.989531	bus	MATCHED	n30777319	11.0	0.52	Mühle	826	Oberortwick, Blanckfortstr.	Schulze Schwering	LINESTRING(6.989531 52.056081,6.989495000000001 52.055984900000006)
2261	Quantwick	Schulze Schwering	de:05554:21319:0:1	52.053463	6.99749	bus	MATCHED	n13278165717	8.6	0.57	Schulze Schwering	826	Quantwick, Mühle	Mühle	LINESTRING(6.99749 52.053463,6.997596100000001 52.0534212)
2262	Quantwick	Tierheim Heitmann	de:05554:64182:0:1	52.039054	6.966363	bus	NO_MATCH					825	Sabstätte, Mathmann		POINT(6.966363 52.039054)
2263	Quantwick	Vogelsang	de:05554:21312:0:1	52.047093	6.975742	bus	NO_MATCH					825	Quantwick, Abzw. Düwing Dyk / Quantwick, Wilkes		POINT(6.975742 52.047093)
2264	Quantwick	Wilkes	de:05554:21313:0:1	52.04101	6.972517	bus	NO_MATCH					825	Quantwick, Kersting		POINT(6.972517 52.04101)
2265	Raesfeld	Alexanderschule	de:05554:30643:0:1	51.771702	6.840204		NO_MATCH_AND_SEEMS_UNSERVED								POINT(6.840204 51.771702)
2266	Raesfeld	Alexanderschule	de:05554:30643:0:2	51.771635	6.840249		NO_MATCH_AND_SEEMS_UNSERVED								POINT(6.840249 51.771635)
2267	Raesfeld	Alexanderschule	de:05554:30643:0:3	51.771579	6.840321		NO_MATCH_AND_SEEMS_UNSERVED								POINT(6.840321 51.771579)
2268	Raesfeld	Alferdingweg	de:05554:35900	51.77273	6.780951		NO_MATCH_AND_SEEMS_UNSERVED								POINT(6.780951 51.77273)
2269	Raesfeld	Barnefeld	de:05554:30050:0:2	51.737903	6.816767		NO_MATCH_AND_SEEMS_UNSERVED								POINT(6.816767 51.737903)
2270	Raesfeld	Bleker	de:05554:30045:0:2	51.760527	6.871196		MATCHED	n416134610	3.4	0.7	Bleker				LINESTRING(6.871196 51.760527,6.871226600000001 51.760502800000005)
2271	Raesfeld	Bone	de:05554:30029:0:2	51.788542	6.815949		MATCHED	n2937972073	12.2	0.43	Bone				LINESTRING(6.815949 51.788542,6.815775 51.788560700000005)
2272	Raesfeld	Bonhoff	de:05554:34674:0:1	51.759443	6.777394	bus	MATCHED_THOUGH_REVERSED_DIR	n3593515120	34.7	1.0	Bonhoff	72	Raesfeld, Wehling	Havelich	LINESTRING(6.777394 51.759443,6.776893200000001 51.7594137)
2273	Raesfeld	Bonhoff	de:05554:34674:0:2	51.759371	6.776908	bus	MATCHED_THOUGH_REVERSED_DIR	n3593515119	34.6	1.0	Bonhoff	72	Hamminkeln Havelich	Wehling	LINESTRING(6.776908 51.759371,6.7774068000000005 51.759396300000006)
2274	Raesfeld	Brings	de:05554:30667:0:1	51.774637	6.854496	bus	NO_MATCH					724	Raesfeld, Hof Fasselt		POINT(6.854496 51.774637)
2275	Raesfeld	Brökerstegge	de:05554:30668:0:1	51.772274	6.845468	bus	MATCHED	n1409380532	17.9	0.41	Brökerstegge	724	Raesfeld, Brings		LINESTRING(6.845468 51.772274,6.8454126 51.772116800000006)
2276	Raesfeld	Brömmel	de:05554:30042:0:2	51.761384	6.899564		NO_MATCH_AND_SEEMS_UNSERVED								POINT(6.899564 51.761384)
2277	Raesfeld	Böckenhoff	de:05554:29980:0:2	51.754505	6.893025		NO_MATCH_AND_SEEMS_UNSERVED								POINT(6.893025 51.754505)
2278	Raesfeld	Cluse	de:05554:30031:0:2	51.784674	6.819192		MATCHED	n2937972074	11.9	0.44	Cluse				LINESTRING(6.819192 51.784674,6.8190486 51.7847341)
2279	Raesfeld	Drögenkamp	de:05554:30646:1:01	51.762473	6.852493	bus	MATCHED	n1409380536	27.0	1.0	Drögenkamp	293,71,721,R21	Raesfeld, Zum Osterkamp / Erle, Silvesterstraße / Raesfeld, Zum Osterkamp	Zum Osterkamp	LINESTRING(6.852493 51.762473,6.852377400000001 51.762705200000006)
2280	Raesfeld	Drögenkamp	de:05554:30646:1:02	51.762518	6.852394	bus	MATCHED	n3634234542	6.3	1.0	Drögenkamp	71,721,R21	Erle, Silvesterstraße	Silvesterstraße	LINESTRING(6.852394 51.762518,6.8524400000000005 51.762468600000005)
2281	Raesfeld	Ebbert	de:05554:30049:0:2	51.744422	6.805942		NO_MATCH_AND_SEEMS_UNSERVED								POINT(6.805942 51.744422)
2282	Raesfeld	Epping	de:05554:30026:0:2	51.783846	6.76691		NO_MATCH_AND_SEEMS_UNSERVED								POINT(6.76691 51.783846)
2283	Raesfeld	Grewing	de:05554:31580:0:2	51.761389	6.878355		MATCHED	n416134600	4.8	0.64	Grewing				LINESTRING(6.878355 51.761389,6.8784238 51.7613871)
2284	Raesfeld	Grotendorst	de:05554:30051:0:2	51.739933	6.835595		NO_MATCH_AND_SEEMS_UNSERVED								POINT(6.835595 51.739933)
2285	Raesfeld	Grunden	de:05554:30027:0:2	51.788397	6.779945		NO_MATCH_AND_SEEMS_UNSERVED								POINT(6.779945 51.788397)
2286	Raesfeld	Grunewald	de:05554:30040:0:2	51.773403	6.912734		NO_MATCH_AND_SEEMS_UNSERVED								POINT(6.912734 51.773403)
2287	Raesfeld	Gröniger	de:05554:30044:0:2	51.758948	6.886224		MATCHED	n416134580	164.9	0.06	Gröniger				LINESTRING(6.886224 51.758948,6.887552 51.757715600000004)
2288	Raesfeld	Heetwissenweg	de:05554:30036:0:2	51.7808	6.850364		MATCHED	n1409380544	31.3	0.24	Heetwissenweg				LINESTRING(6.850364 51.7808,6.8500778 51.78101830000001)
2289	Raesfeld	Hof Fasselt	de:05554:30666:0:1	51.7797	6.873459	bus	NO_MATCH					724	Marbeck, Knufmann		POINT(6.873459 51.7797)
2290	Raesfeld	Hoher Kamp	de:05554:35304:0:1	51.773481	6.838129	bus	MATCHED	n2937935590	39.6	1.0	Hoher Kamp	721,R21	Raesfeld, Kemming	Kemming	LINESTRING(6.838129 51.773481,6.8382483 51.773133)
2291	Raesfeld	Hoher Kamp	de:05554:35304:0:2	51.773419	6.83812	bus	MATCHED	n2937935589	51.3	1.0	Hoher Kamp	721,R21	Raesfeld, Sebastianschule / Raesfeld, Kirche	Kirche	LINESTRING(6.83812 51.773419,6.838133200000001 51.772957600000005)
2292	Raesfeld	Homer Klümper	de:05554:30782:0:1	51.788086	6.767889		NO_MATCH_AND_SEEMS_UNSERVED								POINT(6.767889 51.788086)
2293	Raesfeld	Homer Schule	de:05554:30019:0:2	51.782657	6.77336		NO_MATCH_AND_SEEMS_UNSERVED								POINT(6.77336 51.782657)
2294	Raesfeld	Homerstegge	de:05554:30020:0:2	51.782034	6.778696		NO_MATCH_AND_SEEMS_UNSERVED								POINT(6.778696 51.782034)
2295	Raesfeld	Honvelmann	de:05554:30052:0:2	51.740534	6.84589		NO_MATCH_AND_SEEMS_UNSERVED								POINT(6.84589 51.740534)
2296	Raesfeld	Huge	de:05554:30017:0:2	51.777838	6.755017		NO_MATCH_AND_SEEMS_UNSERVED								POINT(6.755017 51.777838)
2297	Raesfeld	Hußmann	de:05554:30046:0:2	51.759988	6.858583		MATCHED	n416134611	14.5	0.39	Hußmann				LINESTRING(6.858583 51.759988,6.8584012 51.760052900000005)
2298	Raesfeld	Julia-Koppers-Ges. 	de:05554:30670:0:1	51.771941	6.840572	bus	NO_MATCH					725,726	Marbeck, Gärtn.Weddeling / Marbeck, Im Kühl / Grütlohn, Grütering		POINT(6.840572 51.771941)
2299	Raesfeld	Kemming	de:05554:30642:0:1	51.779589	6.839287	bus	MATCHED	n1906800827	10.0	1.0	Kemming	721,R21	Raesfeld, Neue Siedlung	Neue Siedlung	LINESTRING(6.839287 51.779589,6.839431800000001 51.779595300000004)
2300	Raesfeld	Kemming	de:05554:30642:0:2	51.779489	6.839162	bus	MATCHED	n5526058514	7.3	1.0	Kemming	721,R21	Raesfeld, Hoher Kamp	Hoher Kamp	LINESTRING(6.839162 51.779489,6.8390778 51.7795289)
2301	Raesfeld	Kirche	de:05554:30644:0:1	51.77079	6.838371	bus	MATCHED	n5526118713	132.9	1.0	Kirche	R21	Raesfeld, Zum Osterkamp / Raesfeld, Hoher Kamp	Hoher Kamp	LINESTRING(6.838371 51.77079,6.8400584 51.770214900000006)
2302	Raesfeld	Kirche	de:05554:30644:0:2	51.770779	6.838398	bus	MATCHED	n1409380562	192.2	1.0	Kirche	R21	Raesfeld, Rathaus / Raesfeld, Zum Osterkamp	Zum Osterkamp / Weseler Straße	LINESTRING(6.838398 51.770779,6.8405288 51.7696673)
2303	Raesfeld	Krommerter Weg	de:05554:30944:0:2	51.782434	6.764018		MATCHED_THOUGH_OSM_NO_NAME	n648693572	7.8	0.17					LINESTRING(6.764018 51.782434,6.7639148 51.7824059)
2304	Raesfeld	Leiting	de:05554:35665:0:1	51.790898	6.764691		NO_MATCH_AND_SEEMS_UNSERVED								POINT(6.764691 51.790898)
2305	Raesfeld	Liesner	de:05554:29992:0:2	51.760283	6.783125		NO_MATCH_AND_SEEMS_UNSERVED								POINT(6.783125 51.760283)
2306	Raesfeld	Loker	de:05554:30032:0:2	51.792637	6.827987		NO_MATCH_AND_SEEMS_UNSERVED								POINT(6.827987 51.792637)
2307	Raesfeld	Marpert	de:05554:30023:0:2	51.762206	6.771653		NO_MATCH_AND_SEEMS_UNSERVED								POINT(6.771653 51.762206)
2308	Raesfeld	Martinschule	de:05554:30030:0:2	51.78768	6.820944		NO_MATCH_AND_SEEMS_UNSERVED								POINT(6.820944 51.78768)
2309	Raesfeld	Maxstraße	de:05554:30048:0:2	51.74648	6.818177		MATCHED	n3522289400	5.2	0.62	Maxstraße				LINESTRING(6.818177 51.74648,6.818154000000001 51.746524400000006)
2310	Raesfeld	Möllmannsweg	de:05554:30028:0:1	51.788675	6.792315		MATCHED	n416570798	19.8	0.3	Möllmannweg				LINESTRING(6.792315 51.788675,6.792073500000001 51.788579500000004)
2311	Raesfeld	Nagel	de:05554:30033:0:2	51.799365	6.838668		NO_MATCH_AND_SEEMS_UNSERVED								POINT(6.838668 51.799365)
2312	Raesfeld	Neue Siedlung	de:05554:30641:0:1	51.789081	6.843213	bus	MATCHED	n1906806123	24.5	1.0	Neue Siedlung	721,R21	Marbeck, Waidmannsheil	Waidmannsheil	LINESTRING(6.843213 51.789081,6.843304900000001 51.7892938)
2313	Raesfeld	Neue Siedlung	de:05554:30641:0:2	51.789331	6.843204	bus	MATCHED	n5526058517	22.8	1.0	Neue Siedlung	721,R21	Raesfeld, Kemming	Kemming	LINESTRING(6.843204 51.789331,6.843087700000001 51.789139500000005)
2314	Raesfeld	Nienhaus	de:05554:30025:0:2	51.764291	6.811682		NO_MATCH_AND_SEEMS_UNSERVED								POINT(6.811682 51.764291)
2315	Raesfeld	Paschenvenne	de:05554:30021:0:2	51.777288	6.78811		NO_MATCH_AND_SEEMS_UNSERVED								POINT(6.78811 51.777288)
2316	Raesfeld	Paß	de:05554:29981:0:2	51.752453	6.861152		NO_MATCH_AND_SEEMS_UNSERVED								POINT(6.861152 51.752453)
2317	Raesfeld	Rathaus	de:05554:35488:0:1	51.768194	6.837437	bus	NO_MATCH_BUT_OTHER_PLATFORM_MATCHED					72	Raesfeld, Kirche		POINT(6.837437 51.768194)
2318	Raesfeld	Rathaus	de:05554:35488:0:2	51.768188	6.837446	bus	MATCHED_THOUGH_NAMES_DIFFER	n1446928134	57.8	0.23	Weseler Straße	72	Raesfeld, Schloss	Schloss	LINESTRING(6.837446 51.768188,6.837601800000001 51.7686981)
2319	Raesfeld	Rentmeister	de:05554:30043:0:2	51.749189	6.891803		NO_MATCH_AND_SEEMS_UNSERVED								POINT(6.891803 51.749189)
2320	Raesfeld	Roringshook	de:05554:30038:0:2	51.767794	6.85888		NO_MATCH_AND_SEEMS_UNSERVED								POINT(6.85888 51.767794)
2321	Raesfeld	Schloss	de:05554:35489:0:1	51.767227	6.829891	bus	MATCHED	n1490290673	23.1	0.53	Schloss	72	Raesfeld, Rathaus	Weseler Straße	LINESTRING(6.829891 51.767227,6.8302258 51.7672171)
2322	Raesfeld	Schloss	de:05554:35489:0:2	51.767271	6.830214	bus	MATCHED	n1490290674	23.5	0.53	Schloss	72	Raesfeld, Wehling	Wehling	LINESTRING(6.830214 51.767271,6.829875100000001 51.767290700000004)
2323	Raesfeld	Schulten Matt	de:05554:30037:0:2	51.773002	6.852313		MATCHED	n2113431070	5.5	0.61	Schulten Matt				LINESTRING(6.852313 51.773002,6.8522886000000005 51.773049400000005)
2324	Raesfeld	Sebastianschule	de:05554:30039:0:1	51.768911	6.833017	bus	MATCHED	n13514957576	14.5	0.25	Grundschule	721	Raesfeld, Hoher Kamp		LINESTRING(6.833017 51.768911,6.8332044000000005 51.768852900000006)
2325	Raesfeld	Sebastianschule	de:05554:30039:0:2	51.768789	6.833116	bus	NO_MATCH_BUT_OTHER_PLATFORM_MATCHED					721,R21	Raesfeld, Zum Osterkamp / Raesfeld, Weseler Straße		POINT(6.833116 51.768789)
2326	Raesfeld	Sebastianschule	de:05554:30039:0:3	51.768761	6.833188		MATCHED	n13514957577	5.9	0.29	Grundschule				LINESTRING(6.833188 51.768761,6.8331203 51.7687292)
2327	Raesfeld	Steensiepe	de:05554:30047:0:2	51.75044	6.835946		NO_MATCH_AND_SEEMS_UNSERVED								POINT(6.835946 51.75044)
2328	Raesfeld	Steinkamp	de:05554:31557:0:2	51.737653	6.801909		NO_MATCH_AND_SEEMS_UNSERVED								POINT(6.801909 51.737653)
2329	Raesfeld	Stenert	de:05554:30034:0:2	51.797159	6.807029		MATCHED	n1447653568	4.9	0.63	Stenert				LINESTRING(6.807029 51.797159,6.8070909 51.7971803)
2330	Raesfeld	Stuke	de:05554:30024:0:2	51.761211	6.790392		MATCHED	n3170930372	6.0	0.59	Stuke				LINESTRING(6.790392 51.761211,6.790304600000001 51.761212500000006)
2331	Raesfeld	Sundern	de:05554:30053:0:2	51.742403	6.854065		NO_MATCH_AND_SEEMS_UNSERVED								POINT(6.854065 51.742403)
2332	Raesfeld	Terhart	de:05554:34672	51.771752	6.787266		NO_MATCH_AND_SEEMS_UNSERVED								POINT(6.787266 51.771752)
2333	Raesfeld	Thiehof	de:05554:30041:0:2	51.767627	6.903957		MATCHED	n2937936759	6.1	0.59	Thiehoff				LINESTRING(6.903957 51.767627,6.9040314 51.7676567)
2334	Raesfeld	Tünte	de:05554:34673	51.765359	6.786565		NO_MATCH_AND_SEEMS_UNSERVED								POINT(6.786565 51.765359)
2335	Raesfeld	Vinnepand	de:05554:30022:0:2	51.773592	6.782909		NO_MATCH_AND_SEEMS_UNSERVED								POINT(6.782909 51.773592)
2336	Raesfeld	Wachtmeister	de:05554:30035:0:2	51.785813	6.77265		NO_MATCH_AND_SEEMS_UNSERVED								POINT(6.77265 51.785813)
2337	Raesfeld	Weddeling	de:05554:30018:0:2	51.781573	6.766066		NO_MATCH_AND_SEEMS_UNSERVED								POINT(6.766066 51.781573)
2338	Raesfeld	Wehling	de:05554:31536:0:1	51.763291	6.804747	bus	MATCHED_THOUGH_REVERSED_DIR	n5599659391	3.9	1.0	Wehling	72	Raesfeld, Schloss	Bonhoff	LINESTRING(6.804747 51.763291,6.804738800000001 51.7633256)
2339	Raesfeld	Wehling	de:05554:31536:0:2	51.763291	6.804684	bus	MATCHED_THOUGH_REVERSED_DIR	n3170930374	6.4	1.0	Wehling	72	Raesfeld, Bonhoff	Schloss	LINESTRING(6.804684 51.763291,6.8046907 51.7632338)
2340	Raesfeld	Weseler Straße	de:05554:30669:0:1	51.768655	6.837581	bus	MATCHED	n1446928125	9.2	1.0	Weseler Straße	721,R21	Raesfeld, Hoher Kamp / Raesfeld, Zum Osterkamp	Kirche	LINESTRING(6.837581 51.768655,6.8375905 51.7685723)
2341	Raesfeld	Zum Osterkamp	de:05554:30645:1:01	51.767844	6.845504	bus	MATCHED	n1409380568	21.6	1.0	Zum Osterkamp	293,71,721,R21	Raesfeld, Drögenkamp / Raesfeld, Kirche / Raesfeld, Sebastianschule	Hoher Kamp / Kirche	LINESTRING(6.845504 51.767844,6.8454978 51.768038100000005)
2342	Raesfeld	Zum Osterkamp	de:05554:30645:1:02	51.767894	6.8458	bus	MATCHED	n3634234570	15.6	1.0	Zum Osterkamp	293,71,721,R21	Raesfeld, Drögenkamp / Raesfeld, Kirche	Drögenkamp	LINESTRING(6.8458 51.767894,6.845586900000001 51.7678482)
2343	Ramsberg	Gabelpunkt	de:05554:16490:0:1	52.101523	7.206627	bus	MATCHED	n5300476790	54.7	1.0	Gabelpunkt	772,S70	Schöppingen, Sportplatz	Sportplatz	LINESTRING(7.206627 52.101523,7.205967800000001 52.101800000000004)
2344	Ramsberg	Gabelpunkt	de:05554:16490:0:2	52.101722	7.206411	bus	MATCHED	n5300476789	45.4	1.0	Gabelpunkt	772,S70	Heek, Wolbeck	Wolbeck	LINESTRING(7.206411 52.101722,7.205900700000001 52.10198200000001)
2345	Ramsberg	Gasth. Roters	de:05554:31008:0:1	52.098096	7.174736	bus	NO_MATCH					774,SV39	Ramsberg, Verkehrsinsel		POINT(7.174736 52.098096)
2346	Ramsberg	Gasth. Roters	de:05554:31008:0:2	52.098129	7.174817	bus	NO_MATCH					774	Gemen, Piepersweg		POINT(7.174817 52.098129)
2347	Ramsberg	Pflaumenstr. 1	de:05554:60055	52.075332	7.203815		NO_MATCH_AND_SEEMS_UNSERVED								POINT(7.203815 52.075332)
2348	Ramsberg	Ramsberg 48	de:05554:64360:0:1	52.101672	7.192846		NO_MATCH_AND_SEEMS_UNSERVED								POINT(7.192846 52.101672)
2349	Ramsberg	Ramsberg 77	de:05554:60040:0:1	52.107085	7.18857		NO_MATCH_AND_SEEMS_UNSERVED								POINT(7.18857 52.107085)
2350	Ramsberg	Verkehrsinsel	de:05554:31007:0:1	52.103173	7.200518	bus	NO_MATCH					774	Ramsberg, Gasth. Roters / Schöppingen, Sportplatz		POINT(7.200518 52.103173)
2351	Ramsberg	Verkehrsinsel	de:05554:31007:0:2	52.10325	7.200922		NO_MATCH_AND_SEEMS_UNSERVED								POINT(7.200922 52.10325)
2352	Ramsberg (Westf)	Ramsberg 9	de:05554:63890:0:1	52.083321	7.217065	bus	NO_MATCH					SV39	Heven, Eckrodt		POINT(7.217065 52.083321)
2353	Ramsdorf	Blecking	de:05554:30974:0:1	51.898208	6.922121	bus	NO_MATCH					751	Ramsdorf, Molkerei		POINT(6.922121 51.898208)
2354	Ramsdorf	Blecking	de:05554:30974:0:2	51.898064	6.922139	bus	NO_MATCH					751	Ramsdorf, Siedlung		POINT(6.922139 51.898064)
2355	Ramsdorf	Dorenfeld	de:05554:35747	51.901639	6.935829		NO_MATCH_AND_SEEMS_UNSERVED								POINT(6.935829 51.901639)
2356	Ramsdorf	Einck-Roßkamp	de:05554:34731	51.875436	6.924331		MATCHED	n1409380537	20.2	0.33	Einck-Roßkamp				LINESTRING(6.924331 51.875436,6.9240706 51.875519600000004)
2357	Ramsdorf	Heidener Landweg	de:05554:34733	51.874948	6.971681		MATCHED	n1270781630	6.0	0.61	Heidener Landweg				LINESTRING(6.971681 51.874948,6.9715943000000005 51.8749485)
2358	Ramsdorf	Heisterkamp	de:05554:36798:0:1	51.880422	6.922885		NO_MATCH_AND_SEEMS_UNSERVED								POINT(6.922885 51.880422)
2359	Ramsdorf	Heisterkamp	de:05554:36798:0:2	51.8804	6.922912		NO_MATCH_AND_SEEMS_UNSERVED								POINT(6.922912 51.8804)
2360	Ramsdorf	Hüging	de:05554:34735	51.877782	6.938345		NO_MATCH_AND_SEEMS_UNSERVED								POINT(6.938345 51.877782)
2361	Ramsdorf	Jägering	de:05554:34741	51.906694	6.925256		NO_MATCH_AND_SEEMS_UNSERVED								POINT(6.925256 51.906694)
2362	Ramsdorf	Knüverdarp	de:05554:34734	51.877449	6.949493		MATCHED	n1497215370	2.9	0.74	Knüverdarp				LINESTRING(6.949493 51.877449,6.9494616 51.8774669)
2363	Ramsdorf	Krückling-Pöpping	de:05554:34723	51.884924	6.889458		NO_MATCH_AND_SEEMS_UNSERVED								POINT(6.889458 51.884924)
2364	Ramsdorf	Limberg	de:05554:34730	51.867616	6.919345		NO_MATCH_AND_SEEMS_UNSERVED								POINT(6.919345 51.867616)
2365	Ramsdorf	Lünsberg	de:05554:30617:0:1	51.870228	6.905601	bus	MATCHED	n5364017722	4.7	1.0	Lünsberg	751,R51	Gemen, Ev.Johanneskirche	Evangelische Johanneskirche	LINESTRING(6.905601 51.870228,6.9055550000000006 51.8702594)
2366	Ramsdorf	Lünsberg	de:05554:30617:0:2	51.870922	6.906544	bus	MATCHED	n2538514609	1.2	1.0	Lünsberg	751,R51	Ramsdorf, Niehues	Niehues	LINESTRING(6.906544 51.870922,6.9065539000000005 51.870912600000004)
2367	Ramsdorf	Molkerei	de:05554:30613:0:1	51.890829	6.920109	bus	NO_MATCH					751	Ramsdorf, Ortsmitte		POINT(6.920109 51.890829)
2368	Ramsdorf	Molkerei	de:05554:30613:0:2	51.890929	6.920064	bus	NO_MATCH					751	Ramsdorf, Blecking		POINT(6.920064 51.890929)
2369	Ramsdorf	Niehues	de:05554:30616:0:1	51.882041	6.9171	bus	MATCHED	n5298900680	8.4	1.0	Niehues	751,N20,R51	Ramsdorf, Ortsmitte / Ramsdorf, Lünsberg / Borken, Jahnstr.	Evangelische Johanneskirche / Lünsberg	LINESTRING(6.9171 51.882041,6.9170322 51.881978200000006)
2370	Ramsdorf	Niehues	de:05554:30616:0:2	51.882041	6.91727	bus	MATCHED	n5298900681	2.8	1.0	Niehues	751,N20,R51	Velen, Schloss / Gemen, Ev.Johanneskirche / Ramsdorf, Ortsmitte	Ortsmitte	LINESTRING(6.91727 51.882041,6.9172883 51.882018800000004)
2371	Ramsdorf	Niehues-Wessendorf	de:05554:35570	51.883355	6.904182		NO_MATCH_AND_SEEMS_UNSERVED								POINT(6.904182 51.883355)
2372	Ramsdorf	Ortsmitte	de:05554:30615:0:1	51.886006	6.920217	bus	MATCHED	n2538514624	2.3	1.0	Ortsmitte	751,N20,R51	Velen, Schloss / Ramsdorf, Niehues	Niehues	LINESTRING(6.920217 51.886006,6.9201912000000005 51.886019700000006)
2373	Ramsdorf	Ortsmitte	de:05554:30615:0:2	51.885911	6.920145	bus	MATCHED	n844596180	6.1	1.0	Ortsmitte	751,N20,R51	Velen, Schloss / Waldvelen, Sievers / Ramsdorf, Molkerei / Ramsdorf, Niehues	Schloß / Sievers	LINESTRING(6.920145 51.885911,6.9201256 51.885857200000004)
2374	Ramsdorf	Pöpping	de:05554:24065:0:1	51.887303	6.912877		NO_MATCH_AND_SEEMS_UNSERVED								POINT(6.912877 51.887303)
2375	Ramsdorf	Pöpping	de:05554:24065:0:2	51.887131	6.912725		NO_MATCH_AND_SEEMS_UNSERVED								POINT(6.912725 51.887131)
2376	Ramsdorf	Schildger	de:05554:34732	51.880649	6.932164		NO_MATCH_AND_SEEMS_UNSERVED								POINT(6.932164 51.880649)
2377	Ramsdorf	Schule	de:05554:31341	51.885507	6.916605		NO_MATCH_AND_SEEMS_UNSERVED								POINT(6.916605 51.885507)
2378	Ramsdorf	Sekundarschule Rams. 	de:05554:30619:0:1	51.891605	6.924996		NO_MATCH_AND_SEEMS_UNSERVED								POINT(6.924996 51.891605)
2379	Ramsdorf	Sekundarschule Rams. 	de:05554:30619:0:2	51.891605	6.924825		NO_MATCH_AND_SEEMS_UNSERVED								POINT(6.924825 51.891605)
2380	Ramsdorf	Siedlung	de:05554:30612:0:1	51.907569	6.916839	bus	MATCHED	n1409380563	10.9	0.52	Ramsdorf Siedlung	751	Ramsdorf, Blecking		LINESTRING(6.916839 51.907569,6.916699 51.907614800000005)
2381	Ramsdorf	Siedlung	de:05554:30612:0:2	51.907741	6.916794	bus	MATCHED	n1409380564	9.2	0.56	Ramsdorf Siedlung	751	Holthausen, Barnsfeld		LINESTRING(6.916794 51.907741,6.9168652 51.907671500000006)
2382	Ramsdorf	Siemensstraße	de:05554:36866	51.877865	6.918851		NO_MATCH_AND_SEEMS_UNSERVED								POINT(6.918851 51.877865)
2383	Ramsdorf	Stratmann	de:05554:34744	51.885939	6.944813		MATCHED	n1497215433	13.7	0.42	Stratmann				LINESTRING(6.944813 51.885939,6.9447416 51.8858241)
2384	Ramsdorf	Wagenfort	de:05554:35111:0:1	51.871443	6.920926		NO_MATCH_AND_SEEMS_UNSERVED								POINT(6.920926 51.871443)
2385	Ramsdorf	Walb. Grundschule	de:05554:34729	51.888517	6.923118		NO_MATCH_AND_SEEMS_UNSERVED								POINT(6.923118 51.888517)
2386	Ramsdorf-Holthausen	Bone	de:05554:34740	51.916264	6.913686		NO_MATCH_AND_SEEMS_UNSERVED								POINT(6.913686 51.916264)
2387	Ramsdorf-Holthausen	Bröring	de:05554:34736	51.934135	6.89978		NO_MATCH_AND_SEEMS_UNSERVED								POINT(6.89978 51.934135)
2388	Ramsdorf-Holthausen	Böing	de:05554:34738	51.927045	6.896331		NO_MATCH_AND_SEEMS_UNSERVED								POINT(6.896331 51.927045)
2389	Ramsdorf-Holthausen	Deppe	de:05554:34739	51.919621	6.900274		NO_MATCH_AND_SEEMS_UNSERVED								POINT(6.900274 51.919621)
2390	Rhede	Am Böwing	de:05554:30628:0:1	51.835515	6.707029	bus	MATCHED	n5361948982	6.4	1.0	Am Böwing	750,751,R51	Rhede, Gudulakirche	Gudulakirche	LINESTRING(6.707029 51.835515,6.707072200000001 51.835565800000005)
2391	Rhede	Am Böwing	de:05554:30628:0:2	51.835366	6.707181	bus	MATCHED	n5361948981	9.2	1.0	Am Böwing	750,R51	Rhedebrügge, Waldschenke / Rhede, Otto-Hahn-Straße / Rhede, Ludgerusschule	Otto-Hahn-Straße	LINESTRING(6.707181 51.835366,6.707084200000001 51.835422400000006)
2392	Rhede	Am Hüning	de:05554:35346:0:1	51.832873	6.696015	bus	MATCHED	n10677767702	104.5	1.0	Am Hüning	752	Rhede, Körnerstr./Wibbeltstr.		LINESTRING(6.696015 51.832873,6.6959644 51.8319343)
2393	Rhede	Am Hüning	de:05554:35346:0:2	51.833106	6.696033	bus	MATCHED	n10677767703	128.9	1.0	Am Hüning	752	Rhede, Rudolf-Diesel-Str.		LINESTRING(6.696033 51.833106,6.696074500000001 51.831947500000005)
2394	Rhede	Am Prinzenbusch	de:05554:36581:0:1	51.839995	6.709948		MATCHED	n5569690599	1.4	1.0	Am Prinzenbusch				LINESTRING(6.709948 51.839995,6.7099415 51.8399829)
2395	Rhede	Bahnhofstraße	de:05554:35329:0:1	51.836981	6.697497		MATCHED	n5568086008	66.7	1.0	Bahnhofstraße				LINESTRING(6.697497 51.836981,6.6981063 51.83651570000001)
2396	Rhede	Bahnhofstraße	de:05554:35329:0:2	51.836859	6.69774		MATCHED	n10677820215	13.0	1.0	Bahnhofstraße				LINESTRING(6.69774 51.836859,6.697552600000001 51.8368504)
2397	Rhede	Beethovenstraße	de:05554:36580:0:1	51.837392	6.712445		MATCHED	n5569690601	17.9	1.0	Beethovenstraße				LINESTRING(6.712445 51.837392,6.7122032 51.837451900000005)
2398	Rhede	Boomstegge	de:05554:35343:0:1	51.857836	6.707891		MATCHED	n539843460	38.6	0.18	Broomstegge				LINESTRING(6.707891 51.857836,6.7073384 51.85789320000001)
2399	Rhede	Bruktererstr. 	de:05554:35330:0:1	51.849085	6.691613		NO_MATCH_AND_SEEMS_UNSERVED								POINT(6.691613 51.849085)
2400	Rhede	Bruktererstr. 	de:05554:35330:0:2	51.848425	6.692125	bus	MATCHED	n5571163289	4.2	1.0	Brukterer Straße	750	Rhede, Im Schlatt		LINESTRING(6.692125 51.848425,6.6921853 51.8484191)
2401	Rhede	Edith-Stein-Str. 	de:05554:35345:0:1	51.848342	6.692081	bus	MATCHED	n5571163288	6.6	1.0	Edith-Stein-Straße	750	Rhede, Gudulakirche		LINESTRING(6.692081 51.848342,6.6919921 51.8483188)
2402	Rhede	Edith-Stein-Str. 	de:05554:35345:0:2	51.847742	6.692539		NO_MATCH_AND_SEEMS_UNSERVED								POINT(6.692539 51.847742)
2403	Rhede	Friedhof	de:05554:35326:0:1	51.8408	6.684678		NO_MATCH_AND_SEEMS_UNSERVED								POINT(6.684678 51.8408)
2404	Rhede	Gasthof Eming	de:05554:21705:0:1	51.836997	6.685226	bus	MATCHED	n5361948992	3.5	1.0	Gasthof Eming	731,750,751,R51	Giethorst, Euregio-Gymnasium / Rhede, Haus Tenking	Haus Tenking	LINESTRING(6.685226 51.836997,6.685265800000001 51.837017200000005)
2405	Rhede	Gasthof Eming	de:05554:21705:0:2	51.836953	6.685415	bus	MATCHED	n5361948991	2.3	1.0	Gasthof Eming	731,750,R51	Rhede, Schillerstraße / Rhede, Gudulakirche	Schillerstraße	LINESTRING(6.685415 51.836953,6.6854456 51.836945500000006)
2406	Rhede	Gasthof Eming	de:05554:21705:0:3	51.837014	6.685514		NO_MATCH_AND_SEEMS_UNSERVED								POINT(6.685514 51.837014)
2407	Rhede	Grüner Weg	de:05554:30689:0:1	51.8456	6.693859	bus	MATCHED	n10677678589	9.0	0.58	Grüner Weg	731	Rhede, Spoler		LINESTRING(6.693859 51.8456,6.693804 51.8455269)
2408	Rhede	Grüner Weg	de:05554:30689:0:2	51.845312	6.693895	bus	MATCHED_THOUGH_DISTANT	n221481092	379.8	0.05	Grüner Weg	731	Rhede, Gudulakirche		LINESTRING(6.693895 51.845312,6.6960728000000005 51.842176300000006)
2409	Rhede	Grüner Weg	de:05554:30689:0:4	51.845417	6.693868		NO_MATCH_AND_SEEMS_UNSERVED								POINT(6.693868 51.845417)
2410	Rhede	Gudulakirche	de:05554:30629:0:1	51.840872	6.696644	bus	MATCHED	n4675674821	8.3	1.0	Gudulakirche	731,750,751,N51,R51	Rhede, Grüner Weg / Rhede, Schillerstraße / Rhede, Gasthof Eming / Bocholt, Fachhochschule	Fachhochschule / Schillerstraße	LINESTRING(6.696644 51.840872,6.6967606 51.840890900000005)
2411	Rhede	Gudulakirche	de:05554:30629:0:2	51.840794	6.69668	bus	MATCHED	n4675674820	14.5	1.0	Gudulakirche	750,N51,R51	Rhede, Bruktererstr. / Rhede, Am Böwing / Rhedebrügge, Ortsmitte	Ortsmitte / Am Böwing	LINESTRING(6.69668 51.840794,6.6968814000000005 51.8407575)
2412	Rhede	Gudulakirche	de:05554:30629:0:3	51.840811	6.696599		NO_MATCH_AND_SEEMS_UNSERVED								POINT(6.696599 51.840811)
2413	Rhede	Gudulakirche	de:05554:30629:0:4	51.8408	6.696958		NO_MATCH_AND_SEEMS_UNSERVED								POINT(6.696958 51.8408)
2414	Rhede	Hallen-/Freibad	de:05554:35327:0:1	51.831674	6.686313		MATCHED	n5569651023	9.7	1.0	Hallen-/Freibad				LINESTRING(6.686313 51.831674,6.6862294 51.831604000000006)
2415	Rhede	Haus Tenking	de:05554:30632:0:1	51.838391	6.663936	bus	MATCHED	n5361948996	9.0	1.0	Haus Tenking	731,751,R51	Bocholt, Fachhochschule	Fachhochschule	LINESTRING(6.663936 51.838391,6.6640556 51.8384243)
2416	Rhede	Haus Tenking	de:05554:30632:0:2	51.838102	6.66549	bus	MATCHED	n5361948995	4.2	1.0	Haus Tenking	731,R51	Rhede, Gasthof Eming	Gasthof Eming	LINESTRING(6.66549 51.838102,6.6654289 51.838106100000005)
2417	Rhede	Heilig-Geist-Str. 	de:05554:35332	51.853502	6.696599		NO_MATCH_AND_SEEMS_UNSERVED								POINT(6.696599 51.853502)
2418	Rhede	Hohes Rott	de:05554:36578:0:1	51.834644	6.712715		MATCHED	n5569690604	7.5	1.0	Hohes Rott				LINESTRING(6.712715 51.834644,6.7127873000000005 51.834594100000004)
2419	Rhede	Im Schlatt	de:05554:35331:0:1	51.850711	6.69138		NO_MATCH_AND_SEEMS_UNSERVED								POINT(6.69138 51.850711)
2420	Rhede	Im Schlatt	de:05554:35331:0:2	51.850706	6.69138	bus	MATCHED	n10677678597	6.2	1.0	Im Schlatt	750	Rhede, Gasthof Eming		LINESTRING(6.69138 51.850706,6.691457000000001 51.8506778)
2421	Rhede	Krechting	de:05554:29852	51.819781	6.696913		NO_MATCH_AND_SEEMS_UNSERVED								POINT(6.696913 51.819781)
2422	Rhede	Kölner Str. 	de:05554:35344:0:1	51.850811	6.691335	bus	MATCHED	n10677678595	8.9	1.0	Kölner Straße	750	Rhede, Edith-Stein-Str.		LINESTRING(6.691335 51.850811,6.6912411 51.850865500000005)
2423	Rhede	Kölner Str. 	de:05554:35344:0:2	51.850817	6.691326		NO_MATCH_AND_SEEMS_UNSERVED								POINT(6.691326 51.850817)
2424	Rhede	Körnerstr. /Wibbeltstr. 	de:05554:35347:0:1	51.829448	6.695314	bus	MATCHED	n3137337351	24.5	1.0	Körnerstraße/Wibbeltstraße	752	Krechting, Lönsweg/Krechting		LINESTRING(6.695314 51.829448,6.6949594 51.829458100000004)
2425	Rhede	Körnerstr. /Wibbeltstr. 	de:05554:35347:0:2	51.829453	6.695117	bus	MATCHED	n5568440411	21.3	1.0	Körnerstraße/Wibbeltstraße	752	Rhede, Am Hüning		LINESTRING(6.695117 51.829453,6.695411900000001 51.82939450000001)
2426	Rhede	Ludgerusschule	de:05554:30655:0:1	51.833739	6.694551	bus	MATCHED	n11500747429	16.7	1.0	Ludgerusschule	750,S75	Bocholt, Fachhochschule / Giethorst, Euregio-Gymnasium	Fachhochschule	LINESTRING(6.694551 51.833739,6.694439600000001 51.8338727)
2427	Rhede	Ludgerusschule	de:05554:30655:0:2	51.833861	6.694254	bus	MATCHED	n11500747430	14.5	1.0	Ludgerusschule	S75	Rhede, Otto-Hahn-Straße	Otto-Hahn-Straße	LINESTRING(6.694254 51.833861,6.694382500000001 51.8337578)
2428	Rhede	Mühlenweg	de:05554:36579:0:1	51.836265	6.715545		MATCHED	n5569690603	2.3	1.0	Mühlenweg				LINESTRING(6.715545 51.836265,6.715570100000001 51.8362515)
2429	Rhede	Otto-Hahn-Straße	de:05554:37230:0:1	51.832174	6.718527	bus	MATCHED	n9202375016	0.9	1.0	Otto-Hahn-Straße	R51,S75	Rhede, Ludgerusschule / Rhede, Am Böwing	Am Böwing / Ludgerusschule	LINESTRING(6.718527 51.832174,6.718528200000001 51.8321825)
2430	Rhede	Otto-Hahn-Straße	de:05554:37230:0:2	51.831835	6.720907	bus	MATCHED	n9202375015	2.2	1.0	Otto-Hahn-Straße	R51,S75	Rhedebrügge, Ortsmitte / Rhedebrügge, Waldschenke	Waldschänke / Ortsmitte	LINESTRING(6.720907 51.831835,6.7208936 51.8318171)
2431	Rhede	Paßkamp	de:05554:36582:0:1	51.837636	6.707963		MATCHED	n1277542769	7.6	1.0	Paßkamp				LINESTRING(6.707963 51.837636,6.707887800000001 51.8376858)
2432	Rhede	Rathaus	de:05554:35432:0:2	51.839562	6.694263		MATCHED	n5569722389	0.6	0.88	Rathaus				LINESTRING(6.694263 51.839562,6.6942561000000005 51.839564700000004)
2433	Rhede	Rudolf-Diesel-Str. 	de:05554:36806:0:1	51.83591	6.699689	bus	NO_MATCH_BUT_OTHER_PLATFORM_MATCHED					752	Rhede, Am Hüning		POINT(6.699689 51.83591)
2434	Rhede	Rudolf-Diesel-Str. 	de:05554:36806:0:2	51.835943	6.699474	bus	MATCHED	n3137410940	17.7	0.34	Rudolf-Diesel-Straße	752	Krommert, Renzelhook		LINESTRING(6.699474 51.835943,6.6992237 51.8359055)
2435	Rhede	Schillerstraße	de:05554:30630:0:1	51.837847	6.689898	bus	MATCHED	n5361948987	1.8	1.0	Schillerstraße	731,751,R51	Rhede, Gasthof Eming	Gasthof Eming	LINESTRING(6.689898 51.837847,6.689923800000001 51.837848300000005)
2436	Rhede	Schillerstraße	de:05554:30630:0:2	51.837763	6.689916	bus	MATCHED	n5361948988	5.0	1.0	Schillerstraße	731,R51	Rhede, Gudulakirche / Rhede, Gudulakirche	Gudulakirche	LINESTRING(6.689916 51.837763,6.689985200000001 51.8377756)
2437	Rhede	Spoler	de:05554:30690:0:1	51.851438	6.700435	bus	MATCHED	n1455682598	17.0	1.0	Spoler	731	Vardingholt, Hagelkreuz		LINESTRING(6.700435 51.851438,6.700670000000001 51.851483300000005)
2438	Rhede	Spoler	de:05554:30690:0:2	51.851521	6.700588	bus	MATCHED	n1455682597	22.7	1.0	Spoler	731	Rhede, Grüner Weg		LINESTRING(6.700588 51.851521,6.7003097 51.851411500000005)
2439	Rhede	Spoler/Schule	de:05554:35335:0:2	51.859738	6.699051		MATCHED	n1455682599	2.2	1.0	Spoler/Schule				LINESTRING(6.699051 51.859738,6.699036 51.859720700000004)
2440	Rhede	Spolerstraße	de:05554:35334:0:2	51.852681	6.700579		MATCHED	n1455682600	14.0	0.4	Spolerstraße				LINESTRING(6.700579 51.852681,6.7006141 51.852557100000006)
2441	Rhede	Winkelhauser Esch	de:05554:35328:0:1	51.833167	6.689538		MATCHED	n5569651021	3.1	1.0	Winkelhauser Esch				LINESTRING(6.689538 51.833167,6.689504400000001 51.833186100000006)
2442	Rhede	Wissingkamp	de:05554:35333:0:2	51.8511	6.697408		MATCHED	n10677678592	20.0	0.32	Wissingkamp				LINESTRING(6.697408 51.8511,6.697569100000001 51.85095080000001)
2443	Rhede (Westf)	Barloer Str. 	de:05554:65571:0:1	51.84706	6.693581	bus	MATCHED	n9947930715	3.8	1.0	Barloer Straße	X80	Bocholt, Fachhochschule	Fachhochschule	LINESTRING(6.693581 51.84706,6.693619600000001 51.847036200000005)
2444	Rhede (Westf)	Barloer Str. 	de:05554:65571:0:2	51.847038	6.69385	bus	MATCHED	n9947930714	1.9	1.0	Barloer Straße	X80	Vardingholt, Siedlung	Kloster	LINESTRING(6.69385 51.847038,6.693866900000001 51.847024600000005)
2445	Rhedebrügge	Döring	de:05554:30777:0:1	51.814661	6.773019		NO_MATCH_AND_SEEMS_UNSERVED								POINT(6.773019 51.814661)
2446	Rhedebrügge	Grüneklee	de:05554:30775:0:1	51.826544	6.779756		NO_MATCH_AND_SEEMS_UNSERVED								POINT(6.779756 51.826544)
2447	Rhedebrügge	Hambrock	de:05554:30779:0:1	51.805164	6.754954		MATCHED	n559022100	19.2	0.33	Hambrock				LINESTRING(6.754954 51.805164,6.7547028000000005 51.805238200000005)
2448	Rhedebrügge	Haselhoff	de:05554:30626:0:1	51.831047	6.768904	bus	MATCHED	n5361948975	33.6	1.0	Haselhoff	751,R51	Rhedebrügge, Rademacher II	Rademacher II	LINESTRING(6.768904 51.831047,6.7684177000000005 51.831033000000005)
2449	Rhedebrügge	Haselhoff	de:05554:30626:0:2	51.83093	6.768294	bus	MATCHED	n5361948974	14.6	1.0	Haselhoff	R51	Rhedebrügge, Ortsmitte	Ortsmitte	LINESTRING(6.768294 51.83093,6.768087700000001 51.830900400000004)
2450	Rhedebrügge	Heselhaus	de:05554:30778:0:1	51.809402	6.760757		NO_MATCH_AND_SEEMS_UNSERVED								POINT(6.760757 51.809402)
2451	Rhedebrügge	Hessenspoor	de:05554:30773:0:1	51.817632	6.752681		NO_MATCH_AND_SEEMS_UNSERVED								POINT(6.752681 51.817632)
2452	Rhedebrügge	Kindergarten	de:05554:34670:0:1	51.827538	6.770045		MATCHED	n417237982	9.7	0.48	Kindergarten				LINESTRING(6.770045 51.827538,6.770111300000001 51.8274613)
2453	Rhedebrügge	Niehaves	de:05554:30774:0:1	51.823002	6.763074		NO_MATCH_AND_SEEMS_UNSERVED								POINT(6.763074 51.823002)
2454	Rhedebrügge	Ortsmitte	de:05554:30767:0:1	51.830253	6.782855	bus	MATCHED	n4675674822	9.0	1.0	Ortsmitte	751,N51,R51,S75	Rhedebrügge, Haselhoff / Rhede, Otto-Hahn-Straße / Rhede, Gudulakirche	Otto-Hahn-Straße / Haselhoff / Gudulakirche	LINESTRING(6.782855 51.830253,6.782870900000001 51.8303334)
2455	Rhedebrügge	Ortsmitte	de:05554:30767:0:2	51.830208	6.782631	bus	MATCHED	n4675674823	7.2	1.0	Ortsmitte	N51,R51,S75	Hoxfeld, Kaninchenberg / Borken, Nordring / Borken, Nordring	Kaninchenberg / Nordring	LINESTRING(6.782631 51.830208,6.7827228 51.830177600000006)
2456	Rhedebrügge	Pirkstegge	de:05554:31383:0:1	51.831563	6.741686		NO_MATCH_AND_SEEMS_UNSERVED								POINT(6.741686 51.831563)
2457	Rhedebrügge	Rademacher I	de:05554:30776:0:1	51.820564	6.780151		NO_MATCH_AND_SEEMS_UNSERVED								POINT(6.780151 51.820564)
2458	Rhedebrügge	Rademacher II	de:05554:30769:0:1	51.829137	6.755385	bus	MATCHED	n5361948977	5.7	1.0	Rademacher II	751,R51	Rhedebrügge, Waldschenke	Waldschänke	LINESTRING(6.755385 51.829137,6.7554411000000005 51.829174800000004)
2459	Rhedebrügge	Rademacher II	de:05554:30769:0:2	51.829087	6.755511	bus	MATCHED	n5361948978	8.0	1.0	Rademacher II	R51	Rhedebrügge, Haselhoff	Haselhoff	LINESTRING(6.755511 51.829087,6.7556262 51.8290828)
2460	Rhedebrügge	Schulze-Beikel	de:05554:30771:0:1	51.836065	6.752268		NO_MATCH_AND_SEEMS_UNSERVED								POINT(6.752268 51.836065)
2461	Rhedebrügge	Terhart	de:05554:30780:0:1	51.797448	6.755771		MATCHED	n2937972079	38.4	0.2	Terhart				LINESTRING(6.755771 51.797448,6.7553843 51.7976967)
2462	Rhedebrügge	Teschner	de:05554:30781:0:1	51.792559	6.762473		NO_MATCH_AND_SEEMS_UNSERVED								POINT(6.762473 51.792559)
2463	Rhedebrügge	Volks	de:05554:30772:0:1	51.825834	6.744695		NO_MATCH_AND_SEEMS_UNSERVED								POINT(6.744695 51.825834)
2464	Rhedebrügge	Waldschenke	de:05554:30627:0:1	51.829925	6.73855	bus	MATCHED	n2557642604	10.8	1.0	Waldschänke	751,R51	Rhede, Otto-Hahn-Straße / Rhede, Am Böwing	Otto-Hahn-Straße	LINESTRING(6.73855 51.829925,6.7386654 51.8299901)
2465	Rhedebrügge	Waldschenke	de:05554:30627:0:2	51.829848	6.738416	bus	MATCHED	n5361948980	27.1	1.0	Waldschänke	R51	Rhedebrügge, Rademacher II	Rademacher II	LINESTRING(6.738416 51.829848,6.738807400000001 51.8298288)
2466	Rhedebrügge	Ziegelei	de:05554:30768:0:1	51.830464	6.776891		NO_MATCH_AND_SEEMS_UNSERVED								POINT(6.776891 51.830464)
2467	Rhedebrügge	te Rhedebrügge	de:05554:30770:0:1	51.829614	6.749663		NO_MATCH_AND_SEEMS_UNSERVED								POINT(6.749663 51.829614)
2468	Sabstätte	Benneker	de:05554:21326:0:1	52.052054	6.956616	bus	NO_MATCH					825	Barle, Rewer / Barle, Schulte		POINT(6.956616 52.052054)
2469	Sabstätte	Gesing	de:05554:63952:0:1	52.045314	6.963686	bus	NO_MATCH					825	Sabstätte, Werschmann		POINT(6.963686 52.045314)
2470	Sabstätte	Grewing	de:05554:13158:0:1	52.050115	6.967504	bus	NO_MATCH					825	Quantwick, Vogelsang		POINT(6.967504 52.050115)
2471	Sabstätte	Mathmann	de:05554:21720:0:1	52.046071	6.970819	bus	NO_MATCH					825	Sabstätte, Gesing		POINT(6.970819 52.046071)
2472	Sabstätte	Sicking	de:05554:21325:0:1	52.048469	6.954119	bus	NO_MATCH					825	Sabstätte, Benneker		POINT(6.954119 52.048469)
2473	Sabstätte	Werschmann	de:05554:21324:0:1	52.04206	6.962204	bus	NO_MATCH					825	Sabstätte, Sicking		POINT(6.962204 52.04206)
2474	Schmäinghook	Bils	de:05554:60320:0:1	52.116568	6.904694	bus	NO_MATCH					821	Beßlinghook, Termathe		POINT(6.904694 52.116568)
2475	Schmäinghook	Bils	de:05554:60320:0:2	52.116568	6.904694	bus	NO_MATCH					821	Schmäinghook, Wigger		POINT(6.904694 52.116568)
2476	Schmäinghook	Dechering	de:05554:21714:0:1	52.106092	6.924771	bus	MATCHED	n9439283617	6.9	0.62	Dechering	821	Schmäinghook, Golfplatz		LINESTRING(6.924771 52.106092,6.9246753000000005 52.106072700000006)
2477	Schmäinghook	Dechering	de:05554:21714:0:2	52.106092	6.924771	bus	NO_MATCH_BUT_OTHER_PLATFORM_MATCHED					821	Schmäinghook, Frenkler		POINT(6.924771 52.106092)
2478	Schmäinghook	Frenkler	de:05554:62160:0:1	52.110075	6.928167	bus	NO_MATCH					821	Schmäinghook, Dechering		POINT(6.928167 52.110075)
2479	Schmäinghook	Frenkler	de:05554:62160:0:2	52.110075	6.928176	bus	NO_MATCH					821	Schmäinghook, Nienhaus		POINT(6.928176 52.110075)
2480	Schmäinghook	Golfplatz	de:05554:21718:0:1	52.10751	6.916785	bus	MATCHED	n2589328428	11.3	0.51	Golfplatz	821	Schmäinghook, Wigger		LINESTRING(6.916785 52.10751,6.9169461000000005 52.1075299)
2481	Schmäinghook	Golfplatz	de:05554:21718:0:2	52.107504	6.916785	bus	NO_MATCH_BUT_OTHER_PLATFORM_MATCHED					821	Schmäinghook, Dechering		POINT(6.916785 52.107504)
2482	Schmäinghook	Nienhaus	de:05554:21713:0:1	52.115779	6.923361	bus	NO_MATCH_BUT_OTHER_PLATFORM_MATCHED					821	Schmäinghook, Frenkler		POINT(6.923361 52.115779)
2483	Schmäinghook	Nienhaus	de:05554:21713:0:2	52.115774	6.923361	bus	MATCHED	n2589328433	13.2	0.48	Nienhaus	821	Averesch, Baumeister		LINESTRING(6.923361 52.115774,6.9235534 52.1157708)
2484	Schmäinghook	Wigger	de:05554:63560:0:1	52.113849	6.918833	bus	NO_MATCH_BUT_OTHER_PLATFORM_MATCHED					821	Schmäinghook, Bils		POINT(6.918833 52.113849)
2485	Schmäinghook	Wigger	de:05554:63560:0:2	52.113849	6.918824	bus	MATCHED	n2589328438	17.4	0.42	Wigger	821	Schmäinghook, Golfplatz		LINESTRING(6.918824 52.113849,6.9187444000000005 52.1139973)
2486	Schwiepinghook	Eichendorffs. 	de:05554:21335:0:1	52.145486	6.91595	bus	MATCHED	n1364606164	3.5	0.58	Eichendorfsiedlung	820	Schwiepinghook, Hackfort / Alstätte, Markt / Alstätte, Katharinenschule		LINESTRING(6.91595 52.145486,6.9159012 52.145494500000005)
2487	Schwiepinghook	Eichendorffs. 	de:05554:21335:0:2	52.145486	6.915959		NO_MATCH_AND_SEEMS_UNSERVED								POINT(6.915959 52.145486)
2488	Schwiepinghook	Eing	de:05554:11159:0:1	52.149956	6.943869	bus	MATCHED	n11114217455	24.3	0.35	Eing	782,820	Alstätte, Schwiepinghook / Alstätter Brook, Vogelsang		LINESTRING(6.943869 52.149956,6.9435862 52.1498238)
2489	Schwiepinghook	Eing	de:05554:11159:0:2	52.149962	6.943878	bus	MATCHED	n11114217456	19.0	0.4	Eing	782	Alstätte, Amtsvenn		LINESTRING(6.943878 52.149962,6.944107600000001 52.150058)
2490	Schwiepinghook	Eper Damm	de:05554:11160:0:1	52.140199	6.931526	bus	MATCHED	n11114217459	12.1	0.5	Eper Damm	820	Alstätte, Katharinenschule		LINESTRING(6.931526 52.140199,6.9313492000000005 52.140197400000005)
2491	Schwiepinghook	Eper Damm	de:05554:11160:0:2	52.140199	6.931526	bus	NO_MATCH_BUT_OTHER_PLATFORM_MATCHED					820	Schwiepinghook, Eing / Schwiepinghook, Hackfort		POINT(6.931526 52.140199)
2492	Schwiepinghook	Gronauer Str. 	de:05554:60319:0:1	52.139035	6.925777	bus	MATCHED	n11114217467	28.5	0.26	Gronauer Straße	820	Schwiepinghook, Niemeier		LINESTRING(6.925777 52.139035,6.9258208 52.1392899)
2493	Schwiepinghook	Gronauer Str. 	de:05554:60319:0:2	52.139035	6.925759	bus	NO_MATCH_BUT_OTHER_PLATFORM_MATCHED					821	Brinkerhook, Trafo Brink		POINT(6.925759 52.139035)
2494	Schwiepinghook	Hackfort	de:05554:11161:0:1	52.138264	6.947894	bus	MATCHED	n11114217461	10.5	0.53	Hackfort	820	Schwiepinghook, Eing		LINESTRING(6.947894 52.138264,6.947953500000001 52.1381772)
2495	Schwiepinghook	Niemeier	de:05554:21334:0:1	52.149245	6.931652	bus	MATCHED	n2545843152	11.0	0.52	Niemeier	820	Schwiepinghook, Prinz		LINESTRING(6.931652 52.149245,6.931495300000001 52.1492221)
2496	Schwiepinghook	Prinz	de:05554:61557:0:1	52.14413	6.923567	bus	MATCHED	n4408233490	5.4	0.66	Prinz	820	Schwiepinghook, Eichendorffs.		LINESTRING(6.923567 52.14413,6.923577900000001 52.1441783)
2497	Schöppingen	Altes Rathaus	de:05554:16492:0:1	52.09202	7.237322	bus	MATCHED	n499358219	8.2	1.0	Altes Rathaus	186,772,774,N6,S70,S71,SV05,T26,T79	Horstmar, Hagenstiege / Schöppingen, Berliner Straße / Schöppingen, Krümmlingsweg / Eggerode, Tinge	Hagenstiege / Krümmlingsweg / Tinge	LINESTRING(7.237322 52.09202,7.237359700000001 52.0919503)
2498	Schöppingen	Altes Rathaus	de:05554:16492:0:2	52.092048	7.237178	bus	MATCHED	n1695754005	1.4	1.0	Altes Rathaus	186,772,774,N6,S70,S71,SV05,T26,T79	Schöppingen, Sekundarschule / Heven, Eckrodt / Schöppingen, Sportplatz / Schöppingen, Gewerbegebiet Süd / Schöppingen, Krümmlingsweg	Gewerbegebiet Süd / Sportplatz	LINESTRING(7.237178 52.092048,7.2371870000000005 52.0920367)
2499	Schöppingen	Altes Rathaus	de:05554:16492:0:3	52.092031	7.237583		NO_MATCH_AND_SEEMS_UNSERVED								POINT(7.237583 52.092031)
2500	Schöppingen	Berliner Straße	de:05554:31018:0:1	52.095878	7.23098	bus	NO_MATCH_BUT_OTHER_PLATFORM_MATCHED					186,SV05	Schöppingen, Sekundarschule / Haverbeck, Küper		POINT(7.23098 52.095878)
2501	Schöppingen	Berliner Straße	de:05554:31018:0:2	52.095701	7.231178	bus	MATCHED	n137699610	13.3	0.48	Berliner Straße	186	Schöppingen, Altes Rathaus		LINESTRING(7.231178 52.095701,7.2313071 52.095611700000006)
2502	Schöppingen	Ebbinghoff	de:05554:30014:0:1	52.086881	7.245443	bus	NO_MATCH					186,774	Schöppingen, Krümmlingsweg		POINT(7.245443 52.086881)
2503	Schöppingen	Ebbinghoff	de:05554:30014:0:2	52.086826	7.245461	bus	NO_MATCH					186,774	Schöppingen, Hengel		POINT(7.245461 52.086826)
2504	Schöppingen	Eggeroder Str. 1	de:05554:60049	52.080737	7.231231		NO_MATCH_AND_SEEMS_UNSERVED								POINT(7.231231 52.080737)
2505	Schöppingen	Feuerstiege	de:05554:63080:0:1	52.092947	7.234528		NO_MATCH_AND_SEEMS_UNSERVED								POINT(7.234528 52.092947)
2506	Schöppingen	Gewerbegebiet Süd	de:05554:61441:0:1	52.086622	7.232426	bus	MATCHED	n1696673327	7.1	1.0	Gewerbegebiet Süd	T79	Schöppingen, Altes Rathaus	Altes Rathaus	LINESTRING(7.232426 52.086622,7.232526600000001 52.086607300000004)
2507	Schöppingen	Gewerbegebiet Süd	de:05554:61441:0:2	52.086616	7.232444	bus	MATCHED	n1696673312	11.9	1.0	Gewerbegebiet Süd	T79	Eggerode, Vechtebrücke	Vechtebrücke	LINESTRING(7.232444 52.086616,7.232407800000001 52.0865117)
2508	Schöppingen	Haverkamp 47	de:05554:60041:0:1	52.117451	7.205917		NO_MATCH_AND_SEEMS_UNSERVED								POINT(7.205917 52.117451)
2509	Schöppingen	Hengel	de:05554:31022:0:1	52.080969	7.25236	bus	NO_MATCH					186,774	Schöppingen, Ebbinghoff		POINT(7.25236 52.080969)
2510	Schöppingen	Hengel	de:05554:31022:0:2	52.080958	7.252288	bus	NO_MATCH					186,774	Eggerode, Tinge / Eggerode, Tinge / Schöppingen, Ebbinghoff		POINT(7.252288 52.080958)
2511	Schöppingen	Krümmlingsweg	de:05554:16493:0:1	52.089945	7.242487	bus	MATCHED	n4670304909	6.0	1.0	Krümmlingsweg	186,772,774,N6,S70,S71,SV05	Schöppingen, Altes Rathaus / Schöppingen, Altes Rathaus	Altes Rathaus	LINESTRING(7.242487 52.089945,7.2425705 52.089928400000005)
2512	Schöppingen	Krümmlingsweg	de:05554:16493:0:2	52.089558	7.243269	bus	MATCHED	n1695754020	15.8	1.0	Krümmlingsweg	186,772,N6,S70,S71,SV05	Eggerode, Tinge / Horstmar, Bahnhofssiedlung / Horstmar, Hagenstiege / Schöppingen, Ebbinghoff / Horstmar, Lernzentrum	Friedhof / Hagenstiege	LINESTRING(7.243269 52.089558,7.2430517000000005 52.089606800000006)
2513	Schöppingen	Sekundarschule	de:05554:35379:0:1	52.096375	7.237583	bus	NO_MATCH					774,SV05,SV19,SV39,SV5	Schöppingen, Berliner Straße / Schöppingen, Altes Rathaus / Haverbeck, Küper / Leer, Haus Loreto / Horstmar, Bahnhofssiedlung / Horstmar, Niedern 8 / Horstmar, Borghorster Weg / Horstmar, Hagenstiege / Horstmar, Gasthaus Westarp / Ramsberg (Westf), Ramsberg 9 / Schöppingen, Sportplatz / Ramsberg, Gasth. Roters		POINT(7.237583 52.096375)
2514	Schöppingen	Sekundarschule	de:05554:35379:0:2	52.095823	7.238858		NO_MATCH_AND_SEEMS_UNSERVED								POINT(7.238858 52.095823)
2515	Schöppingen	Sportplatz	de:05554:16491:0:1	52.094796	7.229659	bus	MATCHED	n503706355	10.8	1.0	Sportplatz	772,774,N6,S70,SV05	Schöppingen, Berliner Straße / Schöppingen, Sekundarschule / Schöppingen, Altes Rathaus	Altes Rathaus	LINESTRING(7.229659 52.094796,7.2295034000000005 52.0947833)
2516	Schöppingen	Sportplatz	de:05554:16491:0:2	52.094896	7.229282	bus	MATCHED	n503706354	2.2	1.0	Sportplatz	772,774,N6,S70	Ramsberg, Verkehrsinsel / Ramsberg, Gabelpunkt / Heven, Eckrodt	Gabelpunkt / Eckrodt	LINESTRING(7.229282 52.094896,7.2293095 52.094906400000006)
2517	Schöppingen	Vechtebad	de:05554:67968:0:1	52.098301	7.229075		MATCHED	n3304940861	177.8	1.0	Vechtebad			Aldi	LINESTRING(7.229075 52.098301,7.229221300000001 52.096705400000005)
2518	Schöppingen	Vechtebad	de:05554:67968:0:2	52.098323	7.229031		NO_MATCH_AND_SEEMS_UNSERVED								POINT(7.229031 52.098323)
2519	Spork	Aabrücke	de:05554:63292:0:1	51.848331	6.552518		NO_MATCH_AND_SEEMS_UNSERVED								POINT(6.552518 51.848331)
2520	Spork	Aabrücke	de:05554:63292:0:2	51.848319	6.552536		NO_MATCH_AND_SEEMS_UNSERVED								POINT(6.552536 51.848319)
2521	Spork	Am Reyedingsbach	de:05554:63303:0:1	51.875714	6.533231		NO_MATCH_AND_SEEMS_UNSERVED								POINT(6.533231 51.875714)
2522	Spork	Am Reyedingsbach	de:05554:63303:0:2	51.875708	6.533213		NO_MATCH_AND_SEEMS_UNSERVED								POINT(6.533213 51.875708)
2523	Spork	Am Wielbach	de:05554:63294	51.864382	6.562777		NO_MATCH_AND_SEEMS_UNSERVED								POINT(6.562777 51.864382)
2524	Spork	Benning	de:05554:63308	51.853929	6.536286		NO_MATCH_AND_SEEMS_UNSERVED								POINT(6.536286 51.853929)
2525	Spork	Berkendiek	de:05554:63293:0:1	51.861514	6.530869		NO_MATCH_AND_SEEMS_UNSERVED								POINT(6.530869 51.861514)
2526	Spork	Berkendiek	de:05554:63293:0:2	51.861519	6.530788		NO_MATCH_AND_SEEMS_UNSERVED								POINT(6.530788 51.861519)
2527	Spork	Brennereiweg	de:05554:16835:0:1	51.861042	6.573584	bus	MATCHED_THOUGH_REVERSED_DIR	n5351542638	2.4	1.0	Brennereiweg	C7	Spork, Kirche	Aloysianastraße	LINESTRING(6.573584 51.861042,6.5735592 51.8610265)
2528	Spork	Brennereiweg	de:05554:16835:0:2	51.861109	6.573745	bus	MATCHED_THOUGH_REVERSED_DIR	n5351542637	11.0	1.0	Brennereiweg	C7	Holtwick, Aloysianastraße	Kirche	LINESTRING(6.573745 51.861109,6.5736021000000004 51.8611524)
2529	Spork	Bruns	de:05554:63295	51.881243	6.56063		NO_MATCH_AND_SEEMS_UNSERVED								POINT(6.56063 51.881243)
2530	Spork	Büningheide	de:05554:63296:0:1	51.873162	6.562948		NO_MATCH_AND_SEEMS_UNSERVED								POINT(6.562948 51.873162)
2531	Spork	Büningheide	de:05554:63296:0:2	51.873157	6.562948		NO_MATCH_AND_SEEMS_UNSERVED								POINT(6.562948 51.873157)
2532	Spork	Degeling	de:05554:63297	51.854373	6.54623		NO_MATCH_AND_SEEMS_UNSERVED								POINT(6.54623 51.854373)
2533	Spork	Emsingweg	de:05554:63298	51.868714	6.537993		NO_MATCH_AND_SEEMS_UNSERVED								POINT(6.537993 51.868714)
2534	Spork	Georgiusschule	de:05554:63299	51.862662	6.562148		NO_MATCH_AND_SEEMS_UNSERVED								POINT(6.562148 51.862662)
2535	Spork	Heidefeldweg	de:05554:61529:0:1	51.862695	6.556992	bus	MATCHED_THOUGH_REVERSED_DIR	n5351542633	25.8	1.0	Heidefeldweg	C7	Spork, Sporker Ring	Kirche	LINESTRING(6.556992 51.862695,6.556621000000001 51.8627243)
2536	Spork	Heidefeldweg	de:05554:61529:0:2	51.862823	6.556695	bus	MATCHED_THOUGH_REVERSED_DIR	n5351542632	31.3	1.0	Heidefeldweg	C7	Spork, Kirche	Sporker Ringstraße	LINESTRING(6.556695 51.862823,6.556253600000001 51.8628883)
2537	Spork	Kirche	de:05554:16836:0:1	51.862246	6.562139	bus	MATCHED_THOUGH_REVERSED_DIR	n5351542634	2.8	1.0	Kirche	C7	Spork, Heidefeldweg	Brennereiweg	LINESTRING(6.562139 51.862246,6.562107500000001 51.862230700000005)
2538	Spork	Kirche	de:05554:16836:0:2	51.862368	6.562175	bus	MATCHED_THOUGH_REVERSED_DIR	n5351542635	1.9	1.0	Kirche	C7	Spork, Brennereiweg	Heidefeldweg	LINESTRING(6.562175 51.862368,6.562147700000001 51.8623641)
2539	Spork	Kneismann	de:05554:63302:0:1	51.85464	6.549338		NO_MATCH_AND_SEEMS_UNSERVED								POINT(6.549338 51.85464)
2540	Spork	Kreuzkapellenweg	de:05554:63300:0:1	51.881243	6.560253		NO_MATCH_AND_SEEMS_UNSERVED								POINT(6.560253 51.881243)
2541	Spork	Kreuzkapellenweg	de:05554:63300:0:2	51.881231	6.560271		NO_MATCH_AND_SEEMS_UNSERVED								POINT(6.560271 51.881231)
2542	Spork	Sanders	de:05554:63304	51.854113	6.557037		NO_MATCH_AND_SEEMS_UNSERVED								POINT(6.557037 51.854113)
2543	Spork	Sporker Ring	de:05554:61530:0:1	51.862668	6.55047	bus	MATCHED_THOUGH_REVERSED_DIR	n5351542630	10.7	1.0	Sporker Ringstraße	C7	Suderwick, Karrenweg	Heidefeldweg	LINESTRING(6.55047 51.862668,6.5503152 51.862665500000006)
2544	Spork	Sporker Ring	de:05554:61530:0:2	51.862801	6.550273	bus	MATCHED_THOUGH_REVERSED_DIR	n5351542631	7.2	1.0	Sporker Ringstraße	C7	Spork, Heidefeldweg	Karrenweg	LINESTRING(6.550273 51.862801,6.550173 51.862820400000004)
2545	Spork	Wollstegge	de:05554:63306:0:1	51.85449	6.541873		NO_MATCH_AND_SEEMS_UNSERVED								POINT(6.541873 51.85449)
2546	Stadtlohn	Abzw. Schützenweg	de:05554:62963:0:1	51.99003	6.895854		NO_MATCH_AND_SEEMS_UNSERVED								POINT(6.895854 51.99003)
2547	Stadtlohn	Abzw. Schützenweg	de:05554:62963:0:2	51.989997	6.895863		NO_MATCH_AND_SEEMS_UNSERVED								POINT(6.895863 51.989997)
2548	Stadtlohn	Am Losbergpark	de:05554:16963:0:1	52.002088	6.917082	bus	MATCHED	n8111345413	8.5	0.57	Am Losbergpark	861	Stadtlohn, Losberg		LINESTRING(6.917082 52.002088,6.916976 52.002048200000004)
2549	Stadtlohn	Am Losbergpark	de:05554:16963:0:2	52.002088	6.917082	bus	MATCHED	n8111345414	4.3	0.71	Am Losbergpark	861	Stadtlohn, Lohner Str.		LINESTRING(6.917082 52.002088,6.917143800000001 52.0020845)
2550	Stadtlohn	Breul	de:05554:16557:0:1	51.987519	6.940752	bus	MATCHED	n634146150	3.9	1.0	Breul	862,N17,R61	Stadtlohn, Ehem. Bahnhof / Stadtlohn, Busbahnhof	Ehemaliger Bahnhof	LINESTRING(6.940752 51.987519,6.9408034 51.987504300000005)
2551	Stadtlohn	Breul	de:05554:16557:0:2	51.986683	6.942145	bus	MATCHED	n5274663848	5.2	1.0	Breul	862,N17,R61	Estern (Stadtlohn), Ziegelei / Stadtlohn, Gescher-Dyk-Schule / Estern (Stadtlohn), Geldgatt	Ziegelei / Geldkat	LINESTRING(6.942145 51.986683,6.9420716 51.986670000000004)
2552	Stadtlohn	Burgstr. 	de:05554:61358:0:1	51.995047	6.920387	bus	MATCHED	n13202590115	2.4	1.0	Burgstraße	B7	Stadtlohn, Krankenhaus	Krankenhaus	LINESTRING(6.920387 51.995047,6.9204064 51.9950654)
2553	Stadtlohn	Busbahnhof	de:05554:16375:1:A1	51.993023	6.921331	bus	MATCHED	n761149183	5.4	1.0	Busbahnhof	860,862,868,N17,R61	Stadtlohn, Losberg / Stadtlohn, Fliednerschule / Stadtlohn, Gymnasium / Stadtlohn, Krankenhaus / Almsick, Lammers / Stadtlohn, Losberg / Stadtlohn, Gescher-Dyk-Schule	Losberg	LINESTRING(6.921331 51.993023,6.9213113 51.992975900000005)
2554	Stadtlohn	Busbahnhof	de:05554:16375:2:A2	51.992669	6.921447	bus	MATCHED	n634146146	5.8	1.0	Busbahnhof	753,762,860,862,N17,R61,R76,T7	Stadtlohn, Wessendorf / Stadtlohn, Gescher-Dyk-Schule / Stadtlohn, Gymnasium / Stadtlohn, Breul / Stadtlohn, Ehem. Bahnhof	Wessendorf / Krankenhaus	LINESTRING(6.921447 51.992669,6.921386200000001 51.9927052)
2555	Stadtlohn	Busbahnhof	de:05554:16375:3:B1	51.992995	6.921124	bus	MATCHED	n761149184	10.7	1.0	Busbahnhof	762,763,860	Stadtlohn, Krankenhaus / Stadtlohn, Mühlenstr.		LINESTRING(6.921124 51.992995,6.9211966 51.993080500000005)
2556	Stadtlohn	Busbahnhof	de:05554:16375:4:B2	51.992818	6.921205	bus	MATCHED	n761149185	6.6	1.0	Busbahnhof	753,861,R76,T7	Stadtlohn, Am Losbergpark / Almsick, Lammers / Stadtlohn, Mühlenstr. / Stadtlohn, Losberg / Stadtlohn, Gymnasium	Ehemaliger Bahnhof / Mühlenstraße / Wessendorf	LINESTRING(6.921205 51.992818,6.921284600000001 51.9927853)
2557	Stadtlohn	Busbahnhof	de:05554:16375:5:.	51.992907	6.921394		NO_MATCH_AND_SEEMS_UNSERVED								POINT(6.921394 51.992907)
2558	Stadtlohn	Ehem. Bahnhof	de:05554:16556:0:1	51.991784	6.930934	bus	MATCHED	n634146151	10.1	1.0	Ehemaliger Bahnhof	N17,R61	Stadtlohn, Busbahnhof	Busbahnhof	LINESTRING(6.930934 51.991784,6.931081000000001 51.991782900000004)
2559	Stadtlohn	Ehem. Bahnhof	de:05554:16556:0:2	51.992099	6.929101	bus	MATCHED	n691946113	4.1	1.0	Ehemaliger Bahnhof	N17,R61	Stadtlohn, Breul / Stadtlohn, Gymnasium	Gymnasium / Breul	LINESTRING(6.929101 51.992099,6.929133 51.9920678)
2560	Stadtlohn	Erningfeld	de:05554:64540:0:1	52.004825	6.925481	bus	MATCHED	n9677372304	7.2	0.61	Erningfeld	861,868	Almsick, Lammers		LINESTRING(6.925481 52.004825,6.925478 52.004760700000006)
2561	Stadtlohn	Erningfeld	de:05554:64540:0:2	52.004831	6.925517	bus	MATCHED	n10984640760	70.9	0.15	Erningfeld	861	Stadtlohn, Losberg		LINESTRING(6.925517 52.004831,6.9246429 52.0044916)
2562	Stadtlohn	Estern	de:05554:16575	51.978263	6.958539		NO_MATCH_AND_SEEMS_UNSERVED								POINT(6.958539 51.978263)
2563	Stadtlohn	Fliednerschule	de:05554:16959:0:1	51.993299	6.906688	bus	MATCHED	n2589251805	5.5	0.66	Fliednerschule	861,862	Stadtlohn, Busbahnhof / Stadtlohn, Losberg		LINESTRING(6.906688 51.993299,6.906672400000001 51.9933476)
2564	Stadtlohn	Freudenberg	de:05554:16408:0:1	52.000479	6.914414	bus	MATCHED	n5343418469	3.8	1.0	Freudenberg	753,762,862,D76,R76	Stadtlohn, Wessendorf / Stadtlohn, Mühlenstr. / Stadtlohn, Busbahnhof / Stadtlohn, Losberg	Mühlenstraße	LINESTRING(6.914414 52.000479,6.9143791000000006 52.0005054)
2565	Stadtlohn	Freudenberg	de:05554:16408:0:2	52.001137	6.914638	bus	MATCHED	n1673748013	3.9	1.0	Freudenberg	753,762,D76,R76	Wüllen, Pineweg / Stadtlohn, Lohner Str.	Lohner Straße / Pineweg	LINESTRING(6.914638 52.001137,6.9146907 52.001149600000005)
2566	Stadtlohn	Gescher-Dyk-Schule	de:05554:16994:0:1	51.982407	6.947139	bus	NO_MATCH					862	Estern (Stadtl.), Schanzbrücke / Stadtlohn, Hof Lembeck / Stadtlohn, Gymnasium		POINT(6.947139 51.982407)
2567	Stadtlohn	Goethestr. 	de:05554:64449:0:1	51.991114	6.901819	bus	MATCHED	n5552244369	7.8	1.0	Goethestraße	B7	Stadtlohn, Krankenhaus	Krankenhaus	LINESTRING(6.901819 51.991114,6.901883000000001 51.991055700000004)
2568	Stadtlohn	Goethestr. 	de:05554:64449:0:2	51.99102	6.902349	bus	MATCHED	n5552244370	4.1	1.0	Goethestraße	B7	Stadtlohn, Von-Ardenne-Str.	Von-Ardenne-Straße/SVS	LINESTRING(6.902349 51.99102,6.9023846 51.9910499)
2569	Stadtlohn	Gotenstraße	de:05554:16962:0:1	52.005301	6.917396	bus	MATCHED	n10266229284	43.8	0.24	Gotenstraße	861	Stadtlohn, Am Losbergpark		LINESTRING(6.917396 52.005301,6.9167765 52.0053962)
2570	Stadtlohn	Gymnasium	de:05554:16958:0:1	51.9867	6.928589	bus	MATCHED	n762086831	8.2	1.0	Gymnasium	753,860,861,862,868,R61	Stadtlohn, Lüdiger / Stadtlohn, Gescher-Dyk-Schule / Hundewick, Gemeindestraße / Stadtlohn, Hof Lembeck / Stadtlohn, Busbahnhof / Stadtlohn, Breul / Estern (Stadtlohn), Geldgatt / Stadtlohn, Fliednerschule / Stadtlohn, Busbahnhof / Stadtlohn, Busbahnhof	Breul / Busbahnhof	LINESTRING(6.928589 51.9867,6.928472 51.9867148)
2571	Stadtlohn	Gymnasium	de:05554:16958:0:2	51.986789	6.928598		NO_MATCH_AND_SEEMS_UNSERVED								POINT(6.928598 51.986789)
2572	Stadtlohn	H. -Lebenstein-Realschule	de:05554:68123:0:1	51.995003	6.921241		NO_MATCH_AND_SEEMS_UNSERVED								POINT(6.921241 51.995003)
2573	Stadtlohn	Hallenbad/Freibad	de:05554:64448:0:1	51.996485	6.923657		NO_MATCH_AND_SEEMS_UNSERVED								POINT(6.923657 51.996485)
2574	Stadtlohn	Heisterborg	de:05554:16412:0:1	51.984863	6.907964	bus	MATCHED	n5299448002	27.7	1.0	Heisterborg	753,860,D76,R76,T7	Stadtlohn, Wessendorf	Wessendorf	LINESTRING(6.907964 51.984863,6.908253200000001 51.985037000000005)
2575	Stadtlohn	Heisterborg	de:05554:16412:0:2	51.98483	6.907919	bus	MATCHED	n5299448001	6.8	1.0	Heisterborg	753,860,D76,R76,T7	Südlohn, Beckedahl / Hundewick, Gemeindestraße / Stadtlohn, Lüdiger	Lüdiger / Gemeindestraße / Beckedahl	LINESTRING(6.907919 51.98483,6.9078523 51.9848748)
2576	Stadtlohn	Hengelerstraße	de:05554:16964:0:1	52.002541	6.913533		NO_MATCH_AND_SEEMS_UNSERVED								POINT(6.913533 52.002541)
2577	Stadtlohn	Hilgenbergschule	de:05554:16960:0:1	51.993576	6.927628		MATCHED	n8111345415	9.1	0.5	Hilgenbergschule				LINESTRING(6.927628 51.993576,6.9276951 51.9936462)
2578	Stadtlohn	Hof Lembeck	de:05554:11991:0:1	51.988404	6.93211	bus	MATCHED	n12423412817	32.6	0.29	Hof Lembeck	862	Stadtlohn, Gescher-Dyk-Schule / Stadtlohn, Breul		LINESTRING(6.93211 51.988404,6.9325846 51.9883936)
2579	Stadtlohn	Hof Lembeck	de:05554:11991:0:2	51.988404	6.93211	bus	NO_MATCH_BUT_OTHER_PLATFORM_MATCHED					862	Stadtlohn, Gymnasium		POINT(6.93211 51.988404)
2580	Stadtlohn	Holtmoate	de:05554:16995	51.987746	6.935389		NO_MATCH_AND_SEEMS_UNSERVED								POINT(6.935389 51.987746)
2581	Stadtlohn	Hordtschule	de:05554:16955:0:1	51.992979	6.895783	bus	MATCHED	n13041838786	13.7	0.47	Hordtschule	860	Wenningfeld, Heidekrug / Stadtlohn, Lüdiger	Lüdiger / Heidekrug	LINESTRING(6.895783 51.992979,6.895785 51.9931021)
2582	Stadtlohn	Hordtschule	de:05554:16955:0:2	51.992602	6.894956		NO_MATCH_AND_SEEMS_UNSERVED								POINT(6.894956 51.992602)
2583	Stadtlohn	Krankenhaus	de:05554:16377:0:1	51.990506	6.908386	bus	MATCHED_THOUGH_REVERSED_DIR	n5367562202	2.8	1.0	Krankenhaus	B7,R61	Stadtlohn, Markt / Stadtlohn, Busbahnhof	Lüdiger / Goethestraße	LINESTRING(6.908386 51.990506,6.908348500000001 51.9904962)
2584	Stadtlohn	Krankenhaus	de:05554:16377:0:2	51.990617	6.909428	bus	MATCHED_THOUGH_REVERSED_DIR	n5367562203	4.1	1.0	Krankenhaus	763,B7,R61	Stadtlohn, Lüdiger / Stadtlohn, Goethestr.	Busbahnhof / Markt	LINESTRING(6.909428 51.990617,6.9094107000000005 51.990582100000005)
2585	Stadtlohn	Lohner Str. 	de:05554:16407:0:1	52.005434	6.915015	bus	MATCHED	n1776449453	11.3	1.0	Lohner Straße	753,762,861,R76	Hengeler, Jüttermann / Stadtlohn, Freudenberg	Freudenberg	LINESTRING(6.915015 52.005434,6.9149624 52.0055307)
2586	Stadtlohn	Lohner Str. 	de:05554:16407:0:2	52.0056	6.915123	bus	MATCHED	n1776449445	20.5	1.0	Lohner Straße	753,762,861,R76	Wendfeld, Vortkamp / Stadtlohn, Wendfeld	Vortkamp	LINESTRING(6.915123 52.0056,6.9152849000000005 52.0057545)
2587	Stadtlohn	Losberg	de:05554:16956:0:1	51.997127	6.918806	bus	MATCHED_THOUGH_OSM_NO_NAME	n11589827623	23.6	0.14		753,860	Stadtlohn, Gymnasium / Stadtlohn, Busbahnhof		LINESTRING(6.918806 51.997127,6.919136000000001 51.997185400000006)
2588	Stadtlohn	Losberg	de:05554:16956:0:2	51.997144	6.918824	bus	MATCHED	n1496955447	29.8	0.31	Losberg	861	Stadtlohn, Busbahnhof / Stadtlohn, Am Losbergpark / Stadtlohn, Fliednerschule	Busbahnhof	LINESTRING(6.918824 51.997144,6.919247100000001 51.9972021)
2589	Stadtlohn	Losberg	de:05554:16956:0:3	51.997254	6.918761	bus	NO_MATCH_BUT_OTHER_PLATFORM_MATCHED					862,868	Stadtlohn, Busbahnhof / Stadtlohn, Erningfeld		POINT(6.918761 51.997254)
2590	Stadtlohn	Lüdiger	de:05554:16378:0:1	51.991867	6.899609	bus	MATCHED_THOUGH_REVERSED_DIR	n3297596607	5.7	1.0	Lüdiger	860,R61	Stadtlohn, Heisterborg / Stadtlohn, Krankenhaus / Stadtlohn, Losberg	Hordtschule / Anhalt	LINESTRING(6.899609 51.991867,6.8995696 51.991912000000006)
2591	Stadtlohn	Lüdiger	de:05554:16378:0:2	51.992188	6.898442	bus	MATCHED_THOUGH_REVERSED_DIR	n3297596606	7.7	1.0	Lüdiger	763,860,R61	Wenningfeld, Anhalt / Stadtlohn, Hordtschule	Heisterborg / Losberg / Krankenhaus	LINESTRING(6.898442 51.992188,6.898350700000001 51.9921476)
2592	Stadtlohn	Marienschule	de:05554:16957	51.99232	6.913893		NO_MATCH_AND_SEEMS_UNSERVED								POINT(6.913893 51.99232)
2593	Stadtlohn	Markt	de:05554:69318:0:1	51.99325	6.91842	bus	MATCHED	n13202590116	78.6	1.0	Markt	B7	Stadtlohn, Burgstr. 	Burgstraße	LINESTRING(6.91842 51.99325,6.9173071 51.9930856)
2594	Stadtlohn	Mühlenstr. 	de:05554:16409:0:1	51.994837	6.915653	bus	MATCHED	n673547093	8.4	1.0	Mühlenstraße	753,762,D76,R76	Stadtlohn, Busbahnhof / Stadtlohn, Wessendorf	Busbahnhof / Wessendorf	LINESTRING(6.915653 51.994837,6.915599 51.9949043)
2595	Stadtlohn	Mühlenstr. 	de:05554:16409:0:2	51.995053	6.915635	bus	MATCHED	n634108996	2.6	1.0	Mühlenstraße	753,762,861,D76,R76	Stadtlohn, Losberg / Stadtlohn, Freudenberg	Freudenberg	LINESTRING(6.915635 51.995053,6.915601100000001 51.995043100000004)
2596	Stadtlohn	RVM	de:05554:64450	51.984614	6.900535		NO_MATCH_AND_SEEMS_UNSERVED								POINT(6.900535 51.984614)
2597	Stadtlohn	Von-Ardenne-Str. 	de:05554:62962:0:1	51.986114	6.89492	bus	MATCHED_THOUGH_DISTANT	n10697664706	393.3	1.0	Von-Ardenne-Straße/SVS	B7	Stadtlohn, Goethestr.	Goethestraße	LINESTRING(6.89492 51.986114,6.900589200000001 51.9856181)
2598	Stadtlohn	Von-Ardenne-Str. 	de:05554:62962:0:2	51.986097	6.894938	bus	NO_MATCH_BUT_OTHER_PLATFORM_MATCHED					B7	Hundewick, Alte Schule		POINT(6.894938 51.986097)
2599	Stadtlohn	Weddeling	de:05554:64316:0:1	52.004621	6.930961		NO_MATCH_AND_SEEMS_UNSERVED								POINT(6.930961 52.004621)
2600	Stadtlohn	Wendfeld	de:05554:16656:0:1	52.021545	6.915402	bus	NO_MATCH					762	Kleinemast, Albersmann		POINT(6.915402 52.021545)
2601	Stadtlohn	Wendfeld	de:05554:16656:0:2	52.021534	6.91542	bus	NO_MATCH					762	Stadtlohn, Lohner Str.		POINT(6.91542 52.021534)
2602	Stadtlohn	Wessendorf	de:05554:16411:0:1	51.988708	6.912383	bus	MATCHED	n906554008	7.3	1.0	Wessendorf	753,860,D76,R76,T7	Stadtlohn, Busbahnhof / Stadtlohn, Busbahnhof / Stadtlohn, Mühlenstr. / Stadtlohn, Freudenberg	Busbahnhof / Mühlenstraße	LINESTRING(6.912383 51.988708,6.9124496 51.988657)
2603	Stadtlohn	Wessendorf	de:05554:16411:0:2	51.98868	6.912249	bus	MATCHED	n906554007	4.9	1.0	Wessendorf	753,860,D76,R76,T7	Südlohn, Am Vereinshaus / Stadtlohn, Heisterborg	Heisterborg	LINESTRING(6.912249 51.98868,6.9122330000000005 51.9887231)
2604	Stegge	Aabrücke	de:05554:21339:0:1	52.131107	7.005134	bus	MATCHED	n1409380522	6.6	0.63	Aabrücke	828	Graeser Brook, Gasth. Elfering		LINESTRING(7.005134 52.131107,7.0052202 52.131080600000004)
2605	Stegge	Blommel	de:05554:64313:0:1	52.124825	7.008988		NO_MATCH_AND_SEEMS_UNSERVED								POINT(7.008988 52.124825)
2606	Stegge	Blommel	de:05554:64313:0:2	52.12482	7.008988	bus	MATCHED	n707863960	122.0	0.06	Stegge, Noack	829	Stegge, Hollekamp		LINESTRING(7.008988 52.12482,7.0106504 52.124426500000006)
2607	Stegge	Effkemann	de:05554:21340	52.130373	7.014989		NO_MATCH_AND_SEEMS_UNSERVED								POINT(7.014989 52.130373)
2608	Stegge	Feldmann	de:05554:21341:0:1	52.124842	7.006428	bus	MATCHED	n707864050	21.9	0.37	Stegge, Feldmann	828	Stegge, Aabrücke		LINESTRING(7.006428 52.124842,7.006122100000001 52.124898900000005)
2609	Stegge	Hollekamp	de:05554:21342:0:1	52.128316	7.020675	bus	MATCHED	n502928198	7.9	0.59	Hollekamp	829	Stegge, Stegge 36		LINESTRING(7.020675 52.128316,7.0207299 52.128378000000005)
2610	Stegge	Stegge 36	de:05554:64341:0:1	52.132816	7.016516	bus	NO_MATCH					829	Graeser Brook, Löschteich / Graes, Kirche		POINT(7.016516 52.132816)
2611	Stegge	Tombrink	de:05554:21343:0:1	52.121604	7.011099	bus	MATCHED	n1261058455	24.6	0.35	Tombrink	828	Stegge, Feldmann		LINESTRING(7.011099 52.121604,7.011391400000001 52.121475700000005)
2612	Stenern	Barloer Ringstraße	de:05554:61531	51.885629	6.625677		NO_MATCH_AND_SEEMS_UNSERVED								POINT(6.625677 51.885629)
2613	Stenern	Krankenhaus	de:05554:16810:0:1	51.854973	6.629037	bus	MATCHED	n5347586849	10.8	1.0	Krankenhaus	C1	Giethorst, Louis-Pasteur-Ring	Louis-Pasteur-Ring	LINESTRING(6.629037 51.854973,6.6289777 51.8550629)
2614	Stenern	Krankenhaus	de:05554:16810:0:2	51.854956	6.628992		NO_MATCH_AND_SEEMS_UNSERVED								POINT(6.628992 51.854956)
2615	Stenern	Otto-Kemper-Ring	de:05554:61484:0:1	51.856926	6.628552	bus	MATCHED	n5347586850	7.5	1.0	Otto-Kemper-Ring	C1	Stenern, Krankenhaus	Krankenhaus	LINESTRING(6.628552 51.856926,6.6285391 51.856859500000006)
2616	Stenern	Otto-Kemper-Ring	de:05554:61484:0:2	51.85692	6.628543		NO_MATCH_AND_SEEMS_UNSERVED								POINT(6.628543 51.85692)
2617	Stenern	Robert-Koch-Ring	de:05554:16811:0:1	51.856876	6.625506	bus	MATCHED	n5347586851	5.3	1.0	Robert-Koch-Ring	C1	Stenern, Otto-Kemper-Ring	Otto-Kemper-Ring	LINESTRING(6.625506 51.856876,6.6255424000000005 51.856833800000004)
2618	Stenern	Robert-Koch-Ring	de:05554:16811:0:2	51.856876	6.625497		NO_MATCH_AND_SEEMS_UNSERVED								POINT(6.625497 51.856876)
2619	Stenern	Virchow-Eck	de:05554:61482:0:1	51.853169	6.625677	bus	MATCHED	n5347586853	3.5	1.0	Virchow-Eck	C1	Stenern, von-Behring-Straße	von-Behring-Straße	LINESTRING(6.625677 51.853169,6.6256839 51.8531999)
2620	Stenern	Virchow-Eck	de:05554:61482:0:2	51.853164	6.625686		NO_MATCH_AND_SEEMS_UNSERVED								POINT(6.625686 51.853164)
2621	Stenern	von-Behring-Straße	de:05554:61483:0:1	51.855572	6.624114	bus	MATCHED	n5347586852	11.5	1.0	von-Behring-Straße	C1	Stenern, Robert-Koch-Ring	Robert-Koch-Ring	LINESTRING(6.624114 51.855572,6.624199300000001 51.855660900000004)
2622	Stenern	von-Behring-Straße	de:05554:61483:0:2	51.855566	6.624123		NO_MATCH_AND_SEEMS_UNSERVED								POINT(6.624123 51.855566)
2623	Suderwick	Berkendiek	de:05554:61532:0:1	51.861464	6.526449	bus	MATCHED_THOUGH_REVERSED_DIR	n5352117565	2.8	1.0	Berkendiek	C7	Suderwick, Keminksweide	Karrenweg	LINESTRING(6.526449 51.861464,6.5264408000000005 51.86143980000001)
2624	Suderwick	Berkendiek	de:05554:61532:0:2	51.861536	6.526395	bus	MATCHED_THOUGH_REVERSED_DIR	n5352117564	4.8	1.0	Berkendiek	C7	Suderwick, Karrenweg	Keminksweide	LINESTRING(6.526395 51.861536,6.526351 51.861569800000005)
2625	Suderwick	Grenze	de:05554:61535:0:1	51.860859	6.498682	bus	MATCHED_THOUGH_REVERSED_DIR	n3415070090	4.5	1.0	Grenze	C7	Dinxperlo, Grens	Zur Mühle	LINESTRING(6.498682 51.860859,6.4986649000000005 51.860819500000005)
2626	Suderwick	Grenze	de:05554:61535:0:2	51.860881	6.498628	bus	MATCHED_THOUGH_REVERSED_DIR	n3415066803	104.8	1.0	Grenze	C7	Suderwick, Zur Mühle	Grens	LINESTRING(6.498628 51.860881,6.500109200000001 51.860668000000004)
2627	Suderwick	Karrenweg	de:05554:61533:0:1	51.861797	6.535351	bus	MATCHED_THOUGH_REVERSED_DIR	n5352117568	3.5	1.0	Karrenweg	C7	Suderwick, Berkendiek	Sporker Ringstraße	LINESTRING(6.535351 51.861797,6.5353136 51.861776000000006)
2628	Suderwick	Karrenweg	de:05554:61533:0:2	51.861902	6.535387	bus	MATCHED_THOUGH_REVERSED_DIR	n5352117567	22.8	1.0	Karrenweg	C7	Spork, Sporker Ring	Berkendiek	LINESTRING(6.535387 51.861902,6.5350574 51.8618837)
2629	Suderwick	Keiten-Schmitz	de:05554:13838	51.859805	6.505402		NO_MATCH_AND_SEEMS_UNSERVED								POINT(6.505402 51.859805)
2630	Suderwick	Keminksweide	de:05554:61534:0:1	51.860748	6.513127	bus	MATCHED_THOUGH_REVERSED_DIR	n5352117562	2.2	1.0	Keminksweide	C7	Suderwick, Zur Mühle	Berkendiek	LINESTRING(6.513127 51.860748,6.5131183 51.8607292)
2631	Suderwick	Keminksweide	de:05554:61534:0:2	51.860887	6.513001	bus	MATCHED_THOUGH_REVERSED_DIR	n5352117561	5.2	1.0	Keminksweide	C7	Suderwick, Berkendiek	Zur Mühle	LINESTRING(6.513001 51.860887,6.513015 51.860841)
2632	Suderwick	Molkerei	de:05554:16840	51.860432	6.512373		NO_MATCH_AND_SEEMS_UNSERVED								POINT(6.512373 51.860432)
2633	Suderwick	Sporker Str. 	de:05554:63310:0:1	51.860266	6.499805		NO_MATCH_AND_SEEMS_UNSERVED								POINT(6.499805 51.860266)
2634	Suderwick	Sportplatz (Ersatz)	de:05554:63311:0:1	51.858407	6.494595		MATCHED	n11292715325	45.7	0.18	Sportplatz				LINESTRING(6.494595 51.858407,6.494312000000001 51.8580352)
2635	Suderwick	Sterneborgweg	de:05554:13853:0:1	51.862224	6.521446		NO_MATCH_AND_SEEMS_UNSERVED								POINT(6.521446 51.862224)
2636	Suderwick	Turnhalle	de:05554:63309:0:1	51.858374	6.494245		NO_MATCH_AND_SEEMS_UNSERVED								POINT(6.494245 51.858374)
2637	Suderwick	Waldhäuschen	de:05554:16839	51.861508	6.529557		NO_MATCH_AND_SEEMS_UNSERVED								POINT(6.529557 51.861508)
2638	Suderwick	Zur Mühle	de:05554:61536:0:1	51.859777	6.505941	bus	MATCHED_THOUGH_REVERSED_DIR	n5352213200	21.0	1.0	Zur Mühle	C7	Suderwick, Grenze	Keminksweide	LINESTRING(6.505941 51.859777,6.5056376 51.8597593)
2639	Suderwick	Zur Mühle	de:05554:61536:0:2	51.859866	6.505959	bus	MATCHED_THOUGH_REVERSED_DIR	n5352213201	4.4	1.0	Zur Mühle	C7	Suderwick, Keminksweide	Grenze	LINESTRING(6.505959 51.859866,6.5059581 51.8599059)
2640	Südlohn	Am Vereinshaus	de:05554:16415:0:1	51.946164	6.866048	bus	MATCHED	n1841121270	5.5	1.0	Am Vereinshaus	753,B7,D76,R54,R76,T7	Südlohn, Bahnhofstr. / Weseke, Südlohner Str. / Weseke, Schlückersring	Bahnhofstraße / Schlückersring	LINESTRING(6.866048 51.946164,6.8659878 51.946131900000005)
2641	Südlohn	Am Vereinshaus	de:05554:16415:0:2	51.946236	6.865896	bus	MATCHED	n1841121272	27.9	0.49	Am Vereinshaus	753,B7,D76,R54,R76,T7	Südlohn, Beckedahl / Südlohn, Beckedahl / Südlohn, Bahnhofstr.	Beckedahl	LINESTRING(6.865896 51.946236,6.8655841 51.946396400000005)
2642	Südlohn	Bahnhofstr. 	de:05554:16416:0:1	51.944358	6.867863	bus	MATCHED	n2545389440	13.8	1.0	Bahnhofstraße	753,B7,R54,R76,T7	Südlohn, Mühlenkamp / Südlohn, Am Vereinshaus	Mühlenkamp	LINESTRING(6.867863 51.944358,6.867810100000001 51.944238000000006)
2643	Südlohn	Bahnhofstr. 	de:05554:16416:0:2	51.944298	6.867854	bus	MATCHED	n2545389442	6.4	1.0	Bahnhofstraße	753,B7,R54,R76,T7	Südlohn, Am Vereinshaus / Südlohn, Mühlenkamp	Am Vereinshaus	LINESTRING(6.867854 51.944298,6.867933300000001 51.944327400000006)
2644	Südlohn	Beckedahl	de:05554:16414:0:1	51.94979	6.871618	bus	MATCHED	n286168880	83.2	1.0	Beckedahl	753,B7,D76,R76,T7	Südlohn, Am Vereinshaus	Am Vereinshaus	LINESTRING(6.871618 51.94979,6.870408200000001 51.9497737)
2645	Südlohn	Beckedahl	de:05554:16414:0:2	51.949658	6.871214	bus	MATCHED	n286168878	71.9	1.0	Beckedahl	753,D76,R76,T7	Stadtlohn, Heisterborg / Hundewick, Gemeindestraße	Gemeindestraße / Heisterborg	LINESTRING(6.871214 51.949658,6.8722516 51.94974070000001)
2646	Südlohn	Beckedahl	de:05554:16414:0:3	51.949718	6.871492	bus	MATCHED	n5552244365	33.1	1.0	Beckedahl	B7	Südlohn, Wienkamp	Wienkamp	LINESTRING(6.871492 51.949718,6.8714561000000005 51.950015)
2647	Südlohn	Eschlohn	de:05554:30699:0:1	51.964936	6.837491	bus	NO_MATCH					731	Südlohn, Venn		POINT(6.837491 51.964936)
2648	Südlohn	Eschlohn	de:05554:30699:0:2	51.965163	6.837536	bus	NO_MATCH					731	Oeding, Hessinghook		POINT(6.837536 51.965163)
2649	Südlohn	Mühlenkamp	de:05554:16417:0:1	51.941988	6.866354	bus	MATCHED	n5299471036	6.4	1.0	Mühlenkamp	753,B7,R54,R76,T7	Südlohn, Tünte / Südlohn, Bahnhofstr. / Südlohn, Sportcampus	Tünte / Hauptschule / Sickinghook	LINESTRING(6.866354 51.941988,6.866428300000001 51.942022800000004)
2650	Südlohn	Mühlenkamp	de:05554:16417:0:2	51.942016	6.866722	bus	MATCHED	n283598609	5.1	1.0	Mühlenkamp	753,B7,R54,R76,T7	Südlohn, Bahnhofstr. / Südlohn, Sickinghook	Bahnhofstraße	LINESTRING(6.866722 51.942016,6.866775100000001 51.941983400000005)
2651	Südlohn	Sickinghook	de:05554:16420:0:1	51.940753	6.843159	bus	MATCHED	n5299471023	14.5	1.0	Sickinghook	753,B7,R54,T7	Oeding, Gewerbegebiet / Oeding, Reithalle / Südlohn, Mühlenkamp	Gewerbegebiet / Reithalle	LINESTRING(6.843159 51.940753,6.842956200000001 51.9407877)
2652	Südlohn	Sickinghook	de:05554:16420:0:2	51.940742	6.843132	bus	MATCHED	n5299471022	4.5	1.0	Sickinghook	753,B7,R54,T7	Südlohn, Sportcampus / Oeding, Gewerbegebiet	Mühlenkamp / Hauptschule	LINESTRING(6.843132 51.940742,6.8431252 51.940701700000005)
2653	Südlohn	Sportcampus	de:05554:16419:0:1	51.944442	6.858934	bus	MATCHED	n5299471026	11.3	1.0	Hauptschule	753,B7,T7	Südlohn, Sickinghook / Südlohn, Mühlenkamp / Südlohn, Am Vereinshaus	Mühlenkamp / Sickinghook	LINESTRING(6.858934 51.944442,6.858915400000001 51.9443409)
2654	Südlohn	Tünte	de:05554:60851:0:1	51.938289	6.858287	bus	MATCHED	n5343458598	49.7	1.0	Tünte	753,R76	Weseke, Abzw. Oeding	Abzweig Oeding	LINESTRING(6.858287 51.938289,6.8580142 51.937875700000006)
2655	Südlohn	Tünte	de:05554:60851:0:2	51.938632	6.858709	bus	MATCHED	n2297063475	4.5	1.0	Tünte	R76	Südlohn, Mühlenkamp / Südlohn, Beckedahl	Mühlenkamp	LINESTRING(6.858709 51.938632,6.858771600000001 51.9386189)
2656	Südlohn	Venn	de:05554:31298:0:1	51.985134	6.836503	bus	MATCHED	n10899384959	36.4	0.28	Venn, Südlohn	731	Wenningfeld, Gasthaus Pries		LINESTRING(6.836503 51.985134,6.8366268 51.984815600000005)
2657	Südlohn	Venn	de:05554:31298:0:2	51.985179	6.836485	bus	MATCHED	n10899384960	30.1	0.31	Venn, Südlohn	731	Südlohn, Eschlohn		LINESTRING(6.836485 51.985179,6.8363358000000005 51.985433)
2658	Südlohn	Wienkamp	de:05554:64452:0:1	51.964034	6.874852	bus	MATCHED	n10697654403	44.8	1.0	Wienkamp	B7	Hundewick, Vitivierter Bach	Vitivierter Bach	LINESTRING(6.874852 51.964034,6.874920100000001 51.96443420000001)
2659	Südlohn	Wienkamp	de:05554:64452:0:2	51.964051	6.874852	bus	MATCHED	n10697654404	52.0	1.0	Wienkamp	B7	Südlohn, Beckedahl	Beckedahl	LINESTRING(6.874852 51.964051,6.8748222000000005 51.9645184)
2660	Thiebrink	Engbrinkhoff	de:05554:21350:0:1	52.104266	7.000499	bus	MATCHED	n1440786635	5.5	0.66	Egbrinkhoff	829	Thiebrink, Haus Nr.24		LINESTRING(7.000499 52.104266,7.000475300000001 52.104218900000006)
2661	Thiebrink	Gesing	de:05554:21345:0:1	52.111719	7.001146	bus	MATCHED	n1261058446	5.4	0.67	Gesing	828	Thiebrink, Hintemann		LINESTRING(7.001146 52.111719,7.0010767000000005 52.1117422)
2662	Thiebrink	Haus Nr. 24	de:05554:12980:0:1	52.107559	7.005143	bus	MATCHED	n800816128	5.7	0.4	Thiebrink Haus Nr. 24	829	Stegge, Blommel		LINESTRING(7.005143 52.107559,7.005198900000001 52.1075214)
2663	Thiebrink	Hintemann	de:05554:21346:0:1	52.11189	7.008539	bus	NO_MATCH					828	Thiebrink, Rudde		POINT(7.008539 52.11189)
2664	Thiebrink	Meyer	de:05554:21344:0:1	52.115211	6.99687	bus	NO_MATCH					828	Thiebrink, Gesing		POINT(6.99687 52.115211)
2665	Thiebrink	Rudde	de:05554:21347:0:1	52.113623	7.013704	bus	MATCHED	n1261058450	8.3	0.58	Rudde	828	Thiebrink, Terbeck		LINESTRING(7.013704 52.113623,7.013588100000001 52.113600100000006)
2666	Thiebrink	Terbeck	de:05554:63135:0:1	52.118493	7.01498	bus	MATCHED	n1261058454	5.4	0.66	Thiebrink Terbeck	828	Stegge, Tombrink		LINESTRING(7.01498 52.118493,7.015047300000001 52.118518400000006)
2667	Tungerloh	Capellen	de:05554:30728:0:1	51.954369	7.057309	bus	MATCHED	n766708272	47.2	0.23	Tungerloh Capellen	761	Tungerloh Capelle, Herbstmann		LINESTRING(7.057309 51.954369,7.057979100000001 51.954274700000006)
2668	Tungerloh	Capellen	de:05554:30728:0:2	51.954402	7.057021	bus	MATCHED	n766708273	66.8	0.18	Tungerloh Capellen	761	Tungerloh		LINESTRING(7.057021 51.954402,7.057991800000001 51.954419300000005)
2669	Tungerloh Capelle	Herbstmann	de:05554:30908:0:1	51.954546	7.050113	bus	MATCHED	n766708274	33.5	0.29	Herbstmann	761	Gescher, Museumshof		LINESTRING(7.050113 51.954546,7.0496524 51.954448500000005)
2670	Tungerloh Capelle	Herbstmann	de:05554:30908:0:2	51.954629	7.049808	bus	MATCHED	n766708276	8.4	0.58	Herbstmann	761	Tungerloh, Capellen		LINESTRING(7.049808 51.954629,7.0496967 51.95465960000001)
2671	Vardingholt	Am Rötering	de:05554:35342	51.867732	6.720629		NO_MATCH_AND_SEEMS_UNSERVED								POINT(6.720629 51.867732)
2672	Vardingholt	Burloer Diek	de:05554:35336:0:1	51.865414	6.691371		MATCHED	n5571213058	11.1	0.45	Burloer Diek				LINESTRING(6.691371 51.865414,6.691280000000001 51.865332200000005)
2673	Vardingholt	Gronauer Str. 	de:05554:35341:0:1	51.876013	6.749492		MATCHED	n539834229	23.4	1.0	Gronauer Straße				LINESTRING(6.749492 51.876013,6.749203100000001 51.8761232)
2674	Vardingholt	Hagelkreuz	de:05554:30691:0:1	51.858462	6.719066	bus	MATCHED	n1277553430	40.3	1.0	Hagelkreuz	731	Vardingholt, Kirche		LINESTRING(6.719066 51.858462,6.7184819000000005 51.858486500000005)
2675	Vardingholt	Hagelkreuz	de:05554:30691:0:2	51.858529	6.7193	bus	MATCHED	n5571745859	46.5	1.0	Hagelkreuz	731	Rhede, Spoler		LINESTRING(6.7193 51.858529,6.7199662 51.8585956)
2676	Vardingholt	Kirche	de:05554:30692:0:1	51.865053	6.735343	bus	MATCHED_THOUGH_REVERSED_DIR	n1790139151	15.9	1.0	Kirche	731,BBS	Burlo, Kloster / Vardingholt, Rademacher	Schulzentrum	LINESTRING(6.735343 51.865053,6.735557900000001 51.8651044)
2677	Vardingholt	Kirche	de:05554:30692:0:2	51.86507	6.735748	bus	MATCHED_THOUGH_REVERSED_DIR	n1790138998	24.8	1.0	Kirche	731,BBS	Rhede, Schulzentrum / Vardingholt, Hagelkreuz	Kloster	LINESTRING(6.735748 51.86507,6.7354115000000006 51.8649908)
2678	Vardingholt	Kiwittstegge	de:05554:35338:0:1	51.8773	6.714206		MATCHED	n618960126	49.1	0.17	Kiwittstegge				LINESTRING(6.714206 51.8773,6.713590600000001 51.8770772)
2679	Vardingholt	Möllenbeck	de:05554:35337:0:1	51.872608	6.702564		MATCHED	n3023099659	26.7	0.27	Möllenbeck				LINESTRING(6.702564 51.872608,6.7028375 51.8727777)
2680	Vardingholt	Rademacher	de:05554:30693:0:1	51.876534	6.751989	bus	MATCHED	n539834225	11.6	1.0	Rademacher	731	Burlo, Steverding		LINESTRING(6.751989 51.876534,6.7521377000000005 51.8764844)
2681	Vardingholt	Rademacher	de:05554:30693:0:2	51.876429	6.751675	bus	MATCHED	n539834226	54.5	1.0	Rademacher	731	Vardingholt, Kirche		LINESTRING(6.751675 51.876429,6.750949100000001 51.8762344)
2682	Vardingholt	Reyerdingst. 	de:05554:35339:0:1	51.881276	6.726297		MATCHED	n618960127	93.3	0.09	Reyerdingstiege				LINESTRING(6.726297 51.881276,6.725041 51.880961600000006)
2683	Vardingholt	Siedlung	de:05554:60283:0:1	51.864986	6.737526	bus	NO_MATCH					X80	Rhede (Westf), Barloer Str.		POINT(6.737526 51.864986)
2684	Vardingholt	Siedlung	de:05554:60283:0:2	51.865003	6.737805	bus	NO_MATCH					X80	Burlo, Kloster		POINT(6.737805 51.865003)
2685	Vardingholt	Zum Venn	de:05554:35340:0:1	51.886632	6.739305		MATCHED	n443748682	20.5	0.32	Zum Venn				LINESTRING(6.739305 51.886632,6.7392873 51.886448400000006)
2686	Vehlingen	Terhorst	de:05554:6410:0:01	51.825156	6.418112	bus	MATCHED	n1455682631	3.0	0.84	Terhorst	R52	Heelden, Ort / Rees, Vierhaus	Schwarzer Weg / Heelden Ort	LINESTRING(6.418112 51.825156,6.4181153 51.825183100000004)
2687	Vehlingen	Terhorst	de:05554:6410:0:02	51.8256	6.418696	bus	MATCHED	n1455682632	6.1	0.76	Terhorst	R52	Vehlingen, Venderbosch	Venderbosch	LINESTRING(6.418696 51.8256,6.418669 51.8255477)
2688	Vehlingen	Venderbosch	de:05554:6409:0:01	51.829775	6.421598	bus	MATCHED	n1455682633	2.9	0.85	Venderbosch	R52	Vehlingen, Terhorst	Terhorst	LINESTRING(6.421598 51.829775,6.4215558 51.829770800000006)
2689	Vehlingen	Venderbosch	de:05554:6409:0:02	51.830114	6.422415	bus	MATCHED	n1455682634	2.1	0.87	Venderbosch	R52	Isselburg, Schloss Anholt	Schloss Anholt	LINESTRING(6.422415 51.830114,6.4224454 51.830111800000005)
2690	Velen	Andreas Grundschule	de:05554:29216	51.894776	6.98362		NO_MATCH_AND_SEEMS_UNSERVED								POINT(6.98362 51.894776)
2691	Velen	Brook	de:05554:63099:0:1	51.875874	7.004973	bus	NO_MATCH					SV08	Velen, Winningweg		POINT(7.004973 51.875874)
2692	Velen	Brook	de:05554:63099:0:2	51.875886	7.004973	bus	NO_MATCH					SV08	Preinhook, Papendyk		POINT(7.004973 51.875886)
2693	Velen	Ellinghaus	de:05554:16591:0:1	51.89461	6.987923	bus	MATCHED	n2092604370	1.9	1.0	Ellinghaus	714,751,N20,R51,SV08,T75	Velen, Schloss	Schloß	LINESTRING(6.987923 51.89461,6.9879376 51.894595900000006)
2694	Velen	Ellinghaus	de:05554:16591:0:2	51.89446	6.98804	bus	MATCHED	n2092599883	7.1	1.0	Ellinghaus	714,751,N20,R51,SV08,T75	Hochmoor, Sparkasse / Gescher, Gabelpunkt / Velen, Klyer Damm / Velen, Hemich Esch	Sparkasse / Gabelpunkt / Klyer Damm	LINESTRING(6.98804 51.89446,6.98812 51.8944197)
2695	Velen	Grave/Wübbelt	de:05554:16624:0:1	51.873739	6.983135	bus	MATCHED	n1496251934	10.1	0.54	Grave/Wübbelt	714	Velen, Gut Roß		LINESTRING(6.983135 51.873739,6.9832285 51.87366900000001)
2696	Velen	Grave/Wübbelt	de:05554:16624:0:2	51.873778	6.98318	bus	MATCHED	n1496251935	15.5	0.44	Grave/Wübbelt	714	Nordick, Ulick		LINESTRING(6.98318 51.873778,6.982957000000001 51.873797700000004)
2697	Velen	Gut Roß	de:05554:16623:0:1	51.879074	6.992226	bus	MATCHED	n1496251937	8.7	0.57	Gut Roß	714	Velen, Winningweg		LINESTRING(6.992226 51.879074,6.9921408000000005 51.87913210000001)
2698	Velen	Gut Roß	de:05554:16623:0:2	51.879102	6.992298	bus	MATCHED	n1496251936	9.9	0.54	Gut Roß	714	Velen, Grave/Wübbelt		LINESTRING(6.992298 51.879102,6.9923346 51.879016400000005)
2699	Velen	Hemich Esch	de:05554:16592:0:1	51.890314	6.990303	bus	MATCHED	n1496251938	9.4	0.55	Hemich Esch	714,SV08	Velen, Ellinghaus		LINESTRING(6.990303 51.890314,6.9904218 51.8902724)
2700	Velen	Hemich Esch	de:05554:16592:0:2	51.890325	6.990294	bus	MATCHED	n1496251939	4.2	0.71	Hemich Esch	714,751,SV08	Velen, Winningweg / Velen, Klyer Damm		LINESTRING(6.990294 51.890325,6.9902642 51.8902925)
2701	Velen	Impfzentrum	de:05554:60227:0:1	51.939867	6.954811		NO_MATCH_AND_SEEMS_UNSERVED								POINT(6.954811 51.939867)
2702	Velen	Klyer Damm	de:05554:31541:0:1	51.897576	7.008045	bus	MATCHED	n1496251941	4.8	1.0	Klyer Damm	751,R51	Velen, Ellinghaus	Ellinghaus	LINESTRING(7.008045 51.897576,7.008042100000001 51.8976192)
2703	Velen	Klyer Damm	de:05554:31541:0:2	51.897448	7.009051	bus	MATCHED	n1496251940	3.3	1.0	Klyer Damm	751,R51	Hochmoor, Sparkasse / Hochmoor, Autobahnbr.	Autobahnbrücke	LINESTRING(7.009051 51.897448,7.0090108 51.8974641)
2704	Velen	Pastorskamp	de:05554:16594	51.895724	6.991166		NO_MATCH_AND_SEEMS_UNSERVED								POINT(6.991166 51.895724)
2705	Velen	Rexing	de:05554:63098:0:1	51.929538	6.948442		NO_MATCH_AND_SEEMS_UNSERVED								POINT(6.948442 51.929538)
2706	Velen	Schloss	de:05554:16666:0:1	51.894161	6.982452	bus	MATCHED	n1270781628	1.2	1.0	Schloß	714,751,N20,R51,SV08	Nordvelen, Hante / Ramsdorf, Ortsmitte / Waldvelen, Sievers / Ramsdorf, Ortsmitte / Hochmoor, Sparkasse / Nordvelen, Reiker	Ortsmitte / Sievers	LINESTRING(6.982452 51.894161,6.9824659 51.894154400000005)
2707	Velen	Schloss	de:05554:16666:0:2	51.894117	6.981428	bus	MATCHED	n1270781627	14.9	1.0	Schloß	714,751,N20,R51,SV08	Nordvelen, Hante / Velen, Ellinghaus	Ellinghaus	LINESTRING(6.981428 51.894117,6.981383900000001 51.8939862)
2708	Velen	Wiechert	de:05554:35748	51.900902	6.996511		NO_MATCH_AND_SEEMS_UNSERVED								POINT(6.996511 51.900902)
2709	Velen	Winningweg	de:05554:16593:0:1	51.885185	6.994112	bus	MATCHED	n1496251951	2.4	0.79	Winningweg	714,SV08	Velen, Hemich Esch		LINESTRING(6.994112 51.885185,6.994111500000001 51.8852064)
2710	Velen	Winningweg	de:05554:16593:0:2	51.884719	6.994211	bus	MATCHED	n1496251950	3.6	0.74	Winningweg	714,SV08	Velen, Gut Roß / Velen, Brook		LINESTRING(6.994211 51.884719,6.994218200000001 51.8846873)
2711	Velen (Kr Borken)	Ärztehaus	de:05554:63129:0:1	51.896816	6.986953		NO_MATCH_AND_SEEMS_UNSERVED								POINT(6.986953 51.896816)
2712	Velen-Ramsdorf	Dowe	de:05554:36148:0:1	51.874416	6.916084		NO_MATCH_AND_SEEMS_UNSERVED								POINT(6.916084 51.874416)
2713	Velen-Ramsdorf	Dowe	de:05554:36148:0:2	51.874582	6.915968		NO_MATCH_AND_SEEMS_UNSERVED								POINT(6.915968 51.874582)
2714	Vreden	Abzw. Ostendarper Str. 	de:05554:30934:0:1	52.030859	6.836557		NO_MATCH_AND_SEEMS_UNSERVED								POINT(6.836557 52.030859)
2715	Vreden	Am Stadtpark	de:05554:61587:0:1	52.033346	6.816677	bus	MATCHED	n5367619158	45.6	1.0	Am Stadtpark	762,782,B2,B3,R61	Vreden, Schulzentrum / Vreden, Gymnasium	Gymnasium	LINESTRING(6.816677 52.033346,6.8172942 52.033194200000004)
2716	Vreden	Am Stadtpark	de:05554:61587:0:2	52.033274	6.817117	bus	MATCHED	n5367619159	31.0	1.0	Am Stadtpark	782,B2,B3	Vreden, Berkelsee / Vreden, Busbahnhof	Berkelsee	LINESTRING(6.817117 52.033274,6.817439 52.0330786)
2717	Vreden	An´t Lindeken	de:05554:36972:0:1	52.043662	6.816021	bus	NO_MATCH					B2	Vreden, Neuer Friedhof		POINT(6.816021 52.043662)
2718	Vreden	An´t Lindeken	de:05554:36972:0:2	52.043673	6.816003	bus	NO_MATCH					B2	Vreden, Krankenhaus Nord		POINT(6.816003 52.043673)
2719	Vreden	Beatrixstraße	de:05554:30721:0:1	52.033843	6.835371	bus	NO_MATCH					762	Vreden, Am Stadtpark		POINT(6.835371 52.033843)
2720	Vreden	Beatrixstraße	de:05554:30721:0:2	52.03397	6.835425	bus	NO_MATCH					762	Kleinemast, Siedlung		POINT(6.835425 52.03397)
2721	Vreden	Berkelsee	de:05554:16383:0:1	52.031395	6.832281	bus	MATCHED	n5367562188	2.5	1.0	Berkelsee	B2,B3,R61,R71	Vreden, Busbahnhof / Großemast, Siedlung / Vreden, Winterswijker Str.	Busbahnhof	LINESTRING(6.832281 52.031395,6.8323119000000005 52.031383100000006)
2722	Vreden	Berkelsee	de:05554:16383:0:2	52.031367	6.832119	bus	MATCHED	n5367562187	2.0	1.0	Berkelsee	763,B2,B3,R61,R71	Vreden, Am Stadtpark / Vreden, Busbahnhof / Vreden, Winterswijker Str.	Siedlung / Winterswyker Straße	LINESTRING(6.832119 52.031367,6.832146900000001 52.031370700000004)
2723	Vreden	Busbahnhof	de:05554:16382:0:A	52.035434	6.828059	bus	MATCHED	n5203791745	10.5	1.0	Busbahnhof	731,763,770,782,R61,R71,S70,X80	Vreden, Klosterhook / Vreden, Am Stadtpark / Vreden, Winterswijker Str. / Vreden, Berkelsee / Vreden, Gymnasium	Berkelsee	LINESTRING(6.828059 52.035434,6.828016300000001 52.035524900000006)
2724	Vreden	Busbahnhof	de:05554:16382:0:B	52.035556	6.827744	bus	MATCHED	n5203791747	5.6	1.0	Busbahnhof	770,R61,S70	Vreden, Ottensteiner Str. / Vreden, Berkelsee	Berkelsee	LINESTRING(6.827744 52.035556,6.827804400000001 52.035589200000004)
2725	Vreden	Busbahnhof	de:05554:16382:0:C	52.035694	6.828068	bus	MATCHED	n5203791746	1.1	1.0	Busbahnhof	S70,X80	Vreden, Ottensteiner Str. / Köckelwick, Abzw. Antoniusheim	Klosterhook / Ottensteiner Straße / Abzweig Antoniusheim	LINESTRING(6.828068 52.035694,6.8280520000000005 52.035695800000006)
2726	Vreden	Busbahnhof	de:05554:16382:0:D	52.035329	6.828077	bus	MATCHED	n1890159743	13.3	1.0	Busbahnhof	762,B2,B3	Vreden, Beatrixstraße / Vreden, Beatrixstraße / Vreden, Berkelsee	Ort / Berkelsee	LINESTRING(6.828077 52.035329,6.828258600000001 52.0352885)
2727	Vreden	Danziger Str. 	de:05554:29931:0:1	52.038441	6.833969		MATCHED	n5553860449	17.6	1.0	Danziger Straße				LINESTRING(6.833969 52.038441,6.8339252 52.038597200000005)
2728	Vreden	Danziger Str. 	de:05554:29931:0:2	52.038518	6.833835		MATCHED	n5553860450	10.6	1.0	Danziger Straße				LINESTRING(6.833835 52.038518,6.8338716 52.0384255)
2729	Vreden	Felizitas/Georgschule	de:05554:30909	52.029858	6.83229		NO_MATCH_AND_SEEMS_UNSERVED								POINT(6.83229 52.029858)
2730	Vreden	Freibad	de:05554:16443:0:1	52.040889	6.846851	bus	MATCHED	n4670304788	3.1	1.0	Freibad	770,S70	Vreden, Ottensteiner Str. / Vreden, Röringhoff	Röringhoff / Ottensteiner Straße	LINESTRING(6.846851 52.040889,6.8468078000000006 52.0408805)
2731	Vreden	Freibad	de:05554:16443:0:2	52.0409	6.847103	bus	MATCHED	n1801094271	9.1	1.0	Freibad	770,S70	Doemern, Ehrenmal	Reithalle	LINESTRING(6.847103 52.0409,6.8471717000000005 52.0408301)
2732	Vreden	Geling	de:05554:31241	52.055888	6.801936		NO_MATCH_AND_SEEMS_UNSERVED								POINT(6.801936 52.055888)
2733	Vreden	Gert-Bülsinck-Str. 	de:05554:30978:0:1	52.033312	6.812248		NO_MATCH_AND_SEEMS_UNSERVED								POINT(6.812248 52.033312)
2734	Vreden	Gutenbergstraße	de:05554:31208	52.036628	6.835649		NO_MATCH_AND_SEEMS_UNSERVED								POINT(6.835649 52.036628)
2735	Vreden	Gymnasium	de:05554:61586:0:1	52.03807	6.816677	bus	MATCHED	n5367619157	2.5	1.0	Gymnasium	782,B2,B3,R61	Vreden, Busbahnhof / Vreden, Windmühlentor / Vreden, An´t Lindeken / Vreden, Krankenhaus Nord / Ellewick, Hühnerbrücke / Vreden, Berkelsee		LINESTRING(6.816677 52.03807,6.8166558 52.0380881)
2736	Vreden	Gymnasium	de:05554:61586:0:2	52.037855	6.816309	bus	MATCHED	n5367619156	25.1	1.0	Gymnasium	782,B2,B3	Vreden, Am Stadtpark	Am Stadtpark / Busbahnhof	LINESTRING(6.816309 52.037855,6.8164185 52.038070000000005)
2737	Vreden	Harlemanns Bülten	de:05554:30931:0:1	52.041861	6.831418	bus	MATCHED_THOUGH_REVERSED_DIR	n5555005302	5.0	1.0	Harlemanns Bülten	B2,B3	Köckelwick, Walenzus	Rathaus	LINESTRING(6.831418 52.041861,6.8313785000000005 52.041899300000004)
2738	Vreden	Harlemanns Bülten	de:05554:30931:0:2	52.04196	6.831517	bus	MATCHED	n5555005301	7.3	1.0	Harlemanns Bülten	B2,B3	Vreden, Rathaus		LINESTRING(6.831517 52.04196,6.8315394000000005 52.041896)
2739	Vreden	Hermann-Löns-Weg	de:05554:30904:0:1	52.031489	6.85181		NO_MATCH_AND_SEEMS_UNSERVED								POINT(6.85181 52.031489)
2740	Vreden	Karl-Arnold-Str. 	de:05554:31001:0:1	52.043822	6.825157		NO_MATCH_AND_SEEMS_UNSERVED								POINT(6.825157 52.043822)
2741	Vreden	Kleinemast	de:05554:30912:0:1	52.028244	6.845136		NO_MATCH_AND_SEEMS_UNSERVED								POINT(6.845136 52.028244)
2742	Vreden	Klosterhook	de:05554:30702:0:1	52.021738	6.82381	bus	MATCHED	n9921199140	60.6	1.0	Klosterhook	731,X80	Vreden, Busbahnhof / Vreden, Winterswijker Str.	Busbahnhof	LINESTRING(6.82381 52.021738,6.8235014000000005 52.022248000000005)
2743	Vreden	Klosterhook	de:05554:30702:0:2	52.021843	6.823711	bus	MATCHED	n9921199141	54.5	1.0	Klosterhook	731,X80	Großemast, Zollhäuser / Oeding, Woorteweg	Woorteweg	LINESTRING(6.823711 52.021843,6.824064300000001 52.021404700000005)
2744	Vreden	Krankenhaus Nord	de:05554:61585:0:1	52.046928	6.814144	bus	MATCHED	n1951174760	1.4	1.0	Krankenhaus Nord	B2	Vreden, An´t Lindeken		LINESTRING(6.814144 52.046928,6.8141639000000005 52.046930200000006)
2745	Vreden	Krankenhaus Nord	de:05554:61585:0:3	52.046916	6.814126	bus	MATCHED	n1951174801	9.7	1.0	Krankenhaus Nord	B2	Vreden, Gymnasium / Vreden, Windmühlentor	Gymnasium	LINESTRING(6.814126 52.046916,6.8141116 52.0468296)
2746	Vreden	Krankenhaus Süd	de:05554:30911	52.046662	6.809984		NO_MATCH_AND_SEEMS_UNSERVED								POINT(6.809984 52.046662)
2747	Vreden	Marienschule	de:05554:30595	52.033484	6.820117		NO_MATCH_AND_SEEMS_UNSERVED								POINT(6.820117 52.033484)
2748	Vreden	Markt	de:05554:31004:0:1	52.035799	6.823208		MATCHED	n10695304614	19.9	1.0	Markt			Busbahnhof	LINESTRING(6.823208 52.035799,6.8229208 52.035772)
2749	Vreden	Moorbach	de:05554:30971:0:1	52.039176	6.841911		MATCHED	n1890159645	4.4	0.67	Moorbach				LINESTRING(6.841911 52.039176,6.841848700000001 52.039166400000006)
2750	Vreden	Moorbachstraße	de:05554:30903:0:1	52.035003	6.852708		NO_MATCH_AND_SEEMS_UNSERVED								POINT(6.852708 52.035003)
2751	Vreden	Mühlengrund	de:05554:30913	52.049972	6.814683		NO_MATCH_AND_SEEMS_UNSERVED								POINT(6.814683 52.049972)
2752	Vreden	Neuer Friedhof	de:05554:30967:0:1	52.039756	6.811799	bus	MATCHED_THOUGH_DISTANT	n11293207782	322.9	1.0	Neuer Friedhof	B2	Vreden, An´t Lindeken / Ellewick, Hühnerbrücke	Windmühlentor	LINESTRING(6.811799 52.039756,6.807410900000001 52.040805500000005)
2753	Vreden	Norbertschule	de:05554:30932	52.038938	6.828427		NO_MATCH_AND_SEEMS_UNSERVED								POINT(6.828427 52.038938)
2754	Vreden	Oldenkotter Straße	de:05554:30910	52.044463	6.811745		NO_MATCH_AND_SEEMS_UNSERVED								POINT(6.811745 52.044463)
2755	Vreden	Ostendarper Str. 	de:05554:11233	52.033804	6.83131		NO_MATCH_AND_SEEMS_UNSERVED								POINT(6.83131 52.033804)
2756	Vreden	Ottensteiner Str. 	de:05554:16385:0:1	52.037076	6.832155	bus	MATCHED	n4670304787	5.8	1.0	Ottensteiner Straße	770,BBS,S70	Vreden, Busbahnhof / Vreden, Busbahnhof / Oeding, Pfarrer-Becker-Straße	Kloster / Busbahnhof	LINESTRING(6.832155 52.037076,6.8320699000000005 52.0370779)
2757	Vreden	Ottensteiner Str. 	de:05554:16385:0:2	52.037114	6.832505	bus	MATCHED	n1205980017	5.8	1.0	Ottensteiner Straße	770,BBS,S70	Ottenstein, Textilstr. / Vreden, Freibad / Vreden, Röringhoff / Ahaus, BBS	BBS / Freibad	LINESTRING(6.832505 52.037114,6.8324897 52.0370624)
2758	Vreden	Rathaus	de:05554:31375:0:1	52.038573	6.825705	bus	MATCHED_THOUGH_REVERSED_DIR	n5553860448	14.0	1.0	Rathaus	B2,B3	Vreden, Harlemanns Bülten	Windmühlentor	LINESTRING(6.825705 52.038573,6.8259014 52.0386066)
2759	Vreden	Rathaus	de:05554:31375:0:2	52.038579	6.825894	bus	MATCHED	n5553860447	8.5	1.0	Rathaus	B2,B3	Vreden, Windmühlentor		LINESTRING(6.825894 52.038579,6.825881300000001 52.0385031)
2760	Vreden	Runddiek	de:05554:30914	52.055551	6.812581		NO_MATCH_AND_SEEMS_UNSERVED								POINT(6.812581 52.055551)
2761	Vreden	Röringhoff	de:05554:19105:0:1	52.038264	6.836691	bus	MATCHED	n1574500393	9.5	1.0	Röringhoff	770	Vreden, Ottensteiner Str.	Ottensteiner Straße	LINESTRING(6.836691 52.038264,6.836676000000001 52.0383488)
2762	Vreden	Röringhoff	de:05554:19105:0:2	52.038264	6.836691	bus	MATCHED	n1205980023	4.5	1.0	Röringhoff	770	Vreden, Freibad		LINESTRING(6.836691 52.038264,6.8367336000000005 52.0382333)
2763	Vreden	Schulzentrum	de:05554:30719:0:1	52.038441	6.813245	bus	NO_MATCH					762			POINT(6.813245 52.038441)
2764	Vreden	Stettiner Platz	de:05554:30970	52.040192	6.830493		NO_MATCH_AND_SEEMS_UNSERVED								POINT(6.830493 52.040192)
2765	Vreden	Stresemannstraße	de:05554:30973	52.041082	6.852097		MATCHED	n1890159737	3.6	0.71	Stresemannstraße				LINESTRING(6.852097 52.041082,6.8520681 52.0410545)
2766	Vreden	Südlohner Diek	de:05554:30957:0:1	52.024303	6.822678		NO_MATCH_AND_SEEMS_UNSERVED								POINT(6.822678 52.024303)
2767	Vreden	Viehmarkt	de:05554:16384:0:1	52.035799	6.828777		NO_MATCH_AND_SEEMS_UNSERVED								POINT(6.828777 52.035799)
2768	Vreden	Viehmarkt	de:05554:16384:0:2	52.035761	6.828705		NO_MATCH_AND_SEEMS_UNSERVED								POINT(6.828705 52.035761)
2769	Vreden	Von-der-Flüe-Platz	de:05554:30998:0:1	52.036346	6.807272		NO_MATCH_AND_SEEMS_UNSERVED								POINT(6.807272 52.036346)
2770	Vreden	Wendfelder Damm	de:05554:30972:0:1	52.039159	6.851927		MATCHED	n1890159767	3.5	0.71	Wendfelder Damm				LINESTRING(6.851927 52.039159,6.851902900000001 52.0391312)
2771	Vreden	Windmühlentor	de:05554:31376:0:1	52.037888	6.822211	bus	MATCHED_THOUGH_REVERSED_DIR	n5553860443	28.2	1.0	Windmühlentor	B2,B3	Vreden, Rathaus	Krankenhaus Nord	LINESTRING(6.822211 52.037888,6.821841900000001 52.037776300000004)
2772	Vreden	Windmühlentor	de:05554:31376:0:2	52.037739	6.822013	bus	MATCHED	n5553860444	33.6	1.0	Windmühlentor	B2,B3	Vreden, An´t Lindeken / Vreden, Gymnasium	Markt	LINESTRING(6.822013 52.037739,6.8215871 52.0375907)
2773	Vreden	Winterswijker Str. 	de:05554:12981:0:1	52.030317	6.819004	bus	MATCHED	n5550613918	31.5	1.0	Winterswyker Straße	731,B3,R71	Gaxel, Marienhook II / Vreden, Berkelsee / Vreden, Busbahnhof	Berkelsee	LINESTRING(6.819004 52.030317,6.818808300000001 52.0300613)
2774	Vreden	Winterswijker Str. 	de:05554:12981:0:2	52.03035	6.819048	bus	MATCHED	n5550613919	23.9	1.0	Winterswyker Straße	731,B3,R71	Gaxel, Birkhahnweg / Vreden, Berkelsee / Vreden, Klosterhook	Birkhahnweg / Haus Früchting	LINESTRING(6.819048 52.03035,6.819162400000001 52.030553100000006)
2775	Vreden	Zum Pferdemarkt	de:05554:30969	52.042408	6.823432		NO_MATCH_AND_SEEMS_UNSERVED								POINT(6.823432 52.042408)
2776	Vreden	Ölbachstr. /Forellenweg	de:05554:30968	52.042701	6.817872		NO_MATCH_AND_SEEMS_UNSERVED								POINT(6.817872 52.042701)
2777	Waldvelen	Alferding	de:05554:34706	51.886033	6.997436		NO_MATCH_AND_SEEMS_UNSERVED								POINT(6.997436 51.886033)
2778	Waldvelen	Brüninghoff	de:05554:29201	51.885557	6.993852		NO_MATCH_AND_SEEMS_UNSERVED								POINT(6.993852 51.885557)
2779	Waldvelen	Dalke	de:05554:34711:0:1	51.892642	6.95579		NO_MATCH_AND_SEEMS_UNSERVED								POINT(6.95579 51.892642)
2780	Waldvelen	Dirks	de:05554:29917	51.877472	6.971106		MATCHED	n1270781629	1.1	0.86	Dirks				LINESTRING(6.971106 51.877472,6.9710932 51.87746550000001)
2781	Waldvelen	Gossling	de:05554:34701	51.875131	6.988246		NO_MATCH_AND_SEEMS_UNSERVED								POINT(6.988246 51.875131)
2782	Waldvelen	Haget	de:05554:24985	51.902969	6.999277		NO_MATCH_AND_SEEMS_UNSERVED								POINT(6.999277 51.902969)
2783	Waldvelen	Hellmann	de:05554:34703	51.880189	6.999682		NO_MATCH_AND_SEEMS_UNSERVED								POINT(6.999682 51.880189)
2784	Waldvelen	Klöpper/Schreinerei	de:05554:34702	51.876773	6.997481		NO_MATCH_AND_SEEMS_UNSERVED								POINT(6.997481 51.876773)
2785	Waldvelen	Lechtenberg	de:05554:34704	51.881492	7.041372		NO_MATCH_AND_SEEMS_UNSERVED								POINT(7.041372 51.881492)
2786	Waldvelen	Muno	de:05554:29202	51.872231	7.022679		NO_MATCH_AND_SEEMS_UNSERVED								POINT(7.022679 51.872231)
2787	Waldvelen	Parkplatz Papendyk	de:05554:36799:0:1	51.872186	7.022768		NO_MATCH_AND_SEEMS_UNSERVED								POINT(7.022768 51.872186)
2788	Waldvelen	Parkplatz Papendyk	de:05554:36799:0:2	51.872147	7.022777		NO_MATCH_AND_SEEMS_UNSERVED								POINT(7.022777 51.872147)
2789	Waldvelen	Schneermann	de:05554:34705	51.884997	7.011207		NO_MATCH_AND_SEEMS_UNSERVED								POINT(7.011207 51.884997)
2790	Waldvelen	Schüttert	de:05554:34708	51.897526	7.012249		NO_MATCH_AND_SEEMS_UNSERVED								POINT(7.012249 51.897526)
2791	Waldvelen	Sievers	de:05554:30614:0:1	51.892149	6.947678	bus	MATCHED	n5364017419	4.9	1.0	Sievers	751,R51	Ramsdorf, Ortsmitte	Ortsmitte	LINESTRING(6.947678 51.892149,6.947612 51.8921653)
2792	Waldvelen	Sievers	de:05554:30614:0:2	51.892032	6.947624	bus	MATCHED	n5364017418	34.5	1.0	Sievers	751,R51	Velen, Schloss	Schloß	LINESTRING(6.947624 51.892032,6.9471252 51.8919998)
2793	Waldvelen	Tenk	de:05554:34710	51.907397	7.003383		NO_MATCH_AND_SEEMS_UNSERVED								POINT(7.003383 51.907397)
2794	Waldvelen	Tepfert	de:05554:34712	51.894	6.963273		NO_MATCH_AND_SEEMS_UNSERVED								POINT(6.963273 51.894)
2795	Waldvelen	Ven der Buss	de:05554:34709	51.899954	7.012635		MATCHED	n1496260093	8.0	0.44	ven der Buss				LINESTRING(7.012635 51.899954,7.0125280000000005 51.899925700000004)
2796	Waldvelen	Wellermann	de:05554:34707	51.874133	7.015753		NO_MATCH_AND_SEEMS_UNSERVED								POINT(7.015753 51.874133)
2797	Wehr	Am Pöppelbrook	de:05554:35492:0:1	52.065531	7.099907		NO_MATCH_AND_SEEMS_UNSERVED								POINT(7.099907 52.065531)
2798	Wehr	Am Pöppelbrook	de:05554:35492:0:2	52.065553	7.099979	bus	MATCHED	n13280098695	41.8	0.24	Am Pöppelbrock	774	Wehr, Kriegerdenkmal / Wehr, Kriegerdenkmal		LINESTRING(7.099979 52.065553,7.099929700000001 52.0651786)
2799	Wehr	Autobahn	de:05554:31012:0:1	52.077138	7.0823	bus	NO_MATCH					774	Wehr, Düstermühle		POINT(7.0823 52.077138)
2800	Wehr	Autobahn	de:05554:31012:0:2	52.077188	7.081994	bus	NO_MATCH					774	Ahaus, Jägerhaus		POINT(7.081994 52.077188)
2801	Wehr	Düstermühle	de:05554:31011:0:1	52.077403	7.096421	bus	MATCHED	n2901543492	76.9	0.17	Düstermühle	774	Wehr, Am Pöppelbrook / Gemen, Konert		LINESTRING(7.096421 52.077403,7.0963038 52.076715500000006)
2802	Wehr	Düstermühle	de:05554:31011:0:2	52.077513	7.096475	bus	NO_MATCH_BUT_OTHER_PLATFORM_MATCHED					774	Wehr, Autobahn		POINT(7.096475 52.077513)
2803	Wehr	Heuser	de:05554:17476:0:1	52.058484	7.117083	bus	MATCHED	n5339317748	17.0	1.0	Heuser	774,B1	Asbeck, Hotel Enseling / Asbeck, Feuerwehr	Hotel Enseling	LINESTRING(7.117083 52.058484,7.117322100000001 52.058444400000006)
2804	Wehr	Heuser	de:05554:17476:0:2	52.058484	7.117083	bus	MATCHED	n5339317747	18.4	1.0	Heuser	B1	Wehr, Vinkelau	Vinkelau	LINESTRING(7.117083 52.058484,7.1168795000000005 52.0585912)
2805	Wehr	Kriegerdenkmal	de:05554:17478:0:1	52.065454	7.107587	bus	MATCHED	n5339317757	10.4	1.0	Kriegerdenkmal	774,B1	Wehr, Vinkelau / Gemen, Konert	Vinkelau	LINESTRING(7.107587 52.065454,7.1075106 52.0653729)
2806	Wehr	Kriegerdenkmal	de:05554:17478:0:2	52.065454	7.107587	bus	MATCHED	n5339317756	12.9	1.0	Kriegerdenkmal	774,B1	Gemen, Rölfer / Wehr, Vinkelau	Röfler	LINESTRING(7.107587 52.065454,7.1076138 52.0653391)
2807	Wehr	Ochsenweg	de:05554:60824:0:1	52.049767	7.066067	bus	MATCHED_AMBIGUOUSLY	n2945943772	98.0	1.0	Ochsenweg	781,N14	Wehr, Schule / Ammeln, Gasth. Enning	Gasthaus Enning	LINESTRING(7.066067 52.049767,7.0648549 52.050233600000006)
2808	Wehr	Ochsenweg	de:05554:60824:0:1	52.049767	7.066067	bus	MATCHED_AMBIGUOUSLY	n8526119988	71.6	1.0	Ochsenweg	781,N14	Wehr, Schule / Ammeln, Gasth. Enning	Schule	LINESTRING(7.066067 52.049767,7.0650753 52.04996920000001)
2809	Wehr	Ochsenweg	de:05554:60824:0:2	52.049773	7.066031	bus	NO_MATCH_BUT_OTHER_PLATFORM_MATCHED					781,N14	Ammeln, Gasth. Enning / Wehr, Schule		POINT(7.066031 52.049773)
2810	Wehr	Schule	de:05554:60825:0:1	52.046944	7.078778	bus	MATCHED	n2945930139	13.9	1.0	Schule	781,N14	Legden, Dorf Münsterland / Wehr, Ochsenweg	Ochsenweg	LINESTRING(7.078778 52.046944,7.0787569 52.047068200000005)
2811	Wehr	Schule	de:05554:60825:0:2	52.046944	7.078778	bus	MATCHED	n1251590469	5.4	1.0	Schule	781,N14	Legden, Brüggemann / Wehr, Ochsenweg	Dorf Münsterland / Brüggemann	LINESTRING(7.078778 52.046944,7.0787906000000005 52.046896200000006)
2812	Wehr	Vinkelau	de:05554:17477:0:1	52.059147	7.107291	bus	MATCHED	n5339317751	21.7	1.0	Vinkelau	774,812,B1	Asbeck, Volksbank / Wehr, Heuser	Heuser	LINESTRING(7.107291 52.059147,7.106991600000001 52.059085100000004)
2813	Wehr	Vinkelau	de:05554:17477:0:2	52.059147	7.107291	bus	MATCHED	n5339317752	16.3	1.0	Vinkelau	B1	Wehr, Kriegerdenkmal	Kriegerdenkmal	LINESTRING(7.107291 52.059147,7.1070586 52.0591791)
2814	Wendfeld	Abzw. Vreden	de:05554:16402:0:1	52.02285	6.917396	bus	MATCHED	n1787640440	6.1	1.0	Abzweig Vreden	753,861,R76	Wendfeld, Vortkamp	Vortkamp	LINESTRING(6.917396 52.02285,6.9173103000000005 52.022863900000004)
2815	Wendfeld	Abzw. Vreden	de:05554:16402:0:2	52.022838	6.917432	bus	MATCHED	n1787640452	7.6	1.0	Abzweig Vreden	753,861,R76	Wendfeld, Transformator	Transformator	LINESTRING(6.917432 52.022838,6.9174967 52.0227821)
2816	Wendfeld	Schulze Thering	de:05554:16400:0:1	52.037529	6.934347	bus	MATCHED	n1787640419	5.5	1.0	Schulze Thering	753,861,R76	Wendfeld, Transformator	Transformator	LINESTRING(6.934347 52.037529,6.9343304 52.0375771)
2817	Wendfeld	Schulze Thering	de:05554:16400:0:2	52.037369	6.934329	bus	MATCHED	n1787640217	31.1	1.0	Schulze Thering	753,861,R76	Wüllen, Abzw. Ottenstein / Wendfeld, Wolters	Abzweig Ottenstein	LINESTRING(6.934329 52.037369,6.9341318 52.0371168)
2818	Wendfeld	Transformator	de:05554:16401:0:1	52.030859	6.924861	bus	MATCHED	n795442648	5.9	1.0	Transformator	753,861,R76	Wendfeld, Abzw. Vreden	Abzweig Vreden	LINESTRING(6.924861 52.030859,6.924922700000001 52.030895900000004)
2819	Wendfeld	Transformator	de:05554:16401:0:2	52.031234	6.925777	bus	MATCHED	n795442484	11.4	1.0	Transformator	753,861,R76	Wendfeld, Schulze Thering	Schulze Thering	LINESTRING(6.925777 52.031234,6.9257365 52.0311345)
2820	Wendfeld	Vortkamp	de:05554:16403:0:1	52.012135	6.91568	bus	MATCHED	n5343368148	4.2	1.0	Vortkamp	753,861,R76	Hengeler, Jüttermann / Stadtlohn, Lohner Str. / Stadtlohn, Gotenstraße	Lohner Straße	LINESTRING(6.91568 52.012135,6.9156200000000005 52.0121412)
2821	Wendfeld	Vortkamp	de:05554:16403:0:2	52.012218	6.915734	bus	MATCHED	n5343368149	61.8	1.0	Vortkamp	753,861,R76	Wendfeld, Abzw. Vreden	Abzweig Vreden	LINESTRING(6.915734 52.012218,6.9158721000000005 52.0127669)
2822	Wendfeld	Wolters	de:05554:16961:0:1	52.037645	6.934087	bus	MATCHED	n8111387837	8.8	0.57	Wendfeld, Wolters	861	Hengeler, Jüttermann / Wendfeld, Transformator		LINESTRING(6.934087 52.037645,6.934192 52.0376904)
2823	Wennewick	Baumeister	de:05554:31156:0:1	52.087439	6.775768	bus	MATCHED	n10697530019	8.2	1.0	Baumeister	B2	Ammeloe, Molkerei	Kindergarten	LINESTRING(6.775768 52.087439,6.775651600000001 52.087456800000005)
2824	Wennewick	Baumeister	de:05554:31156:0:2	52.087571	6.775651	bus	NO_MATCH_BUT_OTHER_PLATFORM_MATCHED					B2	Oldenkott, Kirche		POINT(6.775651 52.087571)
2825	Wennewick	Kadaverplatz	de:05554:30953	52.105148	6.786206		NO_MATCH_AND_SEEMS_UNSERVED								POINT(6.786206 52.105148)
2826	Wennewick	Lenfort	de:05554:30954	52.097086	6.792934		NO_MATCH_AND_SEEMS_UNSERVED								POINT(6.792934 52.097086)
2827	Wennewick	Schule	de:05554:30952	52.101733	6.775848		NO_MATCH_AND_SEEMS_UNSERVED								POINT(6.775848 52.101733)
2828	Wenningfeld	Anhalt	de:05554:16379:0:1	51.999616	6.881679	bus	MATCHED	n3297596608	5.9	1.0	Anhalt	763,R61	Großemast, Rosker	Rosker	LINESTRING(6.881679 51.999616,6.8817601 51.9996324)
2829	Wenningfeld	Anhalt	de:05554:16379:0:2	51.999704	6.881284	bus	MATCHED	n2589251806	2.5	1.0	Anhalt	R61	Stadtlohn, Krankenhaus / Stadtlohn, Lüdiger	Lüdiger	LINESTRING(6.881284 51.999704,6.881311200000001 51.9996893)
2830	Wenningfeld	Breslauer Str. 	de:05554:16952:0:1	51.996978	6.870064	bus	MATCHED	n1801319931	83.4	0.28	Breslauer Straße	860	Wenningfeld, Kindergarten	Kindergarten	LINESTRING(6.870064 51.996978,6.8712416 51.997159800000006)
2831	Wenningfeld	Breslauer Str. 	de:05554:16952:0:2	51.997121	6.870711	bus	MATCHED	n1801319929	31.2	0.42	Breslauer Straße	860	Wenningfeld, Pumpstation	Pumpstation	LINESTRING(6.870711 51.997121,6.8711237 51.997238200000005)
2832	Wenningfeld	Flugplatz	de:05554:16950:0:1	51.997796	6.850427	bus	MATCHED	n13041838792	43.5	0.25	Flugplatz	860	Wenningfeld, Pumpstation / Großemast, Bülten	Bülten / Breslauer Straße	LINESTRING(6.850427 51.997796,6.8499099 51.9975706)
2833	Wenningfeld	Gasthaus Pries	de:05554:30700:0:1	51.992403	6.830439	bus	MATCHED	n13041838795	16.3	0.43	Gasthaus Pries	731,860	Großemast, Zollhäuser / Wenningfeld, Pries / Großemast, Bülten	Pries / Bülten	LINESTRING(6.830439 51.992403,6.830241200000001 51.992484000000005)
2834	Wenningfeld	Gasthaus Pries	de:05554:30700:0:2	51.992403	6.829586	bus	NO_MATCH_BUT_OTHER_PLATFORM_MATCHED					731	Südlohn, Venn		POINT(6.829586 51.992403)
2835	Wenningfeld	Heidekrug	de:05554:16954:0:1	51.998399	6.881194	bus	MATCHED	n13041838789	23.0	0.53	Heidekrug	860	Stadtlohn, Lüdiger / Stadtlohn, Hordtschule	Lüdiger / Hordtschule	LINESTRING(6.881194 51.998399,6.881529100000001 51.998406700000004)
2836	Wenningfeld	Heidekrug	de:05554:16954:0:2	51.998399	6.881194	bus	MATCHED	n13041838788	16.3	0.59	Heidekrug	860	Wenningfeld, Kindergarten	Kindergarten	LINESTRING(6.881194 51.998399,6.880967200000001 51.998440900000006)
2837	Wenningfeld	Kindergarten	de:05554:16953:0:1	51.998454	6.876442	bus	MATCHED	n13041838790	4.7	0.69	Kindergarten	860	Wenningfeld, Heidekrug / Wenningfeld, Breslauer Str.	Heidekrug / Breslauer Straße	LINESTRING(6.876442 51.998454,6.876487200000001 51.9984855)
2838	Wenningfeld	Klöpper	de:05554:16947:0:1	51.988249	6.845962	bus	MATCHED	n1890159631	5.7	0.65	Klöpper	860	Hordt, Schücker / Wenningfeld, Pries	Pries / Schücker	LINESTRING(6.845962 51.988249,6.845941600000001 51.9881989)
2839	Wenningfeld	Pries	de:05554:16948:0:1	51.991037	6.835299	bus	MATCHED	n13041838796	9.1	0.56	Pries	860	Wenningfeld, Gasthaus Pries / Wenningfeld, Klöpper	Klöpper / Gasthaus Pries	LINESTRING(6.835299 51.991037,6.8351698 51.9910561)
2840	Wenningfeld	Pumpstation	de:05554:16951:0:1	51.995766	6.859697	bus	MATCHED	n1890159665	56.7	0.21	Pumpstation	860	Wenningfeld, Breslauer Str.		LINESTRING(6.859697 51.995766,6.860491400000001 51.995627400000004)
2841	Wenningfeld	Pumpstation	de:05554:16951:0:2	51.9958	6.859302	bus	MATCHED	n13041838791	83.6	0.31	Pumpstation	860	Wenningfeld, Flugplatz	Flugplatz	LINESTRING(6.859302 51.9958,6.858155 51.9960505)
2842	Werth	Ehrenmal	de:05554:6400:0:01	51.821225	6.511169	bus	MATCHED	n1455682635	3.5	0.83	Ehrenmal	R52	Werth, Ärztehaus	Ärztehaus	LINESTRING(6.511169 51.821225,6.511217 51.821234600000004)
2843	Werth	Ehrenmal	de:05554:6400:0:02	51.821186	6.511357	bus	MATCHED	n1455682636	24.5	0.52	Ehrenmal	R52	Liedern, Zur Mühle	Zur Mühle	LINESTRING(6.511357 51.821186,6.5115981000000005 51.821348)
2844	Werth	Kampkesdeich	de:05554:37056:0:1	51.817549	6.510333		NO_MATCH_AND_SEEMS_UNSERVED								POINT(6.510333 51.817549)
2845	Werth	Kampkesdeich	de:05554:37056:0:2	51.81756	6.510405		NO_MATCH_AND_SEEMS_UNSERVED								POINT(6.510405 51.81756)
2846	Werth	Ärztehaus	de:05554:37244:0:1	51.817882	6.508681	bus	MATCHED	n9692180927	6.2	0.76	Ärztehaus	R52	Isselburg, Kreuzweg	Kreuzweg	LINESTRING(6.508681 51.817882,6.5086222000000005 51.817840200000006)
2847	Werth	Ärztehaus	de:05554:37244:0:2	51.818482	6.50948	bus	MATCHED	n9692180926	7.9	0.72	Ärztehaus	R52	Werth, Ehrenmal	Ehrenmal	LINESTRING(6.50948 51.818482,6.509502 51.8184127)
2848	Weseke	Abzw. Oeding	de:05554:16426:0:1	51.919876	6.848953	bus	MATCHED	n5343458596	26.1	1.0	Abzweig Oeding	753,R76	Weseke, Südlohner Str.	Südlohner Straße	LINESTRING(6.848953 51.919876,6.8488021 51.920091600000006)
2849	Weseke	Abzw. Oeding	de:05554:16426:0:2	51.920181	6.848846	bus	MATCHED	n2297063334	3.8	1.0	Abzweig Oeding	R76	Südlohn, Tünte	Tünte	LINESTRING(6.848846 51.920181,6.848860800000001 51.920213800000006)
2850	Weseke	Busplatz	de:05554:30802:0:1	51.905956	6.852627	bus	NO_MATCH					R76	Gemen, Evers		POINT(6.852627 51.905956)
2851	Weseke	Busplatz	de:05554:30802:0:2	51.905879	6.852645		NO_MATCH_AND_SEEMS_UNSERVED								POINT(6.852645 51.905879)
2852	Weseke	Busplatz	de:05554:30802:0:3	51.905912	6.852502		NO_MATCH_AND_SEEMS_UNSERVED								POINT(6.852502 51.905912)
2853	Weseke	Damm	de:05554:30841:0:1	51.921655	6.845279		NO_MATCH_AND_SEEMS_UNSERVED								POINT(6.845279 51.921655)
2854	Weseke	Dönnebrink	de:05554:30844:0:1	51.927682	6.863299		NO_MATCH_AND_SEEMS_UNSERVED								POINT(6.863299 51.927682)
2855	Weseke	Epping	de:05554:30805:0:1	51.906932	6.825364		NO_MATCH_AND_SEEMS_UNSERVED								POINT(6.825364 51.906932)
2856	Weseke	Ev. Kirche	de:05554:16430:0:1	51.900564	6.860317	bus	MATCHED	n1497215440	2.9	1.0	Evangelische Kirche	753,R76	Borken, Jodocus Nünning GE / Gemen, Schweers / Gemen, Evers	Schweers	LINESTRING(6.860317 51.900564,6.860281700000001 51.900578200000005)
2857	Weseke	Ev. Kirche	de:05554:16430:0:2	51.90094	6.860452	bus	MATCHED	n1497215439	54.2	1.0	Evangelische Kirche	R76	Weseke, Jugendheim	Jugendheim	LINESTRING(6.860452 51.90094,6.8603462 51.9004576)
2858	Weseke	Funke	de:05554:35931:0:1	51.921738	6.873145		NO_MATCH_AND_SEEMS_UNSERVED								POINT(6.873145 51.921738)
2859	Weseke	Gehling	de:05554:30843:0:1	51.926541	6.856939		NO_MATCH_AND_SEEMS_UNSERVED								POINT(6.856939 51.926541)
2860	Weseke	Greving	de:05554:30809:0:1	51.910883	6.806688		MATCHED	n2557642594	4.1	0.67	Greving				LINESTRING(6.806688 51.910883,6.8066348 51.9108664)
2861	Weseke	Haddick	de:05554:35107	51.905314	6.816722		MATCHED	n519333905	1.8	0.81	Haddick				LINESTRING(6.816722 51.905314,6.816718300000001 51.90529780000001)
2862	Weseke	Haus am Ludgerus	de:05554:36718:0:1	51.909614	6.856293		MATCHED	n2538514602	115.8	0.08	Haus am Ludgerus				LINESTRING(6.856293 51.909614,6.8579561 51.9094558)
2863	Weseke	Heddier	de:05554:30847:0:1	51.918087	6.892378		MATCHED	n1497215363	8.2	0.52	Heddier				LINESTRING(6.892378 51.918087,6.8922657 51.91811250000001)
2864	Weseke	Im Brink	de:05554:30850:0:1	51.901844	6.87204		NO_MATCH_AND_SEEMS_UNSERVED								POINT(6.87204 51.901844)
2865	Weseke	Im Brink	de:05554:30850:0:2	51.902005	6.872058		NO_MATCH_AND_SEEMS_UNSERVED								POINT(6.872058 51.902005)
2866	Weseke	Jogwick	de:05554:30848:0:1	51.912429	6.877672		MATCHED	n1497215366	13.3	0.41	Jogwick				LINESTRING(6.877672 51.912429,6.8774972000000005 51.9123784)
2867	Weseke	Jugendheim	de:05554:16429:0:1	51.906888	6.857748	bus	MATCHED	n1497215368	7.2	1.0	Jugendheim	753,R76	Weseke, Ev. Kirche	Evangelische Kirche	LINESTRING(6.857748 51.906888,6.8577205 51.9069507)
2868	Weseke	Jugendheim	de:05554:16429:0:2	51.907364	6.857874	bus	MATCHED	n1497215367	2.5	1.0	Jugendheim	R76	Weseke, Schlückersring	Schlückersring	LINESTRING(6.857874 51.907364,6.857902 51.9073495)
2869	Weseke	Kempkes	de:05554:30840:0:1	51.918214	6.844004		NO_MATCH_AND_SEEMS_UNSERVED								POINT(6.844004 51.918214)
2870	Weseke	Kippert	de:05554:30803:0:1	51.899111	6.835524		NO_MATCH_AND_SEEMS_UNSERVED								POINT(6.835524 51.899111)
2871	Weseke	Lensing	de:05554:30842:0:1	51.92099	6.854253		NO_MATCH_AND_SEEMS_UNSERVED								POINT(6.854253 51.92099)
2872	Weseke	Meis	de:05554:30804:0:1	51.900968	6.826019		MATCHED	n2589171699	6.2	0.58	Meis				LINESTRING(6.826019 51.900968,6.8260038000000005 51.901023)
2873	Weseke	Nienkamp	de:05554:31325:0:1	51.912302	6.819623		MATCHED	n2557642596	2.4	0.76	Nienkamp				LINESTRING(6.819623 51.912302,6.8196132 51.912281400000005)
2874	Weseke	Osterholt	de:05554:30806:0:1	51.912158	6.823917		MATCHED	n2557642597	4.1	0.67	Osterholt				LINESTRING(6.823917 51.912158,6.8238710000000005 51.9121352)
2875	Weseke	Osterkamp	de:05554:30808:0:1	51.903812	6.848298		NO_MATCH_AND_SEEMS_UNSERVED								POINT(6.848298 51.903812)
2876	Weseke	Pölling I	de:05554:30845:0:1	51.921394	6.873019		NO_MATCH_AND_SEEMS_UNSERVED								POINT(6.873019 51.921394)
2877	Weseke	Pölling II	de:05554:30846:0:1	51.915881	6.885748		MATCHED	n1497215430	4.0	0.67	Pölling II				LINESTRING(6.885748 51.915881,6.8856925 51.9158923)
2878	Weseke	Schlückersring	de:05554:16428:0:1	51.908445	6.854837	bus	MATCHED	n2538514627	10.0	1.0	Schlückersring	753,D76,R76	Borken, Kreishaus / Weseke, Jugendheim / Gemen, Evers	Jugendheim / Kreishaus	LINESTRING(6.854837 51.908445,6.8546962 51.908467200000004)
2879	Weseke	Schlückersring	de:05554:16428:0:2	51.908473	6.854774	bus	MATCHED	n2297057004	17.3	1.0	Schlückersring	D76,R76	Weseke, Südlohner Str.	Südlohner Straße / Am Vereinshaus	LINESTRING(6.854774 51.908473,6.8548806 51.908613900000006)
2880	Weseke	Schulte	de:05554:30807:0:1	51.912318	6.831733		MATCHED	n874379995	12.6	0.42	Schulte				LINESTRING(6.831733 51.912318,6.8315527000000005 51.912299100000006)
2881	Weseke	Schulze Beiering	de:05554:30849:0:1	51.907686	6.873927		NO_MATCH_AND_SEEMS_UNSERVED								POINT(6.873927 51.907686)
2882	Weseke	Schwotte Heck	de:05554:24020:0:1	51.888806	6.862931		MATCHED	n2557642603	11.3	0.45	Schwotte Heck				LINESTRING(6.862931 51.888806,6.8630953 51.8888054)
2883	Weseke	Südlohner Str. 	de:05554:16427:0:1	51.911326	6.854568	bus	MATCHED	n2297060088	2.1	1.0	Südlohner Straße	753,D76,R76	Weseke, Schlückersring	Schlückersring	LINESTRING(6.854568 51.911326,6.8545632 51.911344400000004)
2884	Weseke	Südlohner Str. 	de:05554:16427:0:2	51.911016	6.854864	bus	MATCHED	n2297059236	5.8	1.0	Südlohner Straße	753,D76,R76	Weseke, Abzw. Oeding / Südlohn, Sportcampus / Südlohn, Am Vereinshaus	Abzweig Oeding	LINESTRING(6.854864 51.911016,6.8549441 51.911000300000005)
2885	Weseke	Tenhagen	de:05554:30822:0:1	51.925355	6.884895		MATCHED	n2545370770	29.9	0.25	Tenhagen				LINESTRING(6.884895 51.925355,6.8851224 51.92558390000001)
2886	Weseke	Tesing	de:05554:29890:0:1	51.914995	6.878876		MATCHED	n1497215434	6.3	0.5	Thesing				LINESTRING(6.878876 51.914995,6.8788068 51.9150318)
2887	Weseke	Uhlenkott	de:05554:34671:0:1	51.92894	6.883116		MATCHED	n2545370774	53.4	0.16	Uhlenkott				LINESTRING(6.883116 51.92894,6.883396 51.928492600000006)
2888	Wessum	Am Bahndamm	de:05554:21352:0:1	52.10538	6.984734	bus	NO_MATCH					824,829	Wessum, Kappenbergschule / Thiebrink, Engbrinkhoff		POINT(6.984734 52.10538)
2889	Wessum	Bahnhof	de:05554:16467:0:1	52.101076	6.983728	bus	MATCHED	n3149562720	35.9	1.0	Bahnhof	781	Graes, Kalkwerk	Kalkwerk	LINESTRING(6.983728 52.101076,6.9841667 52.101252300000006)
2890	Wessum	Bahnhof	de:05554:16467:0:2	52.10106	6.983728	bus	MATCHED	n5548529068	29.7	1.0	Bahnhof	781	Wessum, Frankemölle	Frankemölle	LINESTRING(6.983728 52.10106,6.983955900000001 52.1012872)
2891	Wessum	Eichenallee	de:05554:11172:0:1	52.091915	6.976748	bus	MATCHED	n1496113192	5.0	1.0	Eichenallee	770,781,824,871,C87,S70	Wessum, Frankemölle / Ahaus, Stadtpark / Wessum, Flörbachstr. / Ahaus, Bahnhof	Stadtpark / Flörbachstraße	LINESTRING(6.976748 52.091915,6.976699000000001 52.0918817)
2892	Wessum	Eichenallee	de:05554:11172:0:2	52.092566	6.975535	bus	MATCHED	n1496113193	33.2	1.0	Eichenallee	770,781,824,871,C87,S70	Wessum, Flörbachstr. / Wessum, Kappenbergschule / Wessum, Terdues / Wessum, Raiffeisenstraße	Terdues / Frankemölle / Raiffeisenstraße	LINESTRING(6.975535 52.092566,6.9759507 52.09241230000001)
2893	Wessum	Flörbachstr. 	de:05554:12982:0:1	52.090557	6.982784	bus	MATCHED	n1496113194	5.4	1.0	Flörbachstraße	770,781,824,871,C87	Ahaus, Stadtpark / Wessum, Eichenallee	Stadtpark	LINESTRING(6.982784 52.090557,6.9827805000000005 52.0905086)
2894	Wessum	Flörbachstr. 	de:05554:12982:0:2	52.090563	6.982713	bus	MATCHED	n1496113196	6.5	1.0	Flörbachstraße	770,781,824,871,C87	Wessum, Eichenallee / Ahaus, Stadtpark	Eichenallee	LINESTRING(6.982713 52.090563,6.982719 52.090621600000006)
2895	Wessum	Frankemölle	de:05554:16466:0:1	52.096065	6.978499	bus	MATCHED	n3149558826	16.6	1.0	Frankemölle	781	Wessum, Bahnhof	Bahnhof	LINESTRING(6.978499 52.096065,6.9784584 52.0959179)
2896	Wessum	Frankemölle	de:05554:16466:0:2	52.096071	6.978508	bus	MATCHED	n5548529070	30.0	1.0	Frankemölle	781	Wessum, Eichenallee	Eichenallee	LINESTRING(6.978508 52.096071,6.9782013 52.095879000000004)
2897	Wessum	Friedhof	de:05554:16465:0:1	52.092826	6.974969		NO_MATCH_AND_SEEMS_UNSERVED								POINT(6.974969 52.092826)
2898	Wessum	Friedhof	de:05554:16465:0:2	52.09282	6.974969		NO_MATCH_AND_SEEMS_UNSERVED								POINT(6.974969 52.09282)
2899	Wessum	Friedhof	de:05554:16465:0:3	52.09282	6.974969		NO_MATCH_AND_SEEMS_UNSERVED								POINT(6.974969 52.09282)
2900	Wessum	Hemling	de:05554:16462:0:1	52.111598	6.950418	bus	MATCHED	n5336575822	18.2	1.0	Hemling	824,871,C87	Wessum, Wegener / Averesch, Söbbing	Wegener	LINESTRING(6.950418 52.111598,6.950541 52.1114529)
2901	Wessum	Hemling	de:05554:16462:0:2	52.111515	6.950598	bus	MATCHED	n5336575821	15.6	1.0	Hemling	871,C87	Alstätte, Schlicht	Schlicht	LINESTRING(6.950598 52.111515,6.950463200000001 52.11162830000001)
2902	Wessum	Kappenbergschule	de:05554:21353:0:1	52.09191	6.970208	bus	NO_MATCH					824	Averesch, Sendfeld / Wessum, Eichenallee		POINT(6.970208 52.09191)
2903	Wessum	Klümpers	de:05554:16394:0:1	52.081058	6.939477	bus	MATCHED	n5274780012	15.1	1.0	Klümpers	770,S70	Wessum, Ottensteiner Landstr.	Ottensteiner Landstraße	LINESTRING(6.939477 52.081058,6.93932 52.0809623)
2904	Wessum	Klümpers	de:05554:16394:0:2	52.081096	6.939369	bus	MATCHED	n5274780011	11.3	1.0	Klümpers	770,S70	Ottenstein, Textilstr.	Textilstraße	LINESTRING(6.939369 52.081096,6.9395037 52.0811544)
2905	Wessum	Neustraße	de:05554:16468:0:1	52.099741	6.987312		NO_MATCH_AND_SEEMS_UNSERVED								POINT(6.987312 52.099741)
2906	Wessum	Neustraße	de:05554:16468:0:2	52.099746	6.987303		NO_MATCH_AND_SEEMS_UNSERVED								POINT(6.987303 52.099746)
2907	Wessum	Ottensteiner Landstr. 	de:05554:16393:0:1	52.083829	6.955745	bus	MATCHED	n5274794200	50.9	1.0	Ottensteiner Landstraße	770,S70	Wessum, Raiffeisenstraße	Raiffeisenstraße	LINESTRING(6.955745 52.083829,6.9550350000000005 52.083694400000006)
2908	Wessum	Ottensteiner Landstr. 	de:05554:16393:0:2	52.083785	6.955197	bus	MATCHED	n5274794201	2.6	1.0	Ottensteiner Landstraße	770,S70	Wessum, Klümpers	Klümpers	LINESTRING(6.955197 52.083785,6.9551933 52.083808100000006)
2909	Wessum	Raiffeisenstraße	de:05554:64301:0:1	52.087991	6.965043	bus	MATCHED	n5274794198	55.5	1.0	Raiffeisenstraße	770,S70	Wessum, Ottensteiner Landstr.	Ottensteiner Landstraße	LINESTRING(6.965043 52.087991,6.964848600000001 52.088475100000004)
2910	Wessum	Raiffeisenstraße	de:05554:64301:0:2	52.08825	6.964971	bus	MATCHED	n5274794197	14.1	1.0	Raiffeisenstraße	770,S70	Wessum, Eichenallee	Eichenallee	LINESTRING(6.964971 52.08825,6.9650477 52.088367700000006)
2911	Wessum	Terdues	de:05554:16464:0:1	52.103145	6.963264	bus	MATCHED	n5336575832	6.7	1.0	Terdues	824,871,C87	Averesch, Dennemann / Wessum, Eichenallee / Ahaus, Irena-Sendler-Gesamtschule	Eichenallee	LINESTRING(6.963264 52.103145,6.963166800000001 52.103144)
2912	Wessum	Terdues	de:05554:16464:0:2	52.103808	6.963318	bus	MATCHED	n5336575833	4.7	1.0	Terdues	871,C87	Wessum, Wegener	Wegener	LINESTRING(6.963318 52.103808,6.963385400000001 52.1037997)
2913	Wessum	Wegener	de:05554:16463:0:1	52.107239	6.961351	bus	MATCHED	n2098238624	7.4	1.0	Wegener	824,871,C87	Wessum, Terdues	Terdues	LINESTRING(6.961351 52.107239,6.961269700000001 52.1071953)
2914	Wessum	Wegener	de:05554:16463:0:2	52.10783	6.960237	bus	MATCHED	n5336575828	5.1	1.0	Wegener	871,C87	Wessum, Hemling	Hemling	LINESTRING(6.960237 52.10783,6.9602975 52.107856000000005)
2915	Westenborken	An der Höchte	de:05554:31377:0:1	51.804442	6.798396		NO_MATCH_AND_SEEMS_UNSERVED								POINT(6.798396 51.804442)
2916	Westenborken	Bathke	de:05554:30757	51.816816	6.812356		NO_MATCH_AND_SEEMS_UNSERVED								POINT(6.812356 51.816816)
2917	Westenborken	Hessefort	de:05554:30801:0:1	51.819909	6.801576		NO_MATCH_AND_SEEMS_UNSERVED								POINT(6.801576 51.819909)
2918	Westenborken	Heßling	de:05554:30755:0:1	51.827699	6.797615		NO_MATCH_AND_SEEMS_UNSERVED								POINT(6.797615 51.827699)
2919	Westenborken	Schlöter	de:05554:30754:0:1	51.821114	6.805062		NO_MATCH_AND_SEEMS_UNSERVED								POINT(6.805062 51.821114)
2920	Westenborken	Schule	de:05554:30753:0:1	51.823685	6.809499		MATCHED	n1457465136	11.2	0.45	Schule				LINESTRING(6.809499 51.823685,6.8094507 51.823781200000006)
2921	Westenborken	Stenkamp	de:05554:30788:0:1	51.819609	6.81585		MATCHED	n415129340	4.4	0.65	Stenkamp				LINESTRING(6.81585 51.819609,6.8158839 51.819642800000004)
2922	Westenborken	Sühling	de:05554:36751:0:1	51.820464	6.819004		NO_MATCH_AND_SEEMS_UNSERVED								POINT(6.819004 51.820464)
2923	Westenborken	Tubes	de:05554:36893:0:1	51.826078	6.825939		NO_MATCH_AND_SEEMS_UNSERVED								POINT(6.825939 51.826078)
2924	Westenborken	Wolter	de:05554:30752:0:1	51.829076	6.826379		NO_MATCH_AND_SEEMS_UNSERVED								POINT(6.826379 51.829076)
2925	Westenborken	Wolter	de:05554:30752:0:2	51.829209	6.82654		NO_MATCH_AND_SEEMS_UNSERVED								POINT(6.82654 51.829209)
2926	Wext	Ammert	de:05554:12983:0:1	52.171586	7.120487	bus	NO_MATCH					811,SV01	Wext, Bröker		POINT(7.120487 52.171586)
2927	Wext	Ammert	de:05554:12983:0:2	52.171641	7.120559	bus	NO_MATCH					811	Ochtrup, Weiner		POINT(7.120559 52.171641)
2928	Wext	Bröker	de:05554:68039:0:1	52.173316	7.120604	bus	NO_MATCH					811,SV01	Wext, Katerkamp / Wext, Ammert		POINT(7.120604 52.173316)
2929	Wext	Eper Str. 	de:05554:12984:0:1	52.152475	7.087447	bus	NO_MATCH					811,SV01	Wext, Wexter Haar		POINT(7.087447 52.152475)
2930	Wext	Gerdwissingweg	de:05554:12985:0:1	52.157419	7.102449		NO_MATCH_AND_SEEMS_UNSERVED								POINT(7.102449 52.157419)
2931	Wext	Haget	de:05554:15173:0:1	52.146456	7.113849	bus	NO_MATCH					811,SV01	Wext, Vogelsang		POINT(7.113849 52.146456)
2932	Wext	Herzbach	de:05554:61590:1:.	52.159193	7.137133		NO_MATCH_AND_SEEMS_UNSERVED								POINT(7.137133 52.159193)
2933	Wext	Heufert	de:05554:61588:1:.	52.181033	7.121278		NO_MATCH_AND_SEEMS_UNSERVED								POINT(7.121278 52.181033)
2934	Wext	Homann	de:05554:63573	52.155275	7.100643		NO_MATCH_AND_SEEMS_UNSERVED								POINT(7.100643 52.155275)
2935	Wext	Katerkamp	de:05554:65150:0:1	52.16844	7.117109	bus	NO_MATCH					811,SV01	Wext, Speckstr. / Wext, Bröker		POINT(7.117109 52.16844)
2936	Wext	Kleibuersweg	de:05554:61589:0:1	52.151935	7.105881		NO_MATCH_AND_SEEMS_UNSERVED								POINT(7.105881 52.151935)
2937	Wext	Lütke-Wissing	de:05554:62392:0:1	52.145436	7.095307		NO_MATCH_AND_SEEMS_UNSERVED								POINT(7.095307 52.145436)
2938	Wext	Schützenplatz	de:05554:11474	52.148506	7.095936		NO_MATCH_AND_SEEMS_UNSERVED								POINT(7.095936 52.148506)
2939	Wext	Speckstr. 	de:05554:12987:0:1	52.164274	7.113004	bus	MATCHED	n663855731	14.0	0.34	Speckstraße	811,SV01	Wext, Katerkamp / Wext, Haget / Wext, Wexter Str.		LINESTRING(7.113004 52.164274,7.1128219 52.1642158)
2940	Wext	Tillmann	de:05554:12988:0:1	52.153484	7.085067	bus	NO_MATCH					811,SV01	Wichum, Wichumer Str.		POINT(7.085067 52.153484)
2941	Wext	Vogelsang	de:05554:61658:0:1	52.143341	7.103913	bus	NO_MATCH					811,SV01	Wext, Wexter Str.		POINT(7.103913 52.143341)
2942	Wext	Volbert	de:05554:15172:0:1	52.144515	7.105863		NO_MATCH_AND_SEEMS_UNSERVED								POINT(7.105863 52.144515)
2943	Wext	Wexter Haar	de:05554:12989:0:1	52.156537	7.08716	bus	NO_MATCH					811,SV01	Wext, Tillmann		POINT(7.08716 52.156537)
2944	Wext	Wexter Str. 	de:05554:61581:0:1	52.148258	7.099637	bus	NO_MATCH					811,SV01	Nienborg, Am Wexter Kreuz		POINT(7.099637 52.148258)
2945	Wext	Wexter Str. 	de:05554:61581:0:2	52.148258	7.099628	bus	NO_MATCH					811	Nienborg, Am Wexter Kreuz		POINT(7.099628 52.148258)
2946	Wext	Wilpers	de:05554:61657:0:1	52.159188	7.136657	bus	NO_MATCH					811,SV01	Wext, Ammert		POINT(7.136657 52.159188)
2947	Wichum	Kläranlage	de:05554:60716:0:1	52.138727	7.083288	bus	NO_MATCH					811,SV01	Wichum, Wolters		POINT(7.083288 52.138727)
2948	Wichum	Ossenkamp	de:05554:12990	52.135766	7.086504		NO_MATCH_AND_SEEMS_UNSERVED								POINT(7.086504 52.135766)
2949	Wichum	Weilinghoff	de:05554:65033:0:1	52.144995	7.073101	bus	NO_MATCH					811,SV01	Wichum, Kläranlage		POINT(7.073101 52.144995)
2950	Wichum	Wichumer Str. 	de:05554:12991:0:1	52.142696	7.08062	bus	NO_MATCH					811,SV01	Wichum, Weilinghoff / Wichum, Kläranlage		POINT(7.08062 52.142696)
2951	Wichum	Wolters	de:05554:15174:0:1	52.132485	7.082524	bus	NO_MATCH					811,SV01	Heek, Alexander-Hegius-Schule / Heek, Kreuzschule / Nienborg, Kindergarten		POINT(7.082524 52.132485)
2952	Wüllen	Abzw. Ottenstein	de:05554:21703:0:1	52.053833	6.94961	bus	MATCHED	n5341404402	7.7	1.0	Abzweig Ottenstein	753,R76	Wüllen, Pineweg	Pineweg	LINESTRING(6.94961 52.053833,6.9497108 52.0538017)
2953	Wüllen	Abzw. Ottenstein	de:05554:21703:0:2	52.054186	6.949825	bus	MATCHED	n5341404403	148.2	1.0	Abzweig Ottenstein	753,R76	Wendfeld, Schulze Thering	Schulze Thering	LINESTRING(6.949825 52.054186,6.9487855000000005 52.053018300000005)
2954	Wüllen	Am Spieker	de:05554:21701:0:1	52.066779	6.97788	bus	MATCHED	n5299559861	9.2	1.0	Am Spieker	753,825,B12,D76,R76,T12	Ahaus, Krankenhaus / Ahaus, Marienplatz / Ahaus, Krankenhaus	Marienplatz / Krankenhaus	LINESTRING(6.97788 52.066779,6.977894200000001 52.066696900000004)
2955	Wüllen	Am Spieker	de:05554:21701:0:2	52.066779	6.97726	bus	MATCHED	n5299559860	5.7	1.0	Am Spieker	753,B12,D76,R76,T12	Wüllen, Lange Str. / Wüllen, Pineweg / Stadtlohn, Freudenberg	Andreasstraße / Pineweg	LINESTRING(6.97726 52.066779,6.9773376 52.0667975)
2956	Wüllen	Am Ölbach	de:05554:60975:0:1	52.057368	6.952655		NO_MATCH_AND_SEEMS_UNSERVED								POINT(6.952655 52.057368)
2957	Wüllen	Andreasschule	de:05554:21356:0:1	52.069121	6.974942	bus	MATCHED_THOUGH_NAMES_DIFFER	n560134153	90.8	0.06	Lange Straße	825,826	Barle, Menker / Barle, Pannenschulte	Am Spieker / Andreasstraße	LINESTRING(6.974942 52.069121,6.9736795 52.0693664)
2958	Wüllen	Andreasstr. 	de:05554:64015:0:1	52.065542	6.965294	bus	MATCHED	n10697929401	31.7	1.0	Andreasstraße	B12	Wüllen, Lange Str.	Am Spieker	LINESTRING(6.965294 52.065542,6.965317300000001 52.0658267)
2959	Wüllen	Andreasstr. 	de:05554:64015:0:2	52.065542	6.965294	bus	MATCHED	n10697929402	32.0	1.0	Andreasstraße	B12	Ottenstein, Herderstr.	Herderstraße	LINESTRING(6.965294 52.065542,6.9654718 52.065808000000004)
2960	Wüllen	Pineweg	de:05554:21702:0:1	52.064289	6.967998	bus	MATCHED	n1590367201	3.9	1.0	Pineweg	753,825,D76,R76,T12	Wüllen, Am Spieker	Am Spieker	LINESTRING(6.967998 52.064289,6.9680407 52.0642657)
2961	Wüllen	Pineweg	de:05554:21702:0:2	52.064123	6.967441	bus	MATCHED	n1590367180	4.9	1.0	Pineweg	753,D76,R76,T12	Stadtlohn, Freudenberg / Wendfeld, Schulze Thering / Wüllen, Abzw. Ottenstein	Freudenberg / Abzweig Ottenstein	LINESTRING(6.967441 52.064123,6.9673821 52.0641478)
2962	Wüllen	St. Josef-Kindergarten	de:05554:21355:0:1	52.070882	6.976218	bus	MATCHED	n13277923071	5.7	0.77	St. Josef-Kindergarten	825,826	Wüllen, Andreasschule	Harpering	LINESTRING(6.976218 52.070882,6.976140300000001 52.0708646)
2963	Zwillbrock	Bengfort	de:05554:30946:0:1	52.066702	6.71426	bus	NO_MATCH_BUT_OTHER_PLATFORM_MATCHED					B3	Zwillbrock, Dechering		POINT(6.71426 52.066702)
2964	Zwillbrock	Bengfort	de:05554:30946:0:2	52.066696	6.714511	bus	MATCHED	n11292614038	11.7	1.0	Bengfort	B3	Zwillbrock, Startmann	Startmann	LINESTRING(6.714511 52.066696,6.7143597 52.0666475)
2965	Zwillbrock	Bomers	de:05554:30882:0:1	52.054026	6.698593	bus	MATCHED	n11292715328	11.0	1.0	Bomers	B3	Zwillbrock, von dem Berg	van den Berg	LINESTRING(6.698593 52.054026,6.6984770000000005 52.054094500000005)
2966	Zwillbrock	Bomers	de:05554:30882:0:2	52.054026	6.698593	bus	NO_MATCH_BUT_OTHER_PLATFORM_MATCHED					B3	Zwillbrock, Möwenkolonie		POINT(6.698593 52.054026)
2967	Zwillbrock	Dechering	de:05554:30945:0:1	52.059196	6.705322	bus	MATCHED	n10695304605	11.4	1.0	Dechering	B3	Zwillbrock, Bengfort	Bengfort	LINESTRING(6.705322 52.059196,6.705224200000001 52.0592783)
2968	Zwillbrock	Dechering	de:05554:30945:0:2	52.059257	6.705205	bus	NO_MATCH_BUT_OTHER_PLATFORM_MATCHED					B3	Zwillbrock, von dem Berg		POINT(6.705205 52.059257)
2969	Zwillbrock	Möwenkolonie	de:05554:30943:0:1	52.05317	6.707064	bus	MATCHED	n10695304606	13.0	1.0	Möwenkolonie	B3	Zwillbrock, Bomers	Bomers	LINESTRING(6.707064 52.05317,6.7069508 52.0532641)
2970	Zwillbrock	Möwenkolonie	de:05554:30943:0:2	52.053181	6.707208	bus	NO_MATCH_BUT_OTHER_PLATFORM_MATCHED					B3	Zwillbrock, Wittmann		POINT(6.707208 52.053181)
2971	Zwillbrock	Startmann	de:05554:31391:0:1	52.067282	6.724779	bus	MATCHED	n11292614037	14.8	1.0	Startmann	B3	Croswick, Marpert	Marpert	LINESTRING(6.724779 52.067282,6.7249015000000005 52.0673911)
2972	Zwillbrock	Startmann	de:05554:31391:0:2	52.067204	6.72477	bus	NO_MATCH_BUT_OTHER_PLATFORM_MATCHED					B3	Zwillbrock, Bengfort		POINT(6.72477 52.067204)
2973	Zwillbrock	Wilder	de:05554:29996	52.065796	6.707361		NO_MATCH_AND_SEEMS_UNSERVED								POINT(6.707361 52.065796)
2974	Zwillbrock	Wittmann	de:05554:30942:0:1	52.051358	6.725013	bus	MATCHED	n10695304610	31.3	1.0	Wittmann	B3	Zwillbrock, Möwenkolonie	Möwenkolonie	LINESTRING(6.725013 52.051358,6.724596300000001 52.051473)
2975	Zwillbrock	Wittmann	de:05554:30942:0:2	52.051397	6.724725	bus	NO_MATCH_BUT_OTHER_PLATFORM_MATCHED					B3	Ellewick, Abzw. Seerose		POINT(6.724725 52.051397)
2976	Zwillbrock	von dem Berg	de:05554:30906:0:1	52.054015	6.690877	bus	MATCHED	n5555046137	3.9	1.0	van den Berg	B3	Zwillbrock, Dechering / Zwillbrock, Bomers	Dechering	LINESTRING(6.690877 52.054015,6.6908623 52.0540487)
