	Ortsteil	Haltestelle	globaleID	lat	lon	mode	match_state	osm_id	distance	rating	osm_name	routes	official_direction	osm_direction	WKT
0	Berching	Abzw. Eglasmühle	de:09373:17226:0:1	49.078672	11.454265	bus	MATCHED	n5212099884	8.5	1.0	Abzw. Eglasmühle	515	Plankstetten Ost / Berching Maria-Hilf-Str. / Berching Erlöserkirche	Plankstetten Ost	LINESTRING(11.454265 49.078672,11.454313200000001 49.0787415)
1	Berching	Abzw. Eglasmühle	de:09373:17226:0:2	49.078678	11.454553	bus	MATCHED	n5212099883	6.5	1.0	Abzw. Eglasmühle	524	Plankstetten Ost / Berching Volksschule	Berching, Maria-Hilf-Straße	LINESTRING(11.454553 49.078678,11.454586800000001 49.0786238)
2	Berching	Abzw. Grubmühle	de:09373:17236:0:1	49.125024	11.444115	bus	MATCHED	n5876203222	4.3	1.0	Abzw. Grubmühle	519	Berching Reischelhaus	Berching, Reischelhaus / Weidenwang Ost	LINESTRING(11.444115 49.125024,11.4441691 49.125039)
3	Berching	Abzw. Grubmühle	de:09373:17236:0:2	49.125	11.44433		NO_MATCH_AND_SEEMS_UNSERVED								POINT(11.44433 49.125)
4	Berching	Abzw. Hermannsberg (b. Berching)	de:09373:17237:0:1	49.129533	11.53736	bus	MATCHED	n5891354505	2.4	1.0	Abzw. Hermannsberg (b. Berching)	534	Staufersbuch Abzw Fessmaierstr	Rasch b. Breitenbrunn/NM, FWH	LINESTRING(11.53736 49.129533,11.5373927 49.1295353)
5	Berching	Abzw. Hermannsberg (b. Berching)	de:09373:17237:0:2	49.129421	11.537638	bus	MATCHED	n5891354506	0.9	1.0	Abzw. Hermannsberg (b. Berching)	534	Abzw. Waldkirchen (Petersberg)	Abzw. Waldkirchen (Petersberg) / Abzw. Hermannsberg (b. Berching)	LINESTRING(11.537638 49.129421,11.5376314 49.1294278)
6	Berching	Abzw. Roßthal	de:09373:17257	49.177534	11.518154		NO_MATCH_AND_SEEMS_UNSERVED								POINT(11.518154 49.177534)
7	Berching	Abzw. Stierbaum	de:09373:17267:0:1	49.112224	11.369896		MATCHED	n5876627139	0.9	1.0	Abzw. Stierbaum			Rübling	LINESTRING(11.369896 49.112224,11.369908200000001 49.112223900000004)
8	Berching	Abzw. Stierbaum	de:09373:17267:0:2	49.112165	11.370004		MATCHED	n5876627138	6.6	1.0	Abzw. Stierbaum			Abzw. Stierbaum	LINESTRING(11.370004 49.112165,11.370028900000001 49.112222100000004)
9	Berching	Altmannsberg (b. Berching)	de:09373:17221:0:1	49.127604	11.513276	bus	MATCHED	n5257907144	20.0	1.0	Altmannsberg (b. Berching)	581	Butzenberg / Grubach	Grubach	LINESTRING(11.513276 49.127604,11.513266900000001 49.1274243)
10	Berching	Altmannsberg (b. Berching)	de:09373:17221:0:2	49.127604	11.513186	bus	NO_MATCH_BUT_OTHER_PLATFORM_MATCHED					581	Grubach / Butzenberg		POINT(11.513186 49.127604)
11	Berching	Biermühle	de:09373:17223:0:1	49.149432	11.514875		NO_MATCH_AND_SEEMS_UNSERVED								POINT(11.514875 49.149432)
12	Berching	Biermühle	de:09373:17223:0:2	49.149479	11.514803		MATCHED	n10041342221	0.1	1.0	Biermühle				LINESTRING(11.514803 49.149479,11.514801100000001 49.1494785)
13	Berching	Breitenfurt	de:09373:17225:0:1	49.139325	11.448202	bus	NO_MATCH					527	Wegscheid (b. Berching) / Berching Realschule		POINT(11.448202 49.139325)
14	Berching	Breitenfurt	de:09373:17225:0:2	49.139319	11.448507		NO_MATCH_AND_SEEMS_UNSERVED								POINT(11.448507 49.139319)
15	Berching	Burggriesbacher Str.	de:09373:17204:0:1	49.108378	11.429535	bus	NO_MATCH_BUT_OTHER_PLATFORM_MATCHED					529.1	Jettingsdorf / Wirbertshofen / Berching Sollngriesbacher Str.		POINT(11.429535 49.108378)
16	Berching	Burggriesbacher Str.	de:09373:17204:0:2	49.108284	11.429535	bus	MATCHED	n938442674	22.4	1.0	Berching, Burggriesbacher Straße	529.1	Berching Helios-Klinik		LINESTRING(11.429535 49.108284,11.4295331 49.108485200000004)
17	Berching	Butzenberg	de:09373:17224:0:1	49.121837	11.51094	bus	MATCHED	n5257903707	19.2	1.0	Butzenberg	581	Altmannsberg (b. Berching)	Altmannsberg (b. Berching)	LINESTRING(11.51094 49.121837,11.5111881 49.1218943)
18	Berching	Butzenberg	de:09373:17224:0:2	49.121849	11.51103	bus	NO_MATCH_BUT_OTHER_PLATFORM_MATCHED					581	Holnstein (Berch.) Neue Brücke / Altmannsberg (b. Berching)		POINT(11.51103 49.121849)
19	Berching	Dietersberg bei Berching	de:09373:17234:0:1	49.164266	11.537872	bus	NO_MATCH_BUT_OTHER_PLATFORM_MATCHED					529.2	Thannbrunn / Neuhaus (b. Berching) / Thann (b.Berching)		POINT(11.537872 49.164266)
20	Berching	Dietersberg bei Berching	de:09373:17234:0:2	49.164477	11.537782	bus	MATCHED	n5258018147	1.4	0.71	Dietersberg (b. Berching)	581	Thann (b.Berching)	Thann (b. Berching)	LINESTRING(11.537782 49.164477,11.5377854 49.164489800000005)
21	Berching	Eglasmühle Ort	de:09373:17228:0:1	49.078884	11.448831	bus	MATCHED	n5261851800	4.1	1.0	Eglasmühle, Ort	515	Plankstetten Eglasmühler Str. / Berching Maria-Hilf-Str.	Plankstetten, Eglasmühler Str.	LINESTRING(11.448831 49.078884,11.4487758 49.078890900000005)
22	Berching	Eglasmühle Ort	de:09373:17228:0:2	49.078814	11.448912		MATCHED	n11018305816	0.6	0.88	Eglasmühle, Ort			Berching, Maria-Hilf-Straße	LINESTRING(11.448912 49.078814,11.4489073 49.0788184)
23	Berching	Eismannsberg (b. Berching)	de:09373:17227:0:1	49.151529	11.492965	bus	MATCHED	n5891468646	9.8	1.0	Eismannsberg	529.2	Hennenberg / Hermannsberg (Berchg.) Ortsmi. / Simbach Ortsmitte / Grubach	Eismannsberg	LINESTRING(11.492965 49.151529,11.492874 49.1514645)
24	Berching	Eismannsberg (b. Berching)	de:09373:17227:0:2	49.151606	11.492884	bus	MATCHED	n5891468647	10.5	0.53	Eismannsberg	581	Simbach Ortsmitte / Hennenberg	Wattenberg	LINESTRING(11.492884 49.151606,11.4929813 49.151675000000004)
25	Berching	Erasbach Bachhauserstr. 	de:09373:17229:0:1	49.147793	11.418953		MATCHED	n5876436983	16.3	1.0	Erasbach, Bachhausenser Straße				LINESTRING(11.418953 49.147793,11.4188021 49.1476855)
26	Berching	Erasbach Bachhauserstr. 	de:09373:17229:0:2	49.14784	11.419052		MATCHED	n5876436982	17.1	1.0	Erasbach, Bachhausenser Straße				LINESTRING(11.419052 49.14784,11.4189497 49.1477013)
27	Berching	Erasbach Beethovenstr. 	de:09373:17230:0:1	49.146882	11.418333	bus	NO_MATCH_BUT_OTHER_PLATFORM_MATCHED					519,525,529.1	Weidenwang Ost / Bachhausen / Erasbach Kirchplatz / Weidenwang / Rappersdorf Ortsmitte		POINT(11.418333 49.146882)
28	Berching	Erasbach Beethovenstr. 	de:09373:17230:0:2	49.146764	11.418279	bus	MATCHED	n5261997865	4.1	1.0	Erasbach, Beethovenstraße	525,529.1	Erasbach Kirchplatz	Erasbach, Kirchplatz	LINESTRING(11.418279 49.146764,11.418269700000002 49.1468008)
29	Berching	Erasbach Gewerbegebiet	de:09373:17239:0:1	49.142333	11.436757	bus	MATCHED	n11049691615	15.7	0.44	Erasbach, Gewerbegebiet	519,525,529.1	Bachhausen / Erasbach Kirchplatz / Sollngriesbach		LINESTRING(11.436757 49.142333,11.436950000000001 49.142395500000006)
30	Berching	Erasbach Gewerbegebiet	de:09373:17239:0:2	49.142316	11.437081		NO_MATCH_AND_SEEMS_UNSERVED								POINT(11.437081 49.142316)
31	Berching	Erasbach Kirchplatz	de:09373:17232:0:1	49.146247	11.420426	bus	MATCHED	n5876436981	10.8	1.0	Erasbach, Kirchplatz	519,525,529.1	Erasbach Gewerbegebiet / Erasbach Beethovenstr.	Sollngriesbach	LINESTRING(11.420426 49.146247,11.420567 49.1462766)
32	Berching	Erasbach Kirchplatz	de:09373:17232:0:2	49.146312	11.420552	bus	NO_MATCH_BUT_OTHER_PLATFORM_MATCHED					525,529.1	Erasbach Gewerbegebiet		POINT(11.420552 49.146312)
33	Berching	Erlöserkirche	de:09373:17202:0:1	49.105467	11.436569	bus	MATCHED	n5212119384	2.7	1.0	Berching, Erlöserkirche	515	Berching Neumarkter Tor / Berching Realschule / Abzw. Eglasmühle	Abzw. Eglasmühle	LINESTRING(11.436569 49.105467,11.4365986 49.1054815)
34	Berching	Erlöserkirche	de:09373:17202:0:2	49.105744	11.43665		MATCHED	n10042373305	5.6	1.0	Berching, Erlöserkirche			Berching, Neumarkter Tor / Berching, Realschule	LINESTRING(11.43665 49.105744,11.4367005 49.1057817)
35	Berching	Ernersdorf	de:09373:17231:0:1	49.122496	11.468342	bus	MATCHED	n11049691613	15.5	0.44	Ernersdorf	519,529.2	Rappersdorf Ortsmitte / Winterzhofen / Rappersdorf Berchinger Str.	Rappersdorf, Berchinger Straße / Winterzhofen / Rappersdorf, Ortsmitte	LINESTRING(11.468342 49.122496,11.468533 49.122557)
36	Berching	Ernersdorf	de:09373:17231:0:2	49.122613	11.468333	bus	MATCHED	n2937442904	0.5	1.0	Ernersdorf	519,529.2	Winterzhofen / Berching Helios-Klinik		LINESTRING(11.468333 49.122613,11.468335300000001 49.1226172)
37	Berching	Fribertshofen	de:09373:17233:0:1	49.083038	11.419492	bus	MATCHED	n2598970347	1.3	1.0	Fribertshofen	526,529.1	Litterzhofen, Kirche / Wirbertshofen / Rudertshofen / Wirbertshofen	Berching, Realschule	LINESTRING(11.419492 49.083038,11.4194884 49.0830264)
38	Berching	Fribertshofen	de:09373:17233:0:2	49.082962	11.419366	bus	NO_MATCH_BUT_OTHER_PLATFORM_MATCHED					526,529.1	Berching Realschule / Wirbertshofen / Wirbertshofen		POINT(11.419366 49.082962)
39	Berching	Gredinger Str.	de:09373:17209:0:1	49.10592	11.435958		MATCHED	n10044181880	2.4	1.0	Gredinger Straße				LINESTRING(11.435958 49.10592,11.435983 49.105934500000004)
40	Berching	Gredinger Str.	de:09373:17209:0:2	49.106003	11.436003		NO_MATCH_AND_SEEMS_UNSERVED								POINT(11.436003 49.106003)
41	Berching	Grubach	de:09373:17235:0:1	49.139025	11.489488	bus	MATCHED	n5894308324	57.5	1.0	Grubach	529.2	Altmannsberg (b. Berching) / Wolfersthal / Eismannsberg (b. Berching)	Wolfersthal	LINESTRING(11.489488 49.139025,11.489396600000001 49.1395386)
42	Berching	Grubach	de:09373:17235:0:2	49.138954	11.489614	bus	MATCHED	n5894308325	1.9	0.82	Grubach	581	Wolfersthal / Altmannsberg (b. Berching)	Grubach	LINESTRING(11.489614 49.138954,11.489633900000001 49.138965000000006)
43	Berching	Helios-Klinik	de:09373:17206:0:1	49.108861	11.447133	bus	MATCHED	n10990183797	198.7	0.05	Berching, Neumarkter Tor	529.1,529.2	Berching Neumarkter Tor / Berching Burggriesbacher Str. / Ernersdorf	Berching, Realschule / Rappersdorf, Ortsmitte	LINESTRING(11.447133 49.108861,11.4444111 49.108861600000004)
44	Berching	Helios-Klinik	de:09373:17206:0:2	49.10882	11.447268		NO_MATCH_AND_SEEMS_UNSERVED								POINT(11.447268 49.10882)
45	Berching	Hennenberg	de:09373:17238:0:1	49.161664	11.5022	bus	MATCHED	n5891470988	4.3	1.0	Hennenberg	529.2	Eismannsberg (b. Berching) / Wattenberg	Roßthal	LINESTRING(11.5022 49.161664,11.502193400000001 49.161625400000005)
46	Berching	Hennenberg	de:09373:17238:0:2	49.161675	11.502029	bus	NO_MATCH_BUT_OTHER_PLATFORM_MATCHED					581	Wattenberg / Eismannsberg (b. Berching)		POINT(11.502029 49.161675)
47	Berching	Hermannsberg (Berchg. ) Ortsmi. 	de:09373:17222:0:1	49.133959	11.53055	bus	MATCHED_THOUGH_REVERSED_DIR	n5257929548	80.4	0.08	Hermannsberg(Berching), Ortsmitte	581	Holnstein (Berch.) Neue Brücke / Butzenberg	Neuhaus (b. Berching)	LINESTRING(11.53055 49.133959,11.5303445 49.134669200000005)
48	Berching	Hermannsberg (Berchg. ) Ortsmi. 	de:09373:17222:0:2	49.134029	11.530389	bus	MATCHED	n10209514525	16.4	1.0	Hermannsberg (Berchg.) Ortsmitte	529.2	Staufersbuch Ortsmitte / Neuhaus (b. Berching) / Neuhaus (b. Berching) / Roßthal		LINESTRING(11.530389 49.134029,11.530577800000001 49.1339496)
49	Berching	Holnstein (Berch. ) Neue Brücke	de:09373:17241:0:1	49.112448	11.512108	bus	MATCHED	n5257898198	4.0	1.0	Holnstein(Berching), Neue Brücke	581	Erbmühle -Forellenhof- / Hermannsberg (Berchg.) Ortsmi.	Hermannsberg(Berching), Ortsmitte	LINESTRING(11.512108 49.112448,11.512161800000001 49.112453900000006)
50	Berching	Holnstein (Berch. ) Neue Brücke	de:09373:17241:0:2	49.112448	11.512	bus	NO_MATCH_BUT_OTHER_PLATFORM_MATCHED					581	Hermannsberg (Berchg.) Ortsmi. / Neuhaus (b. Berching)		POINT(11.512 49.112448)
51	Berching	Holnstein (b. Berching) Schule	de:09373:17240:0:1	49.112248	11.507419	bus	MATCHED	n5891306378	0.4	1.0	Holnstein (b. Berching), Schule	529.2	Berching Volksschule / Staufersbuch Abzw Fessmaierstr / Berching Realschule / Wackersberg		LINESTRING(11.507419 49.112248,11.5074185 49.112251900000004)
52	Berching	Holnstein (b. Berching) Schule	de:09373:17240:0:2	49.112218	11.50758		NO_MATCH_AND_SEEMS_UNSERVED								POINT(11.50758 49.112218)
53	Berching	Jettingsdorf	de:09373:17243:0:1	49.112071	11.403196	bus	NO_MATCH_BUT_OTHER_PLATFORM_MATCHED					526,529.1	Rübling / Rudertshofen / Berching Burggriesbacher Str.		POINT(11.403196 49.112071)
54	Berching	Jettingsdorf	de:09373:17243:0:2	49.111977	11.403205	bus	MATCHED	n5212908105	3.3	1.0	Jettingsdorf	526,529.1	Rudertshofen / Rudertshofen / Berching Realschule	Rudertshofen	LINESTRING(11.403205 49.111977,11.4031756 49.111999100000006)
55	Berching	Maria-Hilf-Str.	de:09373:17211:0:1	49.10198	11.44415	bus	MATCHED	n10053183630	10.7	1.0	Berching, Maria-Hilf-Straße	515	Eglasmühle Ort / Berching Volksschule / Abzw. Eglasmühle / Berching Vorstadt	Abzw. Eglasmühle / Eglasmühle, Ort	LINESTRING(11.44415 49.10198,11.444196100000001 49.1020716)
56	Berching	Maria-Hilf-Str.	de:09373:17211:0:2	49.102003	11.444321		MATCHED	n10053183629	2.6	1.0	Berching, Maria-Hilf-Straße			Berching Vorstadt / Berching, Volksschule / Berching, Erlöserkirche	LINESTRING(11.444321 49.102003,11.444357 49.102003700000004)
57	Berching	Neue Schule	de:09373:17215	49.109555	11.439605		MATCHED_AMBIGUOUSLY	n11049691609	34.6	0.16	Berching, Realschule			Berching, Volksschule	LINESTRING(11.439605 49.109555,11.439272800000001 49.1097763)
58	Berching	Neue Schule	de:09373:17215	49.109555	11.439605		MATCHED_AMBIGUOUSLY	n11049691610	49.3	0.12	Berching, Realschule				LINESTRING(11.439605 49.109555,11.439255300000001 49.1099344)
59	Berching	Neuhaus (b. Berching)	de:09373:17245:0:1	49.147887	11.532518	bus	MATCHED	n5257994544	3.3	1.0	Neuhaus (b. Berching)	529.2	Simbach Ortsmitte / Hermannsberg (Berchg.) Ortsmi. / Hermannsberg (Berchg.) Ortsmi. / Holnstein (Berch.) Neue Brücke / Thannbrunn	Dietersberg (b. Berching)	LINESTRING(11.532518 49.147887,11.5325439 49.14791090000001)
60	Berching	Neuhaus (b. Berching)	de:09373:17245:0:2	49.148057	11.532697	bus	NO_MATCH_BUT_OTHER_PLATFORM_MATCHED					581	Thannbrunn / Dietersberg bei Berching		POINT(11.532697 49.148057)
61	Berching	Neumarkter Tor	de:09373:17213:0:1	49.108996	11.444555	bus	MATCHED	n619736243	4.9	1.0	Berching, Neumarkter Tor	515,526,527,529.1,529.2	Berching Erlöserkirche / Fribertshofen / Berching Realschule / Berching Vorstadt / Berching Helios-Klinik / Rappersdorf Ortsmitte	Berching Vorstadt / Berching, Volksschule / Rappersdorf, Ortsmitte	LINESTRING(11.444555 49.108996,11.4446211 49.109003200000004)
62	Berching	Neumarkter Tor	de:09373:17213:0:2	49.108967	11.444456	bus	MATCHED	n10981954539	17.0	0.59	Berching, Neumarkter Tor	529.1,529.2	Berching Vorstadt	Berching, Neumarkter Tor / Berching Vorstadt / Berching, Erlöserkirche	LINESTRING(11.444456 49.108967,11.4442912 49.1088594)
63	Berching	Nordtangente	de:09373:17207:0:1	49.110119	11.440854		MATCHED	n9990900598	9.0	1.0	Berching Nordtangente				LINESTRING(11.440854 49.110119,11.440752000000002 49.1101639)
64	Berching	Nordtangente	de:09373:17207:0:2	49.110207	11.440773		NO_MATCH_AND_SEEMS_UNSERVED								POINT(11.440773 49.110207)
65	Berching	Oening	de:09373:17247:0:1	49.09431	11.51889	bus	MATCHED	n1783984971	24.9	1.0	Oening	519,529.2	Wackersberg / Berching Volksschule / Winterzhofen	Winterzhofen / Raitenbuch (b. Berching)	LINESTRING(11.51889 49.09431,11.519215800000001 49.09437500000001)
66	Berching	Oening	de:09373:17247:0:2	49.094228	11.518962	bus	NO_MATCH_BUT_OTHER_PLATFORM_MATCHED					519,529.2	Raitenbuch (b. Berching)		POINT(11.518962 49.094228)
67	Berching	Pettenkofer Platz	de:09373:17212:0:1	49.106103	11.441186		NO_MATCH_AND_SEEMS_UNSERVED								POINT(11.441186 49.106103)
68	Berching	Pettenkofer Platz	de:09373:17212:0:2	49.106091	11.441312		NO_MATCH_AND_SEEMS_UNSERVED								POINT(11.441312 49.106091)
69	Berching	Plankstetten Abtei	de:09373:17248:0:1	49.070198	11.454867	bus	MATCHED	n10992523175	2.7	0.78	Plankstetten, Abtei	515	Plankstetten Ost / Plankstetten Eglasmühler Str.	Plankstetten Ost	LINESTRING(11.454867 49.070198,11.4548716 49.070221700000005)
70	Berching	Plankstetten Abtei	de:09373:17248:0:2	49.070316	11.454876		MATCHED	n5212078045	7.9	1.0	Plankstetten, Abtei			Plankstetten, Eglasmühler Str.	LINESTRING(11.454876 49.070316,11.4549838 49.0703156)
71	Berching	Plankstetten Biberbacher Straße	de:09373:17244:0:1	49.068615	11.455281		NO_MATCH_AND_SEEMS_UNSERVED								POINT(11.455281 49.068615)
72	Berching	Plankstetten Eglasmühler Str. 	de:09373:17246:0:1	49.073253	11.450546	bus	MATCHED	n10042315274	3.3	1.0	Plankstetten, Eglasmühler Str.	515	Eglasmühle Ort / Plankstetten Abtei	Plankstetten, Abtei	LINESTRING(11.450546 49.073253,11.450556800000001 49.0732246)
73	Berching	Plankstetten Eglasmühler Str. 	de:09373:17246:0:2	49.073235	11.450672		MATCHED	n10042315275	6.5	1.0	Plankstetten, Eglasmühler Str.			Eglasmühle, Ort	LINESTRING(11.450672 49.073235,11.450747300000002 49.073203500000005)
74	Berching	Plankstetten Ost	de:09373:17249:0:1	49.070193	11.459619	bus	MATCHED	n10019936032	17.0	1.0	Plankstetten Ost	515	Beilngries, Hafen / Abzw. Eglasmühle / Beilngries, Ringstr. / Gösselthal, Abzw. / Plankstetten Abtei / Beilngries, Frauenkirche	Realschule / Abzw. Ottmaring / Frauenkirche / Beilngries, Hafen	LINESTRING(11.459619 49.070193,11.4596108 49.0703461)
75	Berching	Plankstetten Ost	de:09373:17249:0:2	49.070451	11.459709	bus	MATCHED	n5212067748	4.4	1.0	Plankstetten Ost	524	Beilngries, Frauenkirche / Abzw. Eglasmühle	Plankstetten, Abtei / Abzw. Eglasmühle	LINESTRING(11.459709 49.070451,11.4597501 49.070422)
76	Berching	Pollanten Industriegebiet	de:09373:17250:0:1	49.138807	11.453134	bus	MATCHED	n5212542128	2.4	1.0	Pollanten, Industriegebiet	515,527	Pollanten Süd / Wegscheid (b. Berching)	Wegscheid (b. Berching)	LINESTRING(11.453134 49.138807,11.4531519 49.138788700000006)
77	Berching	Pollanten Industriegebiet	de:09373:17250:0:2	49.138995	11.453664		MATCHED	n10044525042	1.9	1.0	Pollanten, Industriegebiet			Pollanten Süd	LINESTRING(11.453664 49.138995,11.4536387 49.138992200000004)
78	Berching	Pollanten Nord	de:09373:17251:0:1	49.145695	11.458497	bus	MATCHED	n5262072228	10.4	1.0	Pollanten Nord	515,527	Pollanten Süd / Breitenfurt / Mühlhausen (NM) Am Rohrfeld	Pollanten Süd	LINESTRING(11.458497 49.145695,11.458614200000001 49.1456415)
79	Berching	Pollanten Nord	de:09373:17251:0:2	49.145612	11.458784		MATCHED	n5262072227	7.9	1.0	Pollanten Nord			Mühlhausen, Am Rohrfeld	LINESTRING(11.458784 49.145612,11.458831400000001 49.145548500000004)
80	Berching	Pollanten Süd	de:09373:17252:0:1	49.142674	11.458775	bus	MATCHED	n10017367144	1.9	1.0	Pollanten Süd	515,527	Pollanten Industriegebiet / Pollanten Nord	Pollanten, Industriegebiet	LINESTRING(11.458775 49.142674,11.458749000000001 49.142674500000005)
81	Berching	Pollanten Süd	de:09373:17252:0:2	49.142557	11.45891		MATCHED	n5212548748	3.6	1.0	Pollanten Süd			Pollanten Nord	LINESTRING(11.45891 49.142557,11.458942700000001 49.1425332)
82	Berching	Raitenbuch (b. Berching)	de:09373:17253:0:1	49.083315	11.516905	bus	MATCHED	n8311518636	11.1	1.0	Raitenbuch (b. Berching)	519,529.2	Oening	Wallnsdorf, Mitte / Oening	LINESTRING(11.516905 49.083315,11.517011100000001 49.0832434)
83	Berching	Raitenbuch (b. Berching)	de:09373:17253:0:2	49.083397	11.516932	bus	NO_MATCH_BUT_OTHER_PLATFORM_MATCHED					519,529.2	Wallnsdorf Mitte / Schweigersdorf		POINT(11.516932 49.083397)
84	Berching	Rappersdorf Berchinger Str. 	de:09373:17255:0:1	49.126799	11.450313	bus	MATCHED	n9857808072	9.5	1.0	Rappersdorf, Berchinger Straße	519	Abzw. Grubmühle	Abzw. Grubmühle	LINESTRING(11.450313 49.126799,11.450442800000001 49.126807400000004)
85	Berching	Rappersdorf Berchinger Str. 	de:09373:17255:0:2	49.126711	11.450313	bus	MATCHED	n9857808071	9.8	0.48	Rappersdorf, Berchinger Straße	519	Ernersdorf		LINESTRING(11.450313 49.126711,11.4504455 49.1267275)
86	Berching	Rappersdorf Ortsmitte	de:09373:17256:0:1	49.127446	11.449882	bus	MATCHED	n5876211239	2.8	1.0	Rappersdorf, Ortsmitte	519	Breitenfurt / Wegscheid (b. Berching) / Berching Realschule / Berching Neumarkter Tor	Berching, Neumarkter Tor / Ernersdorf / Berching, Realschule	LINESTRING(11.449882 49.127446,11.4499104 49.127462900000005)
87	Berching	Rappersdorf Ortsmitte	de:09373:17256:0:2	49.127428	11.450079	bus	MATCHED	n5876211238	5.2	0.67	Rappersdorf, Ortsmitte	519	Ernersdorf	Wegscheid (b. Berching)	LINESTRING(11.450079 49.127428,11.450012300000001 49.127445400000006)
88	Berching	Realschule	de:09373:17217:0:1	49.109813	11.439425	bus	MATCHED	n9990685944	16.6	1.0	Berching, Realschule	519,524,525,526	Mühlhausen (NM) Am Rohrfeld / Wegscheid (b. Berching) / Bachhausen / Abzw. Eglasmühle / Rappersdorf Ortsmitte / Berching Neumarkter Tor / Fribertshofen / Berching Sollngriesbacher Str. / Berching Volksschule / Eglasmühle Ort / Holnstein (b. Berching) Schule / Rappersdorf Berchinger Str.	Eglasmühle, Ort / Berching, Neumarkter Tor / Mühlhausen, Am Rohrfeld / Rappersdorf, Ortsmitte / Wegscheid (b. Berching)	LINESTRING(11.439425 49.109813,11.4393633 49.109956700000005)
89	Berching	Realschule	de:09373:17217:0:2	49.109949	11.439425		MATCHED	n5212147149	26.2	1.0	Berching, Realschule			Berching, Volksschule / Berching, Neumarkter Tor	LINESTRING(11.439425 49.109949,11.4394223 49.1097131)
90	Berching	Reischelhaus	de:09373:17219:0:1	49.118663	11.441806	bus	MATCHED	n11049691612	15.8	0.6	Berching, Reischelhaus	519	Berching Realschule	Berching, Realschule	LINESTRING(11.441806 49.118663,11.441748400000002 49.1185265)
91	Berching	Reischelhaus	de:09373:17219:0:2	49.118557	11.441842		MATCHED	n10019938126	3.7	1.0	Berching, Reischelhaus				LINESTRING(11.441842 49.118557,11.4418919 49.1185616)
92	Berching	Roßthal	de:09373:17260:0:1	49.180446	11.499927	bus	MATCHED_THOUGH_REVERSED_DIR	n5258047374	21.9	0.26	Roßthal	529.2	Wattenberg	Waltersberg, Kirche	LINESTRING(11.499927 49.180446,11.4997238 49.180591400000004)
93	Berching	Roßthal	de:09373:17260:0:2	49.180382	11.499927	bus	MATCHED	n10019952865	2.9	1.0	Roßthal	581	Wattenberg / Sternberg		LINESTRING(11.499927 49.180382,11.4999041 49.1804033)
94	Berching	Rudertshofen	de:09373:17259:0:1	49.105938	11.393054	bus	MATCHED	n5212920252	0.2	1.0	Rudertshofen	526,529.1	Stierbaum Ort / Wirbertshofen / Jettingsdorf	Wirbertshofen	LINESTRING(11.393054 49.105938,11.393054300000001 49.1059398)
95	Berching	Rudertshofen	de:09373:17259:0:2	49.106003	11.393108	bus	NO_MATCH_BUT_OTHER_PLATFORM_MATCHED					526,529.1	Stierbaum Ort / Fribertshofen / Jettingsdorf		POINT(11.393108 49.106003)
96	Berching	Rübling	de:09373:17258:0:1	49.120091	11.385868	bus	NO_MATCH_BUT_OTHER_PLATFORM_MATCHED					526,529.1	Stierbaum Ort / Jettingsdorf / Jettingsdorf / Burggriesbach Kirchplatz		POINT(11.385868 49.120091)
97	Berching	Rübling	de:09373:17258:0:2	49.120109	11.385931	bus	MATCHED	n5212889289	4.9	1.0	Rübling	529.1	Jettingsdorf	Jettingsdorf	LINESTRING(11.385931 49.120109,11.3859974 49.120102900000006)
98	Berching	Schlesier Str.	de:09373:17218	49.104121	11.44106		NO_MATCH_AND_SEEMS_UNSERVED								POINT(11.44106 49.104121)
99	Berching	Schweigersdorf	de:09373:17261:0:1	49.071458	11.490387	bus	MATCHED	n8311478705	0.6	1.0	Schweigersdorf	519,529.2	Wallnsdorf Hauptstr. / Raitenbuch (b. Berching)	ZOB	LINESTRING(11.490387 49.071458,11.4903943 49.071455500000006)
100	Berching	Schweigersdorf	de:09373:17261:0:2	49.071423	11.490557	bus	MATCHED	n11049691626	2.6	0.77	Schweigersdorf	519,529.2	Wallnsdorf Hauptstr. / Oberndorf, Feuerwehr / Beilngries, Volksf. (deakt.)	Wallnsdorf, Hauptstraße	LINESTRING(11.490557 49.071423,11.4905323 49.071440100000004)
101	Berching	Simbach Ortsmitte	de:09373:17262:0:1	49.144943	11.510491	bus	MATCHED	n5894315322	8.0	1.0	Simbach, Ortsmitte	529.2	Eismannsberg (b. Berching) / Thann (b.Berching) / Wolfersthal	Eismannsberg	LINESTRING(11.510491 49.144943,11.5104985 49.145014800000006)
102	Berching	Simbach Ortsmitte	de:09373:17262:0:2	49.145131	11.5105	bus	NO_MATCH_BUT_OTHER_PLATFORM_MATCHED					581	Wolfersthal / Eismannsberg (b. Berching)		POINT(11.5105 49.145131)
103	Berching	Sollngriesbach	de:09373:17264:0:1	49.121073	11.43435	bus	MATCHED	n10017667214	4.6	1.0	Sollngriesbach	519,525,529.1	Erasbach Gewerbegebiet / Berching Sollngriesbacher Str. / Mühlhausen (NM) Am Rohrfeld		LINESTRING(11.43435 49.121073,11.4343737 49.121111400000004)
104	Berching	Sollngriesbach	de:09373:17264:0:2	49.120544	11.434134	bus	MATCHED_AMBIGUOUSLY	n2414458177	9.8	1.0	Sollngriesbach	525,529.1	Berching Sollngriesbacher Str. / Stierbaum Ort	Berching, Realschule	LINESTRING(11.434134 49.120544,11.4341009 49.1204589)
105	Berching	Sollngriesbach	de:09373:17264:0:2	49.120544	11.434134	bus	MATCHED_AMBIGUOUSLY	n10017667213	3.1	1.0	Sollngriesbach	525,529.1	Berching Sollngriesbacher Str. / Stierbaum Ort		LINESTRING(11.434134 49.120544,11.434175900000001 49.120541800000005)
106	Berching	Sollngriesbacher Str.	de:09373:17216:0:1	49.111107	11.435491	bus	MATCHED	n5262090151	24.2	1.0	Berching, Sollngriesbacher Straße	519,525	Berching Burggriesbacher Str. / Sollngriesbach		LINESTRING(11.435491 49.111107,11.435489500000001 49.110889500000006)
107	Berching	Sollngriesbacher Str.	de:09373:17216:0:2	49.110895	11.435661	bus	MATCHED	n5262090150	1.1	1.0	Berching, Sollngriesbacher Straße	525	Berching Realschule		LINESTRING(11.435661 49.110895,11.4356478 49.1108904)
108	Berching	Staufersbuch Abzw Fessmaierstr	de:09373:17266:0:1	49.119174	11.532967	bus	NO_MATCH_BUT_OTHER_PLATFORM_MATCHED					529.2	Staufersbuch Ortsmitte		POINT(11.532967 49.119174)
109	Berching	Staufersbuch Abzw Fessmaierstr	de:09373:17266:0:2	49.119133	11.533156	bus	MATCHED	n5891326719	6.7	1.0	Staufersbuch, Abzw. Fessmaierstraße	529.2	Abzw.Hermannsberg (b.Berching) / Holnstein (b. Berching) Schule	Holnstein (b. Berching), Schule	LINESTRING(11.533156 49.119133,11.5330642 49.119139200000006)
110	Berching	Staufersbuch Ortsmitte	de:09373:17265:0:1	49.11711	11.533802	bus	NO_MATCH_BUT_OTHER_PLATFORM_MATCHED					529.2	Hermannsberg (Berchg.) Ortsmi. / Gimpertshausen (Breitenbr./NM)		POINT(11.533802 49.11711)
111	Berching	Staufersbuch Ortsmitte	de:09373:17265:0:2	49.117187	11.533856	bus	MATCHED	n5238336052	8.8	1.0	Staufersbuch, Ortsmitte	529.2	Staufersbuch Abzw Fessmaierstr / Abzw. Waldkirchen (Petersberg)	Berching, Realschule / Abzw. Waldkirchen (Petersberg) / Abzw. Hermannsberg (b. Berching)	LINESTRING(11.533856 49.117187,11.533809900000001 49.1171142)
112	Berching	Stierbaum Ort	de:09373:17268:0:1	49.112783	11.368638	bus	MATCHED	n5237906346	16.3	1.0	Stierbaum, Ort	526,529.1	Sollngriesbach / Burggriesbach Kirchplatz / Rübling / Rübling	Abzw. Stierbaum	LINESTRING(11.368638 49.112783,11.3687924 49.112889300000006)
113	Berching	Stierbaum Ort	de:09373:17268:0:2	49.112777	11.368728		NO_MATCH_AND_SEEMS_UNSERVED								POINT(11.368728 49.112777)
114	Berching	Thann (b. Berching)	de:09373:17269:0:1	49.162016	11.531278	bus	MATCHED	n5891443362	18.7	1.0	Thann (b. Berching)	529.2	Dietersberg bei Berching / Simbach Ortsmitte	Bäckermühle	LINESTRING(11.531278 49.162016,11.531090200000001 49.1621311)
115	Berching	Thann (b. Berching)	de:09373:17269:0:2	49.162116	11.531098	bus	NO_MATCH_BUT_OTHER_PLATFORM_MATCHED					581	Kreismühle		POINT(11.531098 49.162116)
116	Berching	Thannbrunn	de:09373:17263:0:1	49.150137	11.520337	bus	MATCHED	n10017599181	2.9	1.0	Thannbrunn	529.2	Dietersberg bei Berching / Neuhaus (b. Berching)		LINESTRING(11.520337 49.150137,11.520343 49.1501116)
117	Berching	Thannbrunn	de:09373:17263:0:2	49.150237	11.520355	bus	NO_MATCH_BUT_OTHER_PLATFORM_MATCHED					581	Dietersberg bei Berching		POINT(11.520355 49.150237)
118	Berching	Volksschule	de:09373:17214:0:1	49.104415	11.44044	bus	MATCHED	n10010997971	18.5	1.0	Berching, Volksschule	519,524,525,526	Berching Realschule / Berching Vorstadt / Berching Maria-Hilf-Str. / Berching Erlöserkirche	Berching, Erlöserkirche / Berching, Realschule / Berching Vorstadt	LINESTRING(11.44044 49.104415,11.440497200000001 49.1045771)
119	Berching	Volksschule	de:09373:17214:0:2	49.104521	11.440234		MATCHED	n10010997970	13.3	1.0	Berching, Volksschule			Berching, Erlöserkirche / Berching, Maria-Hilf-Straße	LINESTRING(11.440234 49.104521,11.4402813 49.1046368)
120	Berching	Vorstadt	de:09373:17205:0:1	49.106691	11.444016	bus	MATCHED	n10017426644	7.5	1.0	Berching Vorstadt	529.1,529.2	Berching Maria-Hilf-Str. / Berching Volksschule / Berching Neumarkter Tor	Berching, Volksschule / Berching, Maria-Hilf-Straße	LINESTRING(11.444016 49.106691,11.4441149 49.106709300000006)
121	Berching	Vorstadt	de:09373:17205:0:2	49.106679	11.44424	bus	MATCHED_THOUGH_REVERSED_DIR	n10017426643	4.9	1.0	Berching Vorstadt	529.1,529.2		Berching, Neumarkter Tor	LINESTRING(11.44424 49.106679,11.4442483 49.106722500000004)
122	Berching	Wackersberg	de:09373:17270:0:1	49.11343	11.495777	bus	MATCHED	n10209592420	76.9	1.0	Wackersberg	529.2	Holnstein (b. Berching) Schule / Oening		LINESTRING(11.495777 49.11343,11.496825600000001 49.113492400000005)
123	Berching	Wackersberg	de:09373:17270:0:2	49.113418	11.49584		NO_MATCH_AND_SEEMS_UNSERVED								POINT(11.49584 49.113418)
124	Berching	Wallnsdorf Hauptstr. 	de:09373:17271:0:1	49.08375	11.476544	bus	MATCHED	n10044305640	18.6	1.0	Wallnsdorf, Hauptstraße	519,529.2	Wallnsdorf Mitte / Schweigersdorf	Schweigersdorf	LINESTRING(11.476544 49.08375,11.4762892 49.0837542)
125	Berching	Wallnsdorf Hauptstr. 	de:09373:17271:0:2	49.083662	11.476571	bus	MATCHED	n8311518638	11.8	0.41	Wallnsdorf, Hauptstraße	519,529.2	Schweigersdorf / Wallnsdorf Mitte	Wallnsdorf, Mitte	LINESTRING(11.476571 49.083662,11.476566 49.0835561)
126	Berching	Wallnsdorf Mitte	de:09373:17272:0:1	49.083397	11.478547	bus	MATCHED	n5261856800	1.5	1.0	Wallnsdorf, Mitte	519,529.2	Raitenbuch (b. Berching) / Wallnsdorf Hauptstr.	Raitenbuch (b. Berching)	LINESTRING(11.478547 49.083397,11.478567100000001 49.083398900000006)
127	Berching	Wallnsdorf Mitte	de:09373:17272:0:2	49.083544	11.478772	bus	MATCHED	n11049691625	5.8	0.77	Wallnsdorf, Mitte	519,529.2	Wallnsdorf Hauptstr. / Winterzhofen	Wallnsdorf, Hauptstraße	LINESTRING(11.478772 49.083544,11.4788507 49.083548300000004)
128	Berching	Wattenberg	de:09373:17278:0:1	49.172166	11.506826	bus	MATCHED	n10209524648	3.9	1.0	Wattenberg	529.2	Roßthal / Hennenberg		LINESTRING(11.506826 49.172166,11.5067719 49.172167400000006)
129	Berching	Wattenberg	de:09373:17278:0:2	49.172166	11.50697	bus	MATCHED	n5258031607	68.0	0.18	Wattenberg	581	Roßthal / Hennenberg	Hennenberg	LINESTRING(11.50697 49.172166,11.507274800000001 49.171587800000005)
130	Berching	Wegscheid (b. Berching)	de:09373:17273:0:1	49.134399	11.44892	bus	MATCHED	n10017459763	4.6	1.0	Wegscheid (b. Berching)	515,527	Pollanten Industriegebiet / Rappersdorf Ortsmitte	Rappersdorf, Ortsmitte	LINESTRING(11.44892 49.134399,11.4489341 49.134358600000006)
131	Berching	Wegscheid (b. Berching)	de:09373:17273:0:2	49.134194	11.449028		MATCHED	n5212531908	6.8	1.0	Wegscheid (b. Berching)			Pollanten, Industriegebiet	LINESTRING(11.449028 49.134194,11.449087 49.134241)
132	Berching	Weidenwang	de:09373:17274:0:1	49.151406	11.390728	bus	MATCHED	n10017376269	3.6	1.0	Weidenwang	525,529.1	Großberghausen / Weidenwang Ost		LINESTRING(11.390728 49.151406,11.3907764 49.1514114)
133	Berching	Weidenwang	de:09373:17274:0:2	49.151247	11.390692	bus	MATCHED	n5238223403	0.5	1.0	Weidenwang	525,529.1	Erasbach Beethovenstr. / Weidenwang Ost	Kruppach (b. Mühlhausen), Ort	LINESTRING(11.390692 49.151247,11.3906872 49.151243400000006)
134	Berching	Weidenwang Ost	de:09373:17275:0:1	49.151242	11.394977	bus	MATCHED	n5238216598	22.1	1.0	Weidenwang Ost	525,529.1	Erasbach Beethovenstr. / Weidenwang / Großberghausen	Erasbach, Beethovenstraße	LINESTRING(11.394977 49.151242,11.3952778 49.151262700000004)
135	Berching	Weidenwang Ost	de:09373:17275:0:2	49.151271	11.395282	bus	NO_MATCH_BUT_OTHER_PLATFORM_MATCHED					525,529.1	Weidenwang / Erasbach Beethovenstr.		POINT(11.395282 49.151271)
136	Berching	Winterzhofen	de:09373:17276:0:1	49.105509	11.469995	bus	MATCHED	n5212590939	2.2	1.0	Winterzhofen	519,529.2	Wallnsdorf Mitte / Berching Sollngriesbacher Str. / Ernersdorf	Oening / Ernersdorf	LINESTRING(11.469995 49.105509,11.4700176 49.1054964)
137	Berching	Winterzhofen	de:09373:17276:0:2	49.105497	11.470139	bus	NO_MATCH_BUT_OTHER_PLATFORM_MATCHED					519,529.2	Oening / Ernersdorf		POINT(11.470139 49.105497)
138	Berching	Wirbertshofen	de:09373:17277:0:1	49.100568	11.413635	bus	NO_MATCH_BUT_OTHER_PLATFORM_MATCHED					526,529.1	Fribertshofen / Fribertshofen / Rudertshofen		POINT(11.413635 49.100568)
139	Berching	Wirbertshofen	de:09373:17277:0:2	49.100686	11.413617	bus	MATCHED_THOUGH_REVERSED_DIR	n2598970430	0.6	1.0	Wirbertshofen	526,529.1	Rudertshofen / Berching Burggriesbacher Str.	Fribertshofen	LINESTRING(11.413617 49.100686,11.4136257 49.100684900000005)
140	Berching	Wolfersthal	de:09373:17279:0:1	49.14432	11.49442	bus	MATCHED	n5894304869	0.9	1.0	Wolfersthal	529.2	Simbach Ortsmitte / Grubach	Simbach, Ortsmitte	LINESTRING(11.49442 49.14432,11.494419 49.144327800000006)
141	Berching	Wolfersthal	de:09373:17279:0:2	49.144378	11.494312	bus	NO_MATCH_BUT_OTHER_PLATFORM_MATCHED					581	Grubach / Simbach Ortsmitte		POINT(11.494312 49.144378)
142	Berg b. Neumarkt i.d. OPf.	Abzw. Langenthal	de:09373:17298	49.361661	11.469564		NO_MATCH_AND_SEEMS_UNSERVED								POINT(11.469564 49.361661)
143	Berg b. Neumarkt i.d. OPf.	Abzw. Loderbach	de:09373:17295:0:1	49.311953	11.455137	bus	MATCHED	n7448410396	3.3	1.0	Abzweigung Loderbach	512,518	Kadenzhofen / Richtheim (Berg/NM) Straßfeld / Abzw. Richtheim (b. Berg/NM)		LINESTRING(11.455137 49.311953,11.4551066 49.311974500000005)
144	Berg b. Neumarkt i.d. OPf.	Abzw. Loderbach	de:09373:17295:0:2	49.311197	11.455379	bus	MATCHED	n297979521	12.6	1.0	Abzweigung Loderbach	512,518	Abzw. Holzheim (b.NM)		LINESTRING(11.455379 49.311197,11.4553583 49.3113095)
145	Berg b. Neumarkt i.d. OPf.	Abzw. Richtheim (b. Berg/NM)	de:09373:17309:0:1	49.3173	11.450717	bus	MATCHED	n8929114293	5.1	1.0	Abzw. Richtheim (b. Berg/NM)	512,518	Abzw. Riebling / Beckenhof		LINESTRING(11.450717 49.3173,11.450759300000001 49.317263800000006)
146	Berg b. Neumarkt i.d. OPf.	Abzw. Richtheim (b. Berg/NM)	de:09373:17309:0:2	49.317276	11.450609	bus	MATCHED	n8929114294	3.8	1.0	Abzw. Richtheim (b. Berg/NM)	512,518	Abzw. Holzheim (b.NM) / Beckenhof / Abzw. Loderbach		LINESTRING(11.450609 49.317276,11.4505967 49.317243000000005)
147	Berg b. Neumarkt i.d. OPf.	Abzw. Riebling	de:09373:17311:0:1	49.322722	11.447178	bus	MATCHED	n437345206	7.5	1.0	Abzweig Riebling	512,518	Berg Raiffeisenbank / Meilenhofen / Berg Sparkasse		LINESTRING(11.447178 49.322722,11.4471378 49.322784000000006)
148	Berg b. Neumarkt i.d. OPf.	Abzw. Riebling	de:09373:17311:0:2	49.32305	11.446459	bus	MATCHED	n10028124204	0.8	1.0	Abzweig Riebling	512,518	Abzw. Richtheim (b. Berg/NM) / Abzw. Loderbach		LINESTRING(11.446459 49.32305,11.4464477 49.3230504)
149	Berg b. Neumarkt i.d. OPf.	Abzw. Unterölsbach	de:09373:17317:0:1	49.362767	11.424244	bus	MATCHED	n358058108	6.2	1.0	Abzweig Unterölsbach	512,518	Gnadenberg / Unterrohrenstadt		LINESTRING(11.424244 49.362767,11.424218100000001 49.362820000000006)
150	Berg b. Neumarkt i.d. OPf.	Abzw. Unterölsbach	de:09373:17317:0:2	49.363691	11.422312	bus	MATCHED	n2276498800	4.8	1.0	Abzweig Unterölsbach	512	Oberölsbach / Oberölsbach		LINESTRING(11.422312 49.363691,11.422332500000001 49.3637316)
151	Berg b. Neumarkt i.d. OPf.	Beckenhof	de:09373:17285:0:1	49.315953	11.438231	bus	MATCHED	n8018722978	3.7	1.0	Beckenhof	518	Richtheim (b. Berg/NM) Ort		LINESTRING(11.438231 49.315953,11.4382715 49.315932600000004)
152	Berg b. Neumarkt i.d. OPf.	Beckenhof	de:09373:17285:0:2	49.315964	11.438105		NO_MATCH_AND_SEEMS_UNSERVED								POINT(11.438105 49.315964)
153	Berg b. Neumarkt i.d. OPf.	Bischberg b. Berg/NM	de:09373:17322:0:1	49.37098	11.472582		MATCHED	n10209523255	46.8	1.0	Bischberg b. Berg/NM				LINESTRING(11.472582 49.37098,11.472559 49.3705596)
154	Berg b. Neumarkt i.d. OPf.	Bischberg b. Berg/NM	de:09373:17322:0:2	49.371009	11.472492		NO_MATCH_AND_SEEMS_UNSERVED								POINT(11.472492 49.371009)
155	Berg b. Neumarkt i.d. OPf.	Burkertshof	de:09373:17323:0:1	49.353908	11.477469		NO_MATCH_AND_SEEMS_UNSERVED								POINT(11.477469 49.353908)
156	Berg b. Neumarkt i.d. OPf.	Burkertshof	de:09373:17323:0:2	49.353891	11.477442		NO_MATCH_AND_SEEMS_UNSERVED								POINT(11.477442 49.353891)
157	Berg b. Neumarkt i.d. OPf.	Gebertshof	de:09373:17324:0:1	49.353025	11.459278		NO_MATCH_AND_SEEMS_UNSERVED								POINT(11.459278 49.353025)
158	Berg b. Neumarkt i.d. OPf.	Gebertshof	de:09373:17324:0:2	49.352955	11.459242		NO_MATCH_AND_SEEMS_UNSERVED								POINT(11.459242 49.352955)
159	Berg b. Neumarkt i.d. OPf.	Gnadenberg	de:09373:17286:0:1	49.369699	11.410437	bus	MATCHED	n10044187609	13.2	1.0	Gnadenberg	512	Schleifmühle (b. Altdorf)		LINESTRING(11.410437 49.369699,11.4105979 49.369644)
160	Berg b. Neumarkt i.d. OPf.	Gnadenberg	de:09373:17286:0:2	49.369143	11.41164	bus	MATCHED	n358008435	46.7	1.0	Gnadenberg	512,518	Unterrohrenstadt / Unterölsbach Ort / Abzw. Unterölsbach		LINESTRING(11.41164 49.369143,11.411081600000001 49.369351800000004)
161	Berg b. Neumarkt i.d. OPf.	Gspannberg	de:09373:17281:0:1	49.352288	11.381223	bus	MATCHED	n10044233801	2.3	1.0	Gspannberg	518	Grub (Burgthann) FWH		LINESTRING(11.381223 49.352288,11.3812137 49.3523073)
162	Berg b. Neumarkt i.d. OPf.	Gspannberg	de:09373:17281:0:2	49.352258	11.381107	bus	MATCHED	n10044233800	5.8	1.0	Gspannberg	518	Haslach (b. Berg)		LINESTRING(11.381107 49.352258,11.3811654 49.352222600000005)
163	Berg b. Neumarkt i.d. OPf.	Haimburg	de:09373:17300:0:1	49.351966	11.444402		NO_MATCH_AND_SEEMS_UNSERVED								POINT(11.444402 49.351966)
164	Berg b. Neumarkt i.d. OPf.	Haimburg	de:09373:17300:0:2	49.351948	11.444303		MATCHED	n1264395275	34.0	1.0	Haimburg				LINESTRING(11.444303 49.351948,11.4441428 49.352235500000006)
165	Berg b. Neumarkt i.d. OPf.	Haslach (b. Berg)	de:09373:17287:0:1	49.345528	11.395767	bus	NO_MATCH_BUT_OTHER_PLATFORM_MATCHED					518	Gspannberg		POINT(11.395767 49.345528)
166	Berg b. Neumarkt i.d. OPf.	Haslach (b. Berg)	de:09373:17287:0:2	49.345417	11.395677	bus	MATCHED	n9839800599	15.0	1.0	Haslach (b. Berg)	518	Kettenbach		LINESTRING(11.395677 49.345417,11.3957841 49.345532500000004)
167	Berg b. Neumarkt i.d. OPf.	Hausheim	de:09373:17288:0:1	49.329531	11.411389	bus	MATCHED	n375962229	4.3	1.0	Hausheim	512,518	Unterwall / Berg Schule / Berg Sparkasse / Berg Hausheimer Str.		LINESTRING(11.411389 49.329531,11.4113305 49.3295369)
168	Berg b. Neumarkt i.d. OPf.	Hausheim	de:09373:17288:0:2	49.329496	11.411236	bus	NO_MATCH_BUT_OTHER_PLATFORM_MATCHED					518			POINT(11.411236 49.329496)
169	Berg b. Neumarkt i.d. OPf.	Hausheimer Str.	de:09373:17283:0:1	49.330298	11.437081	bus	MATCHED	n437345205	4.3	1.0	Hausheimer Straße	512	Hausheim		LINESTRING(11.437081 49.330298,11.437029200000001 49.330279600000004)
170	Berg b. Neumarkt i.d. OPf.	Hausheimer Str.	de:09373:17283:0:2	49.330233	11.437233	bus	MATCHED	n10044392871	7.8	1.0	Hausheimer Straße	512,518	Abzw. Riebling / Berg Raiffeisenbank		LINESTRING(11.437233 49.330233,11.437326800000001 49.330267500000005)
171	Berg b. Neumarkt i.d. OPf.	Häuselstein	de:09373:17289:0:1	49.400803	11.460608	bus	NO_MATCH_BUT_OTHER_PLATFORM_MATCHED					518	Mauertsmühle / Reicheltshofen / Reicheltshofen		POINT(11.460608 49.400803)
172	Berg b. Neumarkt i.d. OPf.	Häuselstein	de:09373:17289:0:2	49.400833	11.460482	bus	MATCHED	n10044389343	7.0	1.0	Häuselstein	518	Stöckelsberg		LINESTRING(11.460482 49.400833,11.460538000000001 49.4008842)
173	Berg b. Neumarkt i.d. OPf.	Irleshof Bocksmühle	de:09373:17291:0:1	49.359514	11.439731		MATCHED	n437244469	9.1	1.0	Bocksmühle				LINESTRING(11.439731 49.359514,11.439848600000001 49.359543300000006)
174	Berg b. Neumarkt i.d. OPf.	Irleshof Bocksmühle	de:09373:17291:0:2	49.359543	11.43983	bus	NO_MATCH_BUT_OTHER_PLATFORM_MATCHED					512,518	Oberölsbach / Oberölsbach / Oberölsbach		POINT(11.43983 49.359543)
175	Berg b. Neumarkt i.d. OPf.	Irleshof Ort	de:09373:17290:0:1	49.360339	11.438796	bus	NO_MATCH					518	Sindlbach Schule		POINT(11.438796 49.360339)
176	Berg b. Neumarkt i.d. OPf.	Irleshof Ort	de:09373:17290:0:2	49.360128	11.43824		NO_MATCH_AND_SEEMS_UNSERVED								POINT(11.43824 49.360128)
177	Berg b. Neumarkt i.d. OPf.	Kadenzhofen	de:09373:17292:0:1	49.32682	11.472349	bus	MATCHED	n9990686946	2.9	1.0	Kadenzhofen	518	Riebling Ort / Abzw. Richtheim (b. Berg/NM) / Loderbach Ort / Richtheim (Berg/NM) Straßfeld		LINESTRING(11.472349 49.32682,11.4723655 49.3268441)
178	Berg b. Neumarkt i.d. OPf.	Kadenzhofen	de:09373:17292:0:2	49.326814	11.472322		NO_MATCH_AND_SEEMS_UNSERVED								POINT(11.472322 49.326814)
179	Berg b. Neumarkt i.d. OPf.	Kettenbach	de:09373:17302:0:1	49.340817	11.418117	bus	MATCHED	n2142951919	5.4	1.0	Kettenbach	512,518	Haslach (b. Berg) / Oberölsbach		LINESTRING(11.418117 49.340817,11.418163300000002 49.3407793)
180	Berg b. Neumarkt i.d. OPf.	Kettenbach	de:09373:17302:0:2	49.340776	11.418144	bus	NO_MATCH_BUT_OTHER_PLATFORM_MATCHED					518	Berg Schule		POINT(11.418144 49.340776)
181	Berg b. Neumarkt i.d. OPf.	Kleinvoggenhof	de:09373:17305:0:1	49.33302	11.387332	bus	MATCHED	n10048897682	8.5	1.0	Kleinvoggenhof	518	Großvoggenhof		LINESTRING(11.387332 49.33302,11.3874109 49.3330764)
182	Berg b. Neumarkt i.d. OPf.	Kleinvoggenhof	de:09373:17305:0:2	49.333002	11.387224		NO_MATCH_AND_SEEMS_UNSERVED								POINT(11.387224 49.333002)
183	Berg b. Neumarkt i.d. OPf.	Klostermühle (b. Berg/NM)	de:09373:17325:0:1	49.365493	11.415431		NO_MATCH_AND_SEEMS_UNSERVED								POINT(11.415431 49.365493)
184	Berg b. Neumarkt i.d. OPf.	Klostermühle (b. Berg/NM)	de:09373:17325:0:2	49.365499	11.415324		NO_MATCH_AND_SEEMS_UNSERVED								POINT(11.415324 49.365499)
185	Berg b. Neumarkt i.d. OPf.	Langenthal	de:09373:17293:0:1	49.362439	11.469968	bus	MATCHED	n437246098	11.3	1.0	Langenthal	512,518	Sindlbach Kriegerdenkm.		LINESTRING(11.469968 49.362439,11.4701242 49.3624391)
186	Berg b. Neumarkt i.d. OPf.	Langenthal	de:09373:17293:0:2	49.362381	11.469941		NO_MATCH_AND_SEEMS_UNSERVED								POINT(11.469941 49.362381)
187	Berg b. Neumarkt i.d. OPf.	Loderbach Ort	de:09373:17294:0:1	49.312943	11.458029	bus	MATCHED	n281253864	0.6	1.0	Loderbach Ort	518	Abzw. Riebling / Kadenzhofen / Abzw. Loderbach / Abzw. Holzheim (b.NM) / Hausheim / Neumarkt Neuer Markt		LINESTRING(11.458029 49.312943,11.4580347 49.3129397)
188	Berg b. Neumarkt i.d. OPf.	Loderbach Ort	de:09373:17294:0:2	49.312872	11.457984		NO_MATCH_AND_SEEMS_UNSERVED								POINT(11.457984 49.312872)
189	Berg b. Neumarkt i.d. OPf.	Mauertsmühle	de:09373:17296:0:1	49.404188	11.445812	bus	MATCHED	n9807115396	25.4	1.0	Mauertsmühle	518	Reicheltshofen / Häuselstein / Wünricht		LINESTRING(11.445812 49.404188,11.445495500000002 49.404284600000004)
190	Berg b. Neumarkt i.d. OPf.	Mauertsmühle	de:09373:17296:0:2	49.4041	11.445839		NO_MATCH_AND_SEEMS_UNSERVED								POINT(11.445839 49.4041)
191	Berg b. Neumarkt i.d. OPf.	Meilenhofen	de:09373:17297:0:1	49.341595	11.438051	bus	MATCHED_AMBIGUOUSLY	n10063100689	1.8	1.0	Meilenhofen	512,518	Kettenbach / Oberölsbach / Sindlbach Schule / Oberölsbach		LINESTRING(11.438051 49.341595,11.4380363 49.3415818)
192	Berg b. Neumarkt i.d. OPf.	Meilenhofen	de:09373:17297:0:1	49.341595	11.438051	bus	MATCHED_AMBIGUOUSLY	n1264395308	21.2	1.0	Meilenhofen	512,518	Kettenbach / Oberölsbach / Sindlbach Schule / Oberölsbach		LINESTRING(11.438051 49.341595,11.437759900000001 49.3415983)
193	Berg b. Neumarkt i.d. OPf.	Meilenhofen	de:09373:17297:0:2	49.341607	11.437817	bus	NO_MATCH_BUT_OTHER_PLATFORM_MATCHED					512,518	Berg Sparkasse		POINT(11.437817 49.341607)
194	Berg b. Neumarkt i.d. OPf.	Mitterrohrenstadt	de:09373:17299:0:1	49.382151	11.452388	bus	MATCHED	n10063614824	5.8	1.0	Mitterrohrenstadt	518	Stöckelsberg		LINESTRING(11.452388 49.382151,11.4523767 49.382202500000005)
195	Berg b. Neumarkt i.d. OPf.	Mitterrohrenstadt	de:09373:17299:0:2	49.382151	11.452271	bus	MATCHED	n2276498805	2.6	1.0	Mitterrohrenstadt	518	Unterrohrenstadt		LINESTRING(11.452271 49.382151,11.4522423 49.3821646)
196	Berg b. Neumarkt i.d. OPf.	Oberrohrenstadt	de:09373:17326:0:1	49.385648	11.457922		NO_MATCH_AND_SEEMS_UNSERVED								POINT(11.457922 49.385648)
197	Berg b. Neumarkt i.d. OPf.	Oberrohrenstadt	de:09373:17326:0:2	49.385531	11.457922		NO_MATCH_AND_SEEMS_UNSERVED								POINT(11.457922 49.385531)
198	Berg b. Neumarkt i.d. OPf.	Oberwall	de:09373:17303:0:1	49.345528	11.475151	bus	MATCHED	n10053220667	2.0	1.0	Oberwall	512,518	Meilenhofen / Kettenbach / Unterwall		LINESTRING(11.475151 49.345528,11.4751755 49.3455364)
199	Berg b. Neumarkt i.d. OPf.	Oberwall	de:09373:17303:0:2	49.345493	11.475259		NO_MATCH_AND_SEEMS_UNSERVED								POINT(11.475259 49.345493)
200	Berg b. Neumarkt i.d. OPf.	Oberölsbach	de:09373:17301:53:1	49.35708	11.427352	bus	MATCHED	n437244468	1.7	1.0	Oberölsbach	512,518	Abzw. Unterölsbach / Berg Schule / Irleshof Ort / Unterölsbach Ort / Sindlbach Kriegerdenkm. / Meilenhofen / Berg Sparkasse		LINESTRING(11.427352 49.35708,11.4273656 49.357092300000005)
201	Berg b. Neumarkt i.d. OPf.	Oberölsbach	de:09373:17301:53:2	49.357384	11.42693	bus	MATCHED	n10053208409	6.7	1.0	Oberölsbach	512	Abzw. Unterölsbach / Unterölsbach Ort		LINESTRING(11.42693 49.357384,11.4269198 49.357443800000006)
202	Berg b. Neumarkt i.d. OPf.	Oberölsbach	de:09373:17301:53:3	49.356465	11.426687	bus	MATCHED	n1264395249	3.6	1.0	Oberölsbach	512	Berg Sparkasse / Meilenhofen		LINESTRING(11.426687 49.356465,11.4267239 49.3564863)
203	Berg b. Neumarkt i.d. OPf.	Raiffeisenbank	de:09373:17280:0:1	49.329279	11.440737	bus	MATCHED	n297965732	7.6	1.0	Berg Raiffeisenbank	512,518	Berg Sparkasse / Berg Schule / Berg Hausheimer Str.		LINESTRING(11.440737 49.329279,11.4407305 49.329347000000006)
204	Berg b. Neumarkt i.d. OPf.	Raiffeisenbank	de:09373:17280:0:2	49.328366	11.441195	bus	MATCHED	n300114609	1.3	1.0	Berg Raiffeisenbank	512,518	Richtheim (b. Berg/NM) Ort / Riebling Ort / Abzw. Riebling / Abzw. Richtheim (b. Berg/NM) / Neumarkt Neuer Markt		LINESTRING(11.441195 49.328366,11.441191900000002 49.3283779)
205	Berg b. Neumarkt i.d. OPf.	Reicheltshofen	de:09373:17306:0:1	49.394536	11.468028	bus	NO_MATCH_BUT_OTHER_PLATFORM_MATCHED					518	Wünricht / Traunfeld Ortsmitte / Mauertsmühle		POINT(11.468028 49.394536)
206	Berg b. Neumarkt i.d. OPf.	Reicheltshofen	de:09373:17306:0:2	49.394618	11.468109	bus	MATCHED	n9823282653	9.2	1.0	Reicheltshofen	518	Stöckelsberg / Häuselstein		LINESTRING(11.468109 49.394618,11.4679905 49.3945877)
207	Berg b. Neumarkt i.d. OPf.	Reichenholz	de:09373:17307:0:1	49.352527	11.410275		NO_MATCH_AND_SEEMS_UNSERVED								POINT(11.410275 49.352527)
208	Berg b. Neumarkt i.d. OPf.	Reichenholz	de:09373:17307:0:2	49.352533	11.410194		NO_MATCH_AND_SEEMS_UNSERVED								POINT(11.410194 49.352533)
209	Berg b. Neumarkt i.d. OPf.	Richtheim (Berg/NM) Straßfeld	de:09373:17328:0:1	49.316632	11.449891	bus	MATCHED	n8929114292	10.1	0.37	Straßfeld	512,518	Abzw. Richtheim (b. Berg/NM)		LINESTRING(11.449891 49.316632,11.4500247 49.3166571)
210	Berg b. Neumarkt i.d. OPf.	Richtheim (b. Berg/NM) Ort	de:09373:17308:0:1	49.317171	11.452271	bus	MATCHED	n281260916	138.3	0.08	Richtheim	518	Kadenzhofen		LINESTRING(11.452271 49.317171,11.4538559 49.317859000000006)
211	Berg b. Neumarkt i.d. OPf.	Richtheim (b. Berg/NM) Ort	de:09373:17308:0:2	49.317153	11.452136		NO_MATCH_AND_SEEMS_UNSERVED								POINT(11.452136 49.317153)
212	Berg b. Neumarkt i.d. OPf.	Riebling Ort	de:09373:17312:0:1	49.32353	11.446756	bus	MATCHED	n10056430146	4.6	1.0	Riebling Ort	518	Berg Raiffeisenbank		LINESTRING(11.446756 49.32353,11.4467207 49.3234961)
213	Berg b. Neumarkt i.d. OPf.	Riebling Ort	de:09373:17312:0:2	49.32346	11.446836	bus	MATCHED	n10056430147	1.3	1.0	Riebling Ort	518	Kadenzhofen		LINESTRING(11.446836 49.32346,11.446834500000001 49.323471700000006)
214	Berg b. Neumarkt i.d. OPf.	Rührersberg	de:09373:17310:0:1	49.351503	11.401957		NO_MATCH_AND_SEEMS_UNSERVED								POINT(11.401957 49.351503)
215	Berg b. Neumarkt i.d. OPf.	Rührersberg	de:09373:17310:0:2	49.351474	11.401804		NO_MATCH_AND_SEEMS_UNSERVED								POINT(11.401804 49.351474)
216	Berg b. Neumarkt i.d. OPf.	Schule	de:09373:17284:0:1	49.334887	11.436829	bus	MATCHED	n300121141	5.2	1.0	Berg Schule	512,518	Berg Sparkasse / Hausheim / Unterwall / Meilenhofen / Kettenbach / Oberölsbach / Berg Raiffeisenbank / Oberwall / Unterölsbach Ort / Abzw. Riebling		LINESTRING(11.436829 49.334887,11.436860000000001 49.3348451)
217	Berg b. Neumarkt i.d. OPf.	Schule	de:09373:17284:0:2	49.334829	11.436793		NO_MATCH_AND_SEEMS_UNSERVED								POINT(11.436793 49.334829)
218	Berg b. Neumarkt i.d. OPf.	Sindlbach Kriegerdenkm. 	de:09373:17315:0:1	49.362913	11.458029	bus	MATCHED	n358113968	8.5	1.0	Kriegerdenkmal	512	Langenthal		LINESTRING(11.458029 49.362913,11.4581444 49.3629234)
219	Berg b. Neumarkt i.d. OPf.	Sindlbach Kriegerdenkm. 	de:09373:17315:0:2	49.363048	11.457922	bus	MATCHED	n10048892175	30.9	1.0	Kriegerdenkmal	512,518	Irleshof Bocksmühle		LINESTRING(11.457922 49.363048,11.458340600000001 49.363096000000006)
220	Berg b. Neumarkt i.d. OPf.	Sindlbach Schule	de:09373:17313:0:1	49.363048	11.45767	bus	MATCHED	n1264395169	3.0	1.0	Sindlbach Schule	518	Langenthal / Oberölsbach		LINESTRING(11.45767 49.363048,11.4577006 49.363066200000006)
221	Berg b. Neumarkt i.d. OPf.	Sindlbach Schule	de:09373:17313:0:2	49.363024	11.457535		NO_MATCH_AND_SEEMS_UNSERVED								POINT(11.457535 49.363024)
222	Berg b. Neumarkt i.d. OPf.	Sparkasse	de:09373:17282:0:1	49.332177	11.439452	bus	MATCHED	n9990757651	6.1	1.0	Berg Sparkasse	512,518	Oberölsbach / Berg Schule / Oberölsbach / Meilenhofen		LINESTRING(11.439452 49.332177,11.439428300000001 49.33223)
223	Berg b. Neumarkt i.d. OPf.	Sparkasse	de:09373:17282:0:2	49.331955	11.439353	bus	MATCHED	n437253676	6.5	1.0	Berg Sparkasse	512,518	Berg Raiffeisenbank / Hausheim		LINESTRING(11.439353 49.331955,11.439422700000001 49.331919000000006)
224	Berg b. Neumarkt i.d. OPf.	Stöckelsberg	de:09373:17316:0:1	49.383181	11.437853	bus	NO_MATCH_BUT_OTHER_PLATFORM_MATCHED					518	Reicheltshofen / Häuselstein		POINT(11.437853 49.383181)
225	Berg b. Neumarkt i.d. OPf.	Stöckelsberg	de:09373:17316:0:2	49.38311	11.43788	bus	MATCHED	n9823206830	7.8	1.0	Stöckelsberg	518	Mitterrohrenstadt / Gnadenberg		LINESTRING(11.43788 49.38311,11.4378548 49.3831785)
226	Berg b. Neumarkt i.d. OPf.	Unterrohrenstadt	de:09373:17319:0:1	49.374893	11.440575	bus	NO_MATCH_BUT_OTHER_PLATFORM_MATCHED					518	Mitterrohrenstadt		POINT(11.440575 49.374893)
227	Berg b. Neumarkt i.d. OPf.	Unterrohrenstadt	de:09373:17319:0:2	49.37494	11.440503	bus	MATCHED	n2276498781	7.2	1.0	Unterrohrenstadt	518	Oberölsbach / Langenthal		LINESTRING(11.440503 49.37494,11.440585500000001 49.3749036)
228	Berg b. Neumarkt i.d. OPf.	Unterwall	de:09373:17304:0:1	49.342491	11.468064	bus	MATCHED	n437344916	9.6	1.0	Unterwall	512,518	Oberwall		LINESTRING(11.468064 49.342491,11.467933500000001 49.3424758)
229	Berg b. Neumarkt i.d. OPf.	Unterwall	de:09373:17304:0:2	49.342444	11.467641	bus	MATCHED	n10017420409	2.4	1.0	Unterwall	518	Berg Sparkasse		LINESTRING(11.467641 49.342444,11.467611600000001 49.3424538)
230	Berg b. Neumarkt i.d. OPf.	Unterölsbach Ort	de:09373:17314:0:1	49.36172	11.417542	bus	NO_MATCH_BUT_OTHER_PLATFORM_MATCHED					512,518	Gnadenberg / Gnadenberg / Unterrohrenstadt		POINT(11.417542 49.36172)
231	Berg b. Neumarkt i.d. OPf.	Unterölsbach Ort	de:09373:17314:0:2	49.36176	11.417776	bus	MATCHED	n10056438137	4.0	1.0	Unterölsbach Ort	518	Oberölsbach		LINESTRING(11.417776 49.36176,11.4178037 49.3617915)
232	Berg b. Neumarkt i.d. OPf.	Wünricht	de:09373:17321:0:1	49.388274	11.473067	bus	MATCHED	n9823233612	8.2	1.0	Wünricht	518	Traunfeld Ortsmitte / Reicheltshofen		LINESTRING(11.473067 49.388274,11.4731491 49.388324100000006)
233	Berg b. Neumarkt i.d. OPf.	Wünricht	de:09373:17321:0:2	49.388303	11.472932		NO_MATCH_AND_SEEMS_UNSERVED								POINT(11.472932 49.388303)
234	Berngau	Abzw. Allershofen	de:09373:17336:0:1	49.248516	11.388913	bus	MATCHED	n8335884003	10.6	1.0	Berngau, Abzweig Allersberg	516	Abzw. Neuricht (b. Berngau) / Allershofen Ort / Neuricht (b. Berngau) Ort		LINESTRING(11.388913 49.248516,11.388958500000001 49.248606300000006)
235	Berngau	Abzw. Allershofen	de:09373:17336:0:2	49.248463	11.389012	bus	MATCHED	n8335884002	6.6	1.0	Berngau, Abzweig Allersberg	516	Berngau Freystädter Str.		LINESTRING(11.389012 49.248463,11.3890799 49.248501700000006)
236	Berngau	Abzw. Mittelricht	de:09373:17346:0:1	49.239596	11.378466	bus	MATCHED_THOUGH_REVERSED_DIR	n5879566262	0.4	1.0	Abzw. Mittelricht	514,516	Berngau Abzw. Allershofen / Röckersbühl / Mittelricht Ort	Abzw. Mittelricht	LINESTRING(11.378466 49.239596,11.378469800000001 49.239598)
237	Berngau	Abzw. Mittelricht	de:09373:17346:0:2	49.239625	11.37896		MATCHED	n5879566263	2.5	1.0	Abzw. Mittelricht			Ingolstädter Straße	LINESTRING(11.37896 49.239625,11.378941800000002 49.2396059)
238	Berngau	Abzw. Neuricht (b. Berngau)	de:09373:17343:0:1	49.243519	11.38567	bus	MATCHED	n5879418648	8.0	1.0	Abzw. Neuricht (b. Berngau)	516	Abzw. Mittelricht / Mittelricht Ort		LINESTRING(11.38567 49.243519,11.385709 49.243586300000004)
239	Berngau	Abzw. Neuricht (b. Berngau)	de:09373:17343:0:2	49.243549	11.385931		MATCHED	n10026968428	6.8	1.0	Abzw. Neuricht (b. Berngau)				LINESTRING(11.385931 49.243549,11.3859311 49.243610100000005)
240	Berngau	Abzw. Wolfsricht	de:09373:17349:0:1	49.239572	11.354957	bus	MATCHED	n10041432456	109.7	1.0	Abzweigung Wolfsricht	516	Möning Kirche / Röckersbühl		LINESTRING(11.354957 49.239572,11.356297300000001 49.239121700000005)
241	Berngau	Abzw. Wolfsricht	de:09373:17349:0:2	49.239584	11.354957		NO_MATCH_AND_SEEMS_UNSERVED								POINT(11.354957 49.239584)
242	Berngau	Allershofen Ort	de:09373:17335:0:1	49.250128	11.382813	bus	MATCHED	n10060978749	5.1	1.0	Allershofen Ort	516	Berngau Abzw. Allershofen		LINESTRING(11.382813 49.250128,11.382767300000001 49.250162800000005)
243	Berngau	Allershofen Ort	de:09373:17335:0:2	49.250076	11.382742	bus	NO_MATCH_BUT_OTHER_PLATFORM_MATCHED					516	Dippenricht / Abzw. Neuricht (b. Berngau)		POINT(11.382742 49.250076)
244	Berngau	Dippenricht	de:09373:17338:0:1	49.254374	11.365629	bus	MATCHED	n10042329289	2.3	1.0	Dippenricht	516	Pavelsbach Cäciliastr. / Pavelsbach An der Heide / Pavelsbach Simonstr.		LINESTRING(11.365629 49.254374,11.3656562 49.2543839)
245	Berngau	Dippenricht	de:09373:17338:0:2	49.254262	11.365395	bus	MATCHED	n10042329288	5.5	1.0	Dippenricht	516	Allershofen Ort	Berngau, Ramoldplatz	LINESTRING(11.365395 49.254262,11.365469800000001 49.254267000000006)
246	Berngau	Freystädter Str.	de:09373:17332:0:1	49.250926	11.391653	bus	MATCHED	n8335884011	1.7	1.0	Berngau, Freystädter Straße	516	Berngau Abzw. Allershofen		LINESTRING(11.391653 49.250926,11.391660900000002 49.2509402)
247	Berngau	Freystädter Str.	de:09373:17332:0:2	49.250855	11.391788	bus	MATCHED	n8335884010	0.7	1.0	Berngau, Freystädter Straße	516	Berngau Ramoldplatz		LINESTRING(11.391788 49.250855,11.3917816 49.250860100000004)
248	Berngau	Mittelricht Ort	de:09373:17341:0:1	49.234417	11.386739	bus	MATCHED_THOUGH_REVERSED_DIR	n1264722659	3.6	1.0	Mittelricht, Ort	514,516	Berngau Abzw. Allershofen / Röckersbühl	Abzw. Mittelricht	LINESTRING(11.386739 49.234417,11.3867208 49.2343872)
249	Berngau	Neuricht (b. Berngau) Ort	de:09373:17344:0:1	49.246023	11.372896	bus	MATCHED	n10060996660	3.1	1.0	Neuricht (b. Berngau) Ort	514,516	Wolfsricht Ort		LINESTRING(11.372896 49.246023,11.3729049 49.246050200000006)
250	Berngau	Neuricht (b. Berngau) Ort	de:09373:17344:0:2	49.245924	11.372519	bus	NO_MATCH_BUT_OTHER_PLATFORM_MATCHED					516	Berngau Abzw. Allershofen		POINT(11.372519 49.245924)
251	Berngau	Ramoldplatz	de:09373:17331:0:1	49.25204	11.397501	bus	MATCHED	n8335884001	3.3	1.0	Berngau, Ramoldplatz	516	Dippenricht / Berngau Freystädter Str. / Allershofen Ort		LINESTRING(11.397501 49.25204,11.3975121 49.2520686)
252	Berngau	Ramoldplatz	de:09373:17331:0:2	49.251917	11.397321	bus	MATCHED	n5224843877	1.8	1.0	Berngau, Ramoldplatz	516	Berngau Reifenstein	Berngau, Reifenstein	LINESTRING(11.397321 49.251917,11.3973451 49.2519204)
253	Berngau	Reifenstein	de:09373:17333:0:1	49.252357	11.405792	bus	MATCHED	n10019928878	5.0	1.0	Berngau, Reifenstein	516	Berngau Ramoldplatz		LINESTRING(11.405792 49.252357,11.4057545 49.2523198)
254	Berngau	Reifenstein	de:09373:17333:0:2	49.252327	11.406026	bus	MATCHED	n5224839291	13.8	1.0	Berngau, Reifenstein	516	Neumarkt Florianstr. / Stauf (b.NM) Kirche / Neumarkt Klebl Bauzentr.	Alois-Senefelder-Straße / Fa. Pfleiderer	LINESTRING(11.406026 49.252327,11.4058632 49.252262900000005)
255	Berngau	Röckersbühl	de:09373:17345:0:1	49.237807	11.372366	bus	MATCHED_THOUGH_REVERSED_DIR	n1264722722	6.9	1.0	Röckersbühl	514,516	Kittenhausen / Wolfsricht Ort / Abzw. Wolfsricht	Mittelricht, Ort	LINESTRING(11.372366 49.237807,11.372444100000001 49.2378428)
256	Berngau	Röckersbühl	de:09373:17345:0:2	49.237783	11.372447	bus	NO_MATCH_BUT_OTHER_PLATFORM_MATCHED					516	Abzw. Mittelricht		POINT(11.372447 49.237783)
257	Berngau	Tyrolsberg	de:09373:17348:0:1	49.27744	11.385149	bus	MATCHED	n8195147450	7.0	1.0	Tyrolsberg	505,506	Köstlbach	Florianstraße / Köstlbach	LINESTRING(11.385149 49.27744,11.385146800000001 49.277377300000005)
258	Berngau	Tyrolsberg	de:09373:17348:0:2	49.2772	11.385374	bus	MATCHED	n8195147449	6.3	1.0	Tyrolsberg	505,506	Neumarkt Florianstr. / Neumarkt Klinikum	Marktplatz / Florianstraße	LINESTRING(11.385374 49.2772,11.385458300000002 49.27721450000001)
259	Berngau	Wolfsricht Ort	de:09373:17351:0:1	49.247765	11.360059	bus	NO_MATCH_BUT_OTHER_PLATFORM_MATCHED					514,516	Pavelsbach Cäciliastr. / Möning Kirche		POINT(11.360059 49.247765)
260	Berngau	Wolfsricht Ort	de:09373:17351:0:2	49.247695	11.359951	bus	MATCHED	n10061007959	2.2	1.0	Wolfsricht, Ort	516	Neuricht (b. Berngau) Ort		LINESTRING(11.359951 49.247695,11.359974600000001 49.2477072)
261	Breitenbrunn	Abzw. Höhenberg/Breitenbrunn	de:09373:17377:0:1	49.066214	11.637324		MATCHED	n5257694578	2.0	1.0	Abzw. Höhenberg/Breitenbrunn			Siegertshofen	LINESTRING(11.637324 49.066214,11.637351200000001 49.066218500000005)
262	Breitenbrunn	Abzw. Höhenberg/Breitenbrunn	de:09373:17377:0:2	49.066214	11.637468		NO_MATCH_AND_SEEMS_UNSERVED								POINT(11.637468 49.066214)
263	Breitenbrunn	Abzw. Langenried	de:09373:17366:0:1	49.097833	11.628098	bus	MATCHED	n1768994921	13.5	1.0	Abzw. Langenried	528,547	Kemnathen/Breitenbrunn Schule / Breitenbrunn (NM) Ehgärtlstr.		LINESTRING(11.628098 49.097833,11.627922100000001 49.0978701)
264	Breitenbrunn	Abzw. Langenried	de:09373:17366:0:2	49.098016	11.627991	bus	MATCHED	n2487378485	2.6	1.0	Abzw. Langenried	528,547	Breitenbrunn (Lkr. NM) Schule / Bachhaupt / Rasch/Breitenbr./NM Ortsmitte		LINESTRING(11.627991 49.098016,11.6279596 49.0980265)
265	Breitenbrunn	Abzw. Rasch (b. Breitenbr. /NM)	de:09373:17388:0:1	49.126805	11.648257		MATCHED	n5253005753	40.0	1.0	Abzw. Rasch (b. Breitebrunn)				LINESTRING(11.648257 49.126805,11.6487721 49.1269276)
266	Breitenbrunn	Abzw. Rasch (b. Breitenbr. /NM)	de:09373:17388:0:2	49.126629	11.648257		MATCHED	n5253005754	11.5	1.0	Abzw. Rasch (b. Breitebrunn)				LINESTRING(11.648257 49.126629,11.648101500000001 49.126609900000005)
267	Breitenbrunn	Bachhaupt	de:09373:17370:0:1	49.095533	11.634225	bus	MATCHED	n5876700399	5.6	0.66	Bachhaupt	547	Abzw. Langenried	Wimpasing	LINESTRING(11.634225 49.095533,11.634191600000001 49.0955786)
268	Breitenbrunn	Bachhaupt	de:09373:17370:0:2	49.095481	11.634144	bus	NO_MATCH_BUT_OTHER_PLATFORM_MATCHED					547	Kemnathen/Breitenbrunn Schule		POINT(11.634144 49.095481)
269	Breitenbrunn	Brand	de:09373:17362:0:1	49.078967	11.616438	bus	NO_MATCH_BUT_OTHER_PLATFORM_MATCHED					528,531,534,587	Breitenbrunn (Lkr. NM) Kirche / Breitenbrunn (Lkr. NM) Schule / Premerzhofen		POINT(11.616438 49.078967)
270	Breitenbrunn	Brand	de:09373:17362:0:2	49.078972	11.616357	bus	MATCHED	n5876759730	186.2	1.0	Breitenbrunn, Brand	531,534,587	Breitenbrunn (Lkr. NM) Kirche / Premerzhofen / Premerzhofen	Staufersbuch, Abzw. Fessmaierstraße / Abzw. Hermannsberg (b. Berching)	LINESTRING(11.616357 49.078972,11.6157897 49.077339900000005)
271	Breitenbrunn	Buch (Breitenbr. /NM) Zeltplatz	de:09373:17368:0:1	49.090492	11.641187	bus	MATCHED_THOUGH_REVERSED_DIR	n5876711314	11.1	1.0	Buch (b. Breitenbrunn/NM), Zeltplatz	531	Buch (b. Breitenbrunn/NM)	Bachhaupt	LINESTRING(11.641187 49.090492,11.641248800000001 49.0905836)
272	Breitenbrunn	Buch (Breitenbr. /NM) Zeltplatz	de:09373:17368:0:2	49.090575	11.641241	bus	NO_MATCH_BUT_OTHER_PLATFORM_MATCHED					531	Breitenbrunn (Lkr. NM) Schule		POINT(11.641241 49.090575)
273	Breitenbrunn	Buch (b. Breitenbrunn/NM)	de:09373:17367:0:1	49.088974	11.646613	bus	MATCHED	n5256502647	2.4	1.0	Buch (b. Breitenbrunn/NM)	528,531,587	Langenthonhausen / Siegertshofen	Breitenbrunn(Lkr. NM), Kirche / Langenthonhausen / Premerzhofen	LINESTRING(11.646613 49.088974,11.6466457 49.088976200000005)
274	Breitenbrunn	Buch (b. Breitenbrunn/NM)	de:09373:17367:0:2	49.089086	11.646747	bus	NO_MATCH_BUT_OTHER_PLATFORM_MATCHED					528,531,587	Breitenbrunn (Lkr. NM) Kirche / Buch (Breitenbr./NM) Zeltplatz / Hamberg (b. Breitenbrunn) / Breitenbrunn (Lkr. NM) Schule		POINT(11.646747 49.089086)
275	Breitenbrunn	Buch (b. Breitenbrunn/NM)	de:09373:17367:0:3	49.089086	11.646604		NO_MATCH_AND_SEEMS_UNSERVED								POINT(11.646604 49.089086)
276	Breitenbrunn	Dürn (b. Breitenbrunn/NM)	de:09373:17369:0:1	49.087386	11.593037	bus	NO_MATCH_BUT_OTHER_PLATFORM_MATCHED					528,531,534,587	Breitenbrunn (Lkr. NM) Kirche / Breitenbrunn (Lkr. NM) Schule / Premerzhofen / Eismannsdorf (b.Breitenbr./NM)		POINT(11.593037 49.087386)
277	Breitenbrunn	Dürn (b. Breitenbrunn/NM)	de:09373:17369:0:2	49.087462	11.593037	bus	MATCHED	n5238298675	9.0	1.0	Dürn (b. Breitenbrunn/NM)	528,531,534,587	Gimpertshausen (Breitenbr./NM)	Premerzhofen / Gimpertshausen	LINESTRING(11.593037 49.087462,11.5930076 49.087383)
278	Breitenbrunn	Eckerding	de:09373:17371:0:1	49.104644	11.687037	bus	NO_MATCH_BUT_OTHER_PLATFORM_MATCHED					528,531,535	Herrnried Ortsmitte / Kemnathen/Breitbr Wissing.Str. / Langenthonhausen		POINT(11.687037 49.104644)
279	Breitenbrunn	Eckerding	de:09373:17371:0:2	49.104526	11.687118	bus	MATCHED	n5257715916	10.8	1.0	Eckerding	528,531,535	Hamberg (b. Breitenbrunn)	Hamberg (b. Breitenbrunn)	LINESTRING(11.687118 49.104526,11.6870781 49.1046192)
280	Breitenbrunn	Ehgärtlstr.	de:09373:17364:0:1	49.087651	11.623167	bus	MATCHED	n10042318315	1.9	1.0	Ehgärtlstraße	547	Breitenbrunn (Lkr. NM) Schule		LINESTRING(11.623167 49.087651,11.6231524 49.0876652)
281	Breitenbrunn	Ehgärtlstr.	de:09373:17364:0:2	49.08758	11.623086	bus	MATCHED_THOUGH_DISTANT	n5253022747	284.1	0.05	Breitenbrunn, Ehgärtlstraße	547	Abzw. Langenried		LINESTRING(11.623086 49.08758,11.6261919 49.086041800000004)
282	Breitenbrunn	Eismannsdorf (b. Breitenbr. /NM)	de:09373:17373:0:1	49.067762	11.592022	bus	NO_MATCH_BUT_OTHER_PLATFORM_MATCHED					528,534,587	Muttenhofen / Premerzhofen / Muttenhofen		POINT(11.592022 49.067762)
283	Breitenbrunn	Eismannsdorf (b. Breitenbr. /NM)	de:09373:17373:0:2	49.06775	11.592076	bus	MATCHED	n1262611043	4.3	1.0	Eismannsdorf	534,587	Premerzhofen / Dürn (b. Breitenbrunn/NM)	Breitenbrunn(Lkr. NM), Kirche / Dürn (b. Breitenbrunn/NM) / Muttenhofen	LINESTRING(11.592076 49.06775,11.5921021 49.067784200000006)
284	Breitenbrunn	Erbmühle -Forellenhof-	de:09373:17375:0:1	49.094645	11.540908	bus	NO_MATCH_BUT_OTHER_PLATFORM_MATCHED					581	Staadorf		POINT(11.540908 49.094645)
285	Breitenbrunn	Erbmühle -Forellenhof-	de:09373:17375:0:2	49.094892	11.540782	bus	MATCHED	n1783984967	32.1	1.0	Erbmühle Forellenhof	524	Holnstein (Berch.) Neue Brücke	Holnstein(Berching), Neue Brücke	LINESTRING(11.540782 49.094892,11.540962 49.0946287)
286	Breitenbrunn	Erggertshofen	de:09373:17376:0:1	49.056814	11.636147	bus	MATCHED_THOUGH_REVERSED_DIR	n1500746934	8.6	1.0	Erggertshofen	528,587	Eutenhofen / Predlfing	Abzw. Höhenberg/Breitenbrunn / Siegertshofen	LINESTRING(11.636147 49.056814,11.636054600000001 49.0567666)
287	Breitenbrunn	Erggertshofen	de:09373:17376:0:2	49.056802	11.636318	bus	NO_MATCH_BUT_OTHER_PLATFORM_MATCHED					528,587	Siegertshofen / Leiterzhofen		POINT(11.636318 49.056802)
288	Breitenbrunn	Gimpertshausen (Breitenbr. /NM)	de:09373:17378:0:1	49.101809	11.569241	bus	MATCHED_AMBIGUOUSLY	n5238345809	19.0	1.0	Gimpertshausen	528,531,534,587	Dürn (b. Breitenbrunn/NM)	Dürn (b. Breitenbrunn/NM) / Staufersbuch, Ortsmitte	LINESTRING(11.569241 49.101809,11.5691909 49.101976400000005)
289	Breitenbrunn	Gimpertshausen (Breitenbr. /NM)	de:09373:17378:0:1	49.101809	11.569241	bus	MATCHED_AMBIGUOUSLY	n10044130409	2.4	1.0	Gimpertshausen	528,531,534,587	Dürn (b. Breitenbrunn/NM)		LINESTRING(11.569241 49.101809,11.569207700000002 49.1018096)
290	Breitenbrunn	Gimpertshausen (Breitenbr. /NM)	de:09373:17378:0:2	49.101909	11.569241	bus	NO_MATCH_BUT_OTHER_PLATFORM_MATCHED					528,531,534,587	Staufersbuch Ortsmitte		POINT(11.569241 49.101909)
291	Breitenbrunn	Hamberg (b. Breitenbrunn)	de:09373:17379:0:1	49.10869	11.686175	bus	NO_MATCH_BUT_OTHER_PLATFORM_MATCHED					528,531,535,587	Langenthonhausen / Buch (b. Breitenbrunn/NM) / Eckerding		POINT(11.686175 49.10869)
292	Breitenbrunn	Hamberg (b. Breitenbrunn)	de:09373:17379:0:2	49.108761	11.686246	bus	MATCHED	n5876730000	12.2	1.0	Hamberg (b. Breitenbrunn)	528,531,535,587	Ödberg / Schöndorf	Schöndorf / Breitenbrunn, Brand	LINESTRING(11.686246 49.108761,11.6860794 49.108749200000005)
293	Breitenbrunn	Hamberg (b. Breitenbrunn)	de:09373:17379:0:3	49.109319	11.687199		NO_MATCH_AND_SEEMS_UNSERVED								POINT(11.687199 49.109319)
294	Breitenbrunn	Kemnathen/Breitbr Wissing. Str. 	de:09373:17380:0:1	49.113594	11.624721	bus	MATCHED_THOUGH_REVERSED_DIR	n1769839550	24.8	1.0	Kemnathen b. Breitenbrunn, Wissinger Straße	535,587	Rasch b.Breitenbr./NM FWH / Wissing Schachtelweg	Winn (b. Seubersdorf)	LINESTRING(11.624721 49.113594,11.6244195 49.113490600000006)
295	Breitenbrunn	Kemnathen/Breitbr Wissing. Str. 	de:09373:17380:0:2	49.113447	11.62437	bus	NO_MATCH_BUT_OTHER_PLATFORM_MATCHED					535,587	Winn (b. Seubersd.) / Breitenbrunn (Lkr. NM) Kirche / Eckerding		POINT(11.62437 49.113447)
296	Breitenbrunn	Kemnathen/Breitenbrunn Schule	de:09373:17381:0:1	49.112289	11.623679	bus	MATCHED	n1769839529	6.9	1.0	Kemnathen b. Breitenbrunn, Schule	528,547	Rasch b.Breitenbr./NM FWH / Bachhaupt	Buch (b. Breitenbrunn/NM)	LINESTRING(11.623679 49.112289,11.623709 49.1123479)
297	Breitenbrunn	Kemnathen/Breitenbrunn Schule	de:09373:17381:0:2	49.112207	11.623697	bus	MATCHED	n10017696428	9.0	1.0	Kemnathen b. Breitenbrunn, Schule	528,547	Rasch/Breitenbr./NM Ortsmitte / Abzw. Langenried		LINESTRING(11.623697 49.112207,11.6238034 49.1122485)
298	Breitenbrunn	Kirche	de:09373:17361:0:1	49.083068	11.620247	bus	MATCHED_THOUGH_REVERSED_DIR	n5210540678	6.7	1.0	Breitenbrunn(Lkr. NM), Kirche	528,534,587	Buch (b. Breitenbrunn/NM) / Kemnathen/Breitbr Wissing.Str. / Breitenbrunn (Lkr. NM) Schule / Breitenbrunn (Lkr.NM) Brand	Premerzhofen / Dürn (b. Breitenbrunn/NM) / Gimpertshausen	LINESTRING(11.620247 49.083068,11.6203272 49.083038800000004)
299	Breitenbrunn	Kirche	de:09373:17361:0:2	49.083009	11.620382	bus	NO_MATCH_BUT_OTHER_PLATFORM_MATCHED					534,587	Breitenbrunn (Lkr. NM) Schule / Breitenbrunn (Lkr.NM) Brand		POINT(11.620382 49.083009)
300	Breitenbrunn	Langenthonhausen	de:09373:17383:0:1	49.084038	11.666205	bus	NO_MATCH_BUT_OTHER_PLATFORM_MATCHED					528,531,587	Leiterzhofen / Buch (b. Breitenbrunn/NM) / Mungenhofen / Schöndorf		POINT(11.666205 49.084038)
301	Breitenbrunn	Langenthonhausen	de:09373:17383:0:2	49.084156	11.666304	bus	MATCHED	n5238377802	14.0	1.0	Langenthonhausen	528,531,587	Buch (b. Breitenbrunn/NM) / Hamberg (b. Breitenbrunn)	Breitenbrunn(Lkr. NM), Kirche / Buch (b. Breitenbrunn/NM) / Mungenhofen	LINESTRING(11.666304 49.084156,11.666232 49.0840389)
302	Breitenbrunn	Langenthonhausen	de:09373:17383:0:3	49.084068	11.66634		NO_MATCH_AND_SEEMS_UNSERVED								POINT(11.66634 49.084068)
303	Breitenbrunn	Leiterzhofen	de:09373:17384:0:1	49.067833	11.653476	bus	NO_MATCH_BUT_OTHER_PLATFORM_MATCHED					528,587	Wolfertshofen		POINT(11.653476 49.067833)
304	Breitenbrunn	Leiterzhofen	de:09373:17384:0:2	49.067962	11.653467	bus	MATCHED	n5256523224	13.1	1.0	Leiterzhofen	528,587	Langenthonhausen / Erggertshofen / Wolfertshofen	Buch (b. Breitenbrunn/NM) / Langenthonhausen / Ödberg	LINESTRING(11.653467 49.067962,11.6534907 49.067845500000004)
305	Breitenbrunn	Ort	de:09373:17363	49.083509	11.622197		NO_MATCH_AND_SEEMS_UNSERVED								POINT(11.622197 49.083509)
306	Breitenbrunn	Premerzhofen	de:09373:17386:0:1	49.0621	11.605883	bus	NO_MATCH_BUT_OTHER_PLATFORM_MATCHED					528,531,534,587	Breitenbrunn (Lkr.NM) Brand / Dürn (b. Breitenbrunn/NM) / Eismannsdorf (b.Breitenbr./NM)		POINT(11.605883 49.0621)
307	Breitenbrunn	Premerzhofen	de:09373:17386:0:2	49.062241	11.605802	bus	MATCHED	n1262611221	2.2	1.0	Premerzhofen	534,587	Eismannsdorf (b.Breitenbr./NM) / Breitenbrunn (Lkr.NM) Brand	Dürn (b. Breitenbrunn/NM) / Eismannsdorf	LINESTRING(11.605802 49.062241,11.605827300000001 49.062229800000004)
308	Breitenbrunn	Rasch b. Breitenbr. /NM FWH	de:09373:17389:0:1	49.1143	11.648005	bus	MATCHED	n5876689427	5.9	1.0	Rasch b. Breitenbrunn/NM, FWH	528,587	Schöndorf / Ödberg	Freihausen / Buch (b. Breitenbrunn/NM), Zeltplatz	LINESTRING(11.648005 49.1143,11.6479245 49.1143044)
309	Breitenbrunn	Rasch b. Breitenbr. /NM FWH	de:09373:17389:0:2	49.114376	11.647924	bus	NO_MATCH_BUT_OTHER_PLATFORM_MATCHED					528,587	Kemnathen/Breitenbrunn Schule / Kemnathen/Breitbr Wissing.Str.		POINT(11.647924 49.114376)
310	Breitenbrunn	Rasch/Breitenbr. /NM Ortsmitte	de:09373:17390:0:1	49.115076	11.649739	bus	NO_MATCH_BUT_OTHER_PLATFORM_MATCHED					547	Kemnathen/Breitenbrunn Schule / Abzw. Langenried		POINT(11.649739 49.115076)
311	Breitenbrunn	Rasch/Breitenbr. /NM Ortsmitte	de:09373:17390:0:2	49.115029	11.649838	bus	MATCHED	n5210481936	9.7	1.0	Rasch b. Breitenbrunn/NM, Ortsmitte	547	Winn (b. Seubersd.)		LINESTRING(11.649838 49.115029,11.6497998 49.1151129)
312	Breitenbrunn	Schule	de:09373:17365:0:1	49.083738	11.623319	bus	NO_MATCH_BUT_OTHER_PLATFORM_MATCHED					528,531,534,547	Buch (Breitenbr./NM) Zeltplatz / Parleithen Obermühle / Breitenbrunn (Lkr. NM) Kirche / Siegertshofen / Buch (b. Breitenbrunn/NM) / Abzw. Langenried		POINT(11.623319 49.083738)
313	Breitenbrunn	Schule	de:09373:17365:0:2	49.083621	11.623337	bus	MATCHED	n5253032547	10.5	1.0	Breitenbrunn, Schule	528,531,534,535,547	Willmannsdorf / Breitenbrunn (NM) Ehgärtlstr. / Dürn (b. Breitenbrunn/NM) / Breitenbrunn (Lkr.NM) Brand		LINESTRING(11.623337 49.083621,11.623405400000001 49.083704000000004)
314	Breitenbrunn	Schöndorf	de:09373:17391:0:1	49.112995	11.686543	bus	NO_MATCH_BUT_OTHER_PLATFORM_MATCHED					528,531,535	Hamberg (b. Breitenbrunn)		POINT(11.686543 49.112995)
315	Breitenbrunn	Schöndorf	de:09373:17391:0:2	49.112936	11.686561	bus	MATCHED	n5257707015	6.3	1.0	Schöndorf	528,531,535	Langenthonhausen / Parsberg Abzw. Möbelhof / Rasch b.Breitenbr./NM FWH	Parsberg, Lindlbergstraße	LINESTRING(11.686561 49.112936,11.686639000000001 49.1129612)
316	Breitenbrunn	Siegertshofen	de:09373:17395:0:1	49.070975	11.637522	bus	MATCHED	n5238417494	4.7	1.0	Siegertshofen	528,587	Wolfertshofen / Erggertshofen	Wolfertshofen	LINESTRING(11.637522 49.070975,11.637582100000001 49.0709907)
317	Breitenbrunn	Siegertshofen	de:09373:17395:0:2	49.070899	11.637558	bus	NO_MATCH_BUT_OTHER_PLATFORM_MATCHED					528,587	Breitenbrunn (Lkr. NM) Schule / Wolfertshofen		POINT(11.637558 49.070899)
318	Breitenbrunn	Wolfertshofen	de:09373:17397:0:1	49.06845	11.646739	bus	NO_MATCH_BUT_OTHER_PLATFORM_MATCHED					528,587	Siegertshofen		POINT(11.646739 49.06845)
319	Breitenbrunn	Wolfertshofen	de:09373:17397:0:2	49.068356	11.646712	bus	MATCHED	n5238415864	2.0	1.0	Wolfertshofen	528,587	Leiterzhofen / Siegertshofen	Leiterzhofen	LINESTRING(11.646712 49.068356,11.6467255 49.068340500000005)
320	Breitenbrunn	Ödberg	de:09373:17392:0:1	49.110284	11.672053	bus	NO_MATCH_BUT_OTHER_PLATFORM_MATCHED					587	Hamberg (b. Breitenbrunn)		POINT(11.672053 49.110284)
321	Breitenbrunn	Ödberg	de:09373:17392:0:2	49.110178	11.672017	bus	MATCHED	n5256415589	19.1	1.0	Ödberg	587	Rasch b.Breitenbr./NM FWH	Langenthonhausen	LINESTRING(11.672017 49.110178,11.672176700000001 49.110313700000006)
322	Breitenbrunn	Ödenhaid	de:09373:17385	49.058238	11.673715		NO_MATCH_AND_SEEMS_UNSERVED								POINT(11.673715 49.058238)
323	Deining	(Oberpf)	de:09373:17400:1:1	49.203964	11.515288	trainish	MATCHED	n4739438286	12.2	0.53	Deining (Oberpfalz)			Neumarkt (Oberpf)	LINESTRING(11.515288 49.203964,11.5154478 49.2039952)
324	Deining	(Oberpf)	de:09373:17400:2:2	49.203935	11.515297	trainish	MATCHED	n4739438285	12.6	0.52	Deining (Oberpfalz)				LINESTRING(11.515297 49.203935,11.515467500000002 49.203951)
325	Deining	(Oberpf)	de:09373:17400:3:1	49.203524	11.514282	bus	MATCHED_THOUGH_OSM_NO_NAME	w447649207	81.2	0.07		581,RB51,RE22,RE50	Waltersberg (Dein.) Am Obstberg / Neumarkt (Oberpf) / Neumarkt (Oberpf)		LINESTRING(11.514282 49.203524,11.51500685358791 49.20407852640158)
326	Deining	(Oberpf)	de:09373:17400:3:2	49.203483	11.514327	train	MATCHED	n11195825812	15.1	1.0	Deining (Oberpf)	RB51,RE50	Batzhausen		LINESTRING(11.514327 49.203483,11.5141828 49.2035801)
327	Deining	Abzw. Hacklsberg (Deining)	de:09373:17418:0:1	49.199545	11.494815		MATCHED	n5891423754	32.1	1.0	Abzw. Hacklsberg (Deining)			Abzw. Hacklsberg (Deining)	LINESTRING(11.494815 49.199545,11.4950761 49.1997779)
328	Deining	Abzw. Hacklsberg (Deining)	de:09373:17418:0:2	49.199509	11.49504	bus	MATCHED	n5891423753	6.9	1.0	Abzw. Hacklsberg (Deining)	581	Sengenthal Max-Bögl-Str. / Döllwang Kirche	Sengenthal, Max-Bögl-Straße	LINESTRING(11.49504 49.199509,11.494989400000001 49.199561700000004)
329	Deining	Arzthofen	de:09373:17411:0:1	49.251876	11.532913	bus	MATCHED	n10060763690	10.0	1.0	Arzthofen	513	Oberbuchfeld		LINESTRING(11.532913 49.251876,11.5327772 49.2518891)
330	Deining	Arzthofen	de:09373:17411:0:2	49.25197	11.532886	bus	NO_MATCH_BUT_OTHER_PLATFORM_MATCHED					513	Siegenhof. (Deining) Kreuzstr.		POINT(11.532886 49.25197)
331	Deining	Bischof-Gundekar-S.	de:09373:17404:0:1	49.234293	11.546972	bus	MATCHED	n10041408063	91.3	1.0	Deining Bischof-Gundekar-Straße	513	Siegenhof. (Deining) Kreuzstr. / Unterbuchfeld		LINESTRING(11.546972 49.234293,11.5471914 49.2334851)
332	Deining	Bischof-Gundekar-S.	de:09373:17404:0:2	49.234293	11.54707	bus	MATCHED	n10041408064	89.6	1.0	Deining Bischof-Gundekar-Straße	513	Deining Pfarrer-Breindl-Str.		LINESTRING(11.54707 49.234293,11.5470667 49.233487700000005)
333	Deining	Bäckermühle	de:09373:17413:0:1	49.175143	11.519438	bus	NO_MATCH_BUT_OTHER_PLATFORM_MATCHED					581	Kreismühle		POINT(11.519438 49.175143)
334	Deining	Bäckermühle	de:09373:17413:0:2	49.175149	11.519573	bus	MATCHED_THOUGH_REVERSED_DIR	n5891480604	3.7	0.65	Bäckermühle	581	Sternberg / Waltersberg Kirche	Kreismühle	LINESTRING(11.519573 49.175149,11.519599600000001 49.1751773)
335	Deining	Döllwang Kirche	de:09373:17415:0:1	49.194256	11.49575	bus	MATCHED	n10044754655	6.3	1.0	Döllwang, Kirche	581	Waltersberg (Dein.) Am Obstberg / Waltersberg Kirche / Deining (Oberpf)		LINESTRING(11.49575 49.194256,11.495803 49.19430070000001)
336	Deining	Döllwang Kirche	de:09373:17415:0:2	49.194338	11.495462	bus	MATCHED	n5258060891	18.6	1.0	Döllwang, Kirche	581	Abzw. Hacklsberg (Deining)	Abzw. Hacklsberg (Deining)	LINESTRING(11.495462 49.194338,11.4957171 49.194340100000005)
337	Deining	Graßahof	de:09373:17416:0:1	49.250339	11.496387	bus	NO_MATCH					513	Tauernfeld Gewerbepark		POINT(11.496387 49.250339)
338	Deining	Graßahof	de:09373:17416:0:2	49.250334	11.496468	bus	NO_MATCH					513	Neumarkt Ärztehaus / Neumarkt Kerschensteinerstr.		POINT(11.496468 49.250334)
339	Deining	Großalfalterbach	de:09373:17417:0:1	49.186893	11.563096	bus	MATCHED	n1769994507	16.4	1.0	Großafalterbach	587	Pirkach (b. Deining) / Waldhausen (b. Seubersd.)	Deining, Mitte	LINESTRING(11.563096 49.186893,11.563195100000002 49.1867609)
340	Deining	Großalfalterbach	de:09373:17417:0:2	49.186987	11.563025	bus	NO_MATCH_BUT_OTHER_PLATFORM_MATCHED					587	Kleinalfalterbach		POINT(11.563025 49.186987)
341	Deining	Hacklsberg (b. Deining) Ort	de:09373:17414:0:1	49.200413	11.513797		MATCHED	n452500648	7.1	1.0	Hacklsberg (bei Deining) Ort				LINESTRING(11.513797 49.200413,11.5138653 49.200368000000005)
342	Deining	Hacklsberg (b. Deining) Ort	de:09373:17414:0:2	49.200419	11.51403		NO_MATCH_AND_SEEMS_UNSERVED								POINT(11.51403 49.200419)
343	Deining	Kleinalfalterbach	de:09373:17419:0:1	49.198846	11.579895	bus	MATCHED_THOUGH_REVERSED_DIR	n5891381249	50.3	1.0	Kleinafalterbach	587	Großalfalterbach	Mittersthal	LINESTRING(11.579895 49.198846,11.579206300000001 49.1988105)
344	Deining	Kleinalfalterbach	de:09373:17419:0:2	49.198834	11.579994	bus	NO_MATCH_BUT_OTHER_PLATFORM_MATCHED					587	Mittersthal		POINT(11.579994 49.198834)
345	Deining	Kreismühle	de:09373:17422:0:1	49.171203	11.519905	bus	MATCHED	n6123466552	10.8	0.67	Kreismühle	581	Thann (b.Berching)	Butzenberg	LINESTRING(11.519905 49.171203,11.5200455 49.1712348)
346	Deining	Kreismühle	de:09373:17422:0:2	49.171203	11.520022	bus	NO_MATCH_BUT_OTHER_PLATFORM_MATCHED					581	Bäckermühle		POINT(11.520022 49.171203)
347	Deining	Körndlhof	de:09373:17421:0:1	49.164407	11.567354	bus	NO_MATCH_BUT_OTHER_PLATFORM_MATCHED					587	Freihausen / Schnufenhofen		POINT(11.567354 49.164407)
348	Deining	Körndlhof	de:09373:17421:0:2	49.16443	11.567256	bus	MATCHED	n5256392221	2.8	1.0	Körndlhof	587	Pirkach (b. Deining)	Pirkach (b. Deining)	LINESTRING(11.567256 49.16443,11.5672256 49.1644457)
349	Deining	Labermühle	de:09373:17423:0:1	49.201012	11.533748		MATCHED	n10041472307	17.7	1.0	Labermühle				LINESTRING(11.533748 49.201012,11.533539000000001 49.2009303)
350	Deining	Labermühle	de:09373:17423:0:2	49.200877	11.533703		MATCHED	n10041472308	17.7	1.0	Labermühle				LINESTRING(11.533703 49.200877,11.5339091 49.200961400000004)
351	Deining	Leutenbach (b. Deining)	de:09373:17424:0:1	49.22178	11.514596	bus	MATCHED	n10060923311	4.8	1.0	Leutenbach (b. Deining)	513	Deining Mitte		LINESTRING(11.514596 49.22178,11.514662300000001 49.2217794)
352	Deining	Leutenbach (b. Deining)	de:09373:17424:0:2	49.221681	11.514578	bus	MATCHED	n10060923306	9.5	1.0	Leutenbach (b. Deining)	513	Tauernfeld Neumarkter Str.		LINESTRING(11.514578 49.221681,11.5146978 49.221715)
353	Deining	Magister-Dorn-Str.	de:09373:17408:0:1	49.231237	11.540549	bus	MATCHED	n10060890013	0.9	1.0	Deining, Magister-Dorn-Straße	513	Deining Pfarrer-Breindl-Str.		LINESTRING(11.540549 49.231237,11.540550300000001 49.2312292)
354	Deining	Magister-Dorn-Str.	de:09373:17408:0:2	49.231161	11.540441	bus	NO_MATCH_BUT_OTHER_PLATFORM_MATCHED					513	Deining Velburger Str.		POINT(11.540441 49.231161)
355	Deining	Mitte	de:09373:17401:0:1	49.22401	11.539273	bus	MATCHED	n1264221683	0.5	1.0	Deining, Mitte	587	Tauernfeld Gewerbepark / Mittersthal	Seelstraße	LINESTRING(11.539273 49.22401,11.5392711 49.224014700000005)
356	Deining	Mitte	de:09373:17401:0:2	49.223887	11.5393	bus	NO_MATCH_BUT_OTHER_PLATFORM_MATCHED					513	Leutenbach (b. Deining) / Deining Velburger Str.		POINT(11.5393 49.223887)
357	Deining	Mitte	de:09373:17401:0:41	49.223664	11.539498	bus	NO_MATCH_BUT_OTHER_PLATFORM_MATCHED					RB51	Batzhausen Feuerwehrhaus		POINT(11.539498 49.223664)
358	Deining	Mitte	de:09373:17401:0:42	49.224215	11.539552	bus	NO_MATCH_BUT_OTHER_PLATFORM_MATCHED					RB51	Neumarkt (Oberpf)		POINT(11.539552 49.224215)
359	Deining	Mittersthal	de:09373:17425:0:1	49.212926	11.554194	bus	MATCHED_THOUGH_REVERSED_DIR	n5891398228	15.0	1.0	Mittersthal	587	Kleinalfalterbach		LINESTRING(11.554194 49.212926,11.5539888 49.21291900000001)
360	Deining	Mittersthal	de:09373:17425:0:2	49.213043	11.553889	bus	NO_MATCH_BUT_OTHER_PLATFORM_MATCHED					587	Deining Mitte		POINT(11.553889 49.213043)
361	Deining	Ob. Haupstr.	de:09373:17406:0:1	49.22479	11.539031		NO_MATCH_AND_SEEMS_UNSERVED								POINT(11.539031 49.22479)
362	Deining	Ob. Haupstr.	de:09373:17406:0:2	49.22479	11.539031		NO_MATCH_AND_SEEMS_UNSERVED								POINT(11.539031 49.22479)
363	Deining	Oberbuchfeld	de:09373:17427:0:1	49.252239	11.555919	bus	MATCHED	n10060957541	4.7	1.0	Oberbuchfeld	513	Unterbuchfeld		LINESTRING(11.555919 49.252239,11.555982400000001 49.2522305)
364	Deining	Oberbuchfeld	de:09373:17427:0:2	49.252257	11.555946	bus	NO_MATCH_BUT_OTHER_PLATFORM_MATCHED					513	Arzthofen		POINT(11.555946 49.252257)
365	Deining	Pfarrer-Breindl-Str.	de:09373:17407:0:1	49.230528	11.54716	bus	MATCHED	n1264221781	9.6	1.0	Deining Pfarrer-Breindl-Str.	513	Deining Bischof-Gundekar-S.		LINESTRING(11.54716 49.230528,11.5472585 49.2305848)
366	Deining	Pfarrer-Breindl-Str.	de:09373:17407:0:2	49.230486	11.547268	bus	MATCHED	n10019935378	12.6	1.0	Deining Pfarrer-Breindl-Str.	513	Deining Magister-Dorn-Str.		LINESTRING(11.547268 49.230486,11.547440900000002 49.2304892)
367	Deining	Pirkach (b. Deining)	de:09373:17429:0:1	49.176118	11.574586	bus	NO_MATCH_BUT_OTHER_PLATFORM_MATCHED					587	Körndlhof		POINT(11.574586 49.176118)
368	Deining	Pirkach (b. Deining)	de:09373:17429:0:2	49.176952	11.575601	bus	MATCHED	n5256387820	4.1	1.0	Pirkach (b. Deining)	587	Großalfalterbach	Sternberg	LINESTRING(11.575601 49.176952,11.575655000000001 49.1769606)
369	Deining	Quartier am Schloß	de:09373:17402:0:1	49.226204	11.538752		NO_MATCH_AND_SEEMS_UNSERVED								POINT(11.538752 49.226204)
370	Deining	Quartier am Schloß	de:09373:17402:0:2	49.22621	11.53895		NO_MATCH_AND_SEEMS_UNSERVED								POINT(11.53895 49.22621)
371	Deining	Rothenfels	de:09373:17430:0:1	49.254391	11.554607		NO_MATCH_AND_SEEMS_UNSERVED								POINT(11.554607 49.254391)
372	Deining	Rothenfels	de:09373:17430:0:2	49.254426	11.554401		NO_MATCH_AND_SEEMS_UNSERVED								POINT(11.554401 49.254426)
373	Deining	Siegenhof. (Deining) Kreuzstr. 	de:09373:17431:0:1	49.238575	11.539013	bus	MATCHED	n1264222123	0.7	1.0	Siegenhof. (Deining) Kreuzstraße	513	Arzthofen		LINESTRING(11.539013 49.238575,11.539017900000001 49.2385698)
374	Deining	Siegenhof. (Deining) Kreuzstr. 	de:09373:17431:0:2	49.238528	11.538887	bus	NO_MATCH_BUT_OTHER_PLATFORM_MATCHED					513	Deining Bischof-Gundekar-S.		POINT(11.538887 49.238528)
375	Deining	Siegenhofen (Deining) Lagerh. 	de:09373:17432:0:1	49.237297	11.539668	bus	MATCHED	n10209557355	14.1	1.0	Siegenhofen (Deining) Lagerh.	513	Unterbuchfeld		LINESTRING(11.539668 49.237297,11.5398046 49.23738710000001)
376	Deining	Siegenhofen (Deining) Lagerh. 	de:09373:17432:0:2	49.237367	11.539821	bus	NO_MATCH_BUT_OTHER_PLATFORM_MATCHED					513	Deining Velburger Str.		POINT(11.539821 49.237367)
377	Deining	Sippelmühle	de:09373:17436:0:1	49.181697	11.537243	bus	NO_MATCH					581	Sternberg		POINT(11.537243 49.181697)
378	Deining	Sippelmühle	de:09373:17436:0:2	49.181644	11.537279	bus	NO_MATCH					581	Waltersberg Kirche		POINT(11.537279 49.181644)
379	Deining	Sternberg	de:09373:17433:0:1	49.182137	11.544304	bus	MATCHED	n5256243360	1.8	1.0	Sternberg	581	Bäckermühle / Roßthal	Großafalterbach	LINESTRING(11.544304 49.182137,11.5443222 49.182147400000005)
380	Deining	Sternberg	de:09373:17433:0:2	49.181932	11.544223	bus	NO_MATCH_BUT_OTHER_PLATFORM_MATCHED					581	Sippelmühle		POINT(11.544223 49.181932)
381	Deining	Tauernfeld Gewerbepark	de:09373:17434:0:1	49.242698	11.504957	bus	NO_MATCH_BUT_OTHER_PLATFORM_MATCHED					587	Neumarkt (Oberpf) / Deining Mitte / Neumarkt Berufsschule		POINT(11.504957 49.242698)
382	Deining	Tauernfeld Gewerbepark	de:09373:17434:0:2	49.242546	11.504886	bus	MATCHED	n10060798279	120.7	1.0	Abzweig Tauernfeld	513	Graßahof / Neumarkt Kerschensteinerstr. / Deining Velburger Str. / Neumarkt Ärztehaus / Tauernfeld Neumarkter Str.		LINESTRING(11.504886 49.242546,11.503455 49.243094500000005)
383	Deining	Tauernfeld Gewerbepark	de:09373:17434:0:3	49.242399	11.50449		MATCHED	n9460060454	15.4	1.0	Tauernfeld Gewerbepark				LINESTRING(11.50449 49.242399,11.5044065 49.2422722)
384	Deining	Tauernfeld Gewerbepark	de:09373:17434:0:4	49.242423	11.504356		NO_MATCH_AND_SEEMS_UNSERVED								POINT(11.504356 49.242423)
385	Deining	Tauernfeld Neumarkter Str. 	de:09373:17435:0:1	49.232223	11.507652	bus	MATCHED	n767530308	3.1	1.0	Tauernfeld Neumarkter Straße	513	Leutenbach (b. Deining)		LINESTRING(11.507652 49.232223,11.507677300000001 49.2322453)
386	Deining	Tauernfeld Neumarkter Str. 	de:09373:17435:0:2	49.232199	11.507518	bus	MATCHED	n10063870321	6.6	1.0	Tauernfeld Neumarkter Straße	513	Tauernfeld Gewerbepark		LINESTRING(11.507518 49.232199,11.5075497 49.23214350000001)
387	Deining	Thannbügl	de:09373:17438:0:1	49.246692	11.524092		NO_MATCH_AND_SEEMS_UNSERVED								POINT(11.524092 49.246692)
388	Deining	Unterbuchfeld	de:09373:17437:0:1	49.236751	11.561695	bus	MATCHED	n4356678349	6.0	1.0	Unterbuchfeld	513	Abzw. Harenzhofen		LINESTRING(11.561695 49.236751,11.561772900000001 49.2367689)
389	Deining	Unterbuchfeld	de:09373:17437:0:2	49.236335	11.560985	bus	MATCHED	n10017406625	1.4	1.0	Unterbuchfeld	513	Siegenhofen (Deining) Lagerh. / Deining Bischof-Gundekar-S. / Oberbuchfeld		LINESTRING(11.560985 49.236335,11.561002100000001 49.2363293)
390	Deining	Unterbuchfelder Str.	de:09373:17405	49.229155	11.546756		NO_MATCH_AND_SEEMS_UNSERVED								POINT(11.546756 49.229155)
391	Deining	Velburger Str.	de:09373:17403:0:1	49.229489	11.536048	bus	MATCHED	n9116860052	3.3	1.0	Velburger Straße	513	Deining Magister-Dorn-Str. / Siegenhofen (Deining) Lagerh.		LINESTRING(11.536048 49.229489,11.5360159 49.229510100000006)
392	Deining	Velburger Str.	de:09373:17403:0:2	49.229519	11.536237	bus	MATCHED	n9116904099	1.3	1.0	Velburger Straße	513	Deining Mitte / Tauernfeld Gewerbepark		LINESTRING(11.536237 49.229519,11.5362255 49.229510100000006)
393	Deining	Waltersberg (Dein. ) Am Obstberg	de:09373:17440:0:1	49.183799	11.523211	bus	NO_MATCH					581	Waltersberg Kirche		POINT(11.523211 49.183799)
394	Deining	Waltersberg (Dein. ) Am Obstberg	de:09373:17440:0:2	49.183723	11.523193	bus	NO_MATCH					581	Döllwang Kirche		POINT(11.523193 49.183723)
395	Deining	Waltersberg Kirche	de:09373:17439:0:1	49.18101	11.523579	bus	MATCHED	n10060845782	27.4	1.0	Waltersberg, Kirche	581	Bäckermühle / Roßthal / Sippelmühle		LINESTRING(11.523579 49.18101,11.5239132 49.1808982)
396	Deining	Waltersberg Kirche	de:09373:17439:0:2	49.180781	11.523858	bus	MATCHED	n5894299994	10.0	0.68	Waltersberg, Kirche	581	Döllwang Kirche / Waltersberg (Dein.) Am Obstberg	Döllwang, Kirche	LINESTRING(11.523858 49.180781,11.523985000000001 49.1807479)
397	Dietfurt a.d. Altmühl	Abzw. Grögling	de:09373:17456:0:1	49.015224	11.549137	bus	MATCHED	n10026566416	2.8	1.0	Grögling Abzweigung	524	Töging Sportplatz / Kottingwörth, Dietfurter Str.	Töging, Sportplatz	LINESTRING(11.549137 49.015224,11.5491132 49.0152434)
398	Dietfurt a.d. Altmühl	Abzw. Grögling	de:09373:17456:0:2	49.015377	11.549262	bus	MATCHED	n1342643393	5.1	1.0	Grögling Abzweigung	524	Beilngries, Kelheimer Str.	Kottingwörth	LINESTRING(11.549262 49.015377,11.5493311 49.0153844)
399	Dietfurt a.d. Altmühl	Abzw. Hebersdorf	de:09373:17465	49.061076	11.554598		NO_MATCH_AND_SEEMS_UNSERVED								POINT(11.554598 49.061076)
400	Dietfurt a.d. Altmühl	Abzw. Mallerstetten	de:09373:17468:0:1	49.050232	11.549711		MATCHED	n9857904409	1.8	1.0	Abzw. Mallerstetten			Abzw. Mallerstetten	LINESTRING(11.549711 49.050232,11.549691300000001 49.0502223)
401	Dietfurt a.d. Altmühl	Abzw. Mallerstetten	de:09373:17468:0:2	49.050291	11.549783		MATCHED	n9857904408	1.2	1.0	Abzw. Mallerstetten			Obermühle	LINESTRING(11.549783 49.050291,11.549798500000001 49.050288300000005)
402	Dietfurt a.d. Altmühl	Abzw. Martlhof	de:09373:17467:0:1	48.988846	11.595283	bus	MATCHED	n5005575860	1.6	1.0	Martlhof, Abzweigung	9227	Arnsdorf		LINESTRING(11.595283 48.988846,11.595264 48.988839000000006)
403	Dietfurt a.d. Altmühl	Abzw. Martlhof	de:09373:17467:0:2	48.988805	11.595193	bus	MATCHED	n5005575861	22.5	0.22	Blauhof, Abzweigung	9227	Arnsdorf / Zell (b. Dietfurt)		LINESTRING(11.595193 48.988805,11.5950099 48.9889671)
404	Dietfurt a.d. Altmühl	Abzw. Ottmaring	de:09373:17476:0:1	49.034139	11.540001	bus	MATCHED	n7528801167	7.7	1.0	Abzw. Ottmaring	524	Töging Am Steig / Plankstetten Ost / Ottmaring Wartehäuschen	Plankstetten Ost	LINESTRING(11.540001 49.034139,11.539895900000001 49.0341437)
405	Dietfurt a.d. Altmühl	Abzw. Ottmaring	de:09373:17476:0:2	49.034044	11.540108	bus	MATCHED_THOUGH_REVERSED_DIR	n7528801166	4.8	1.0	Abzw. Ottmaring	524	Beilngries, Deutscher Hof	Töging, Am Steig	LINESTRING(11.540108 49.034044,11.5401533 49.034075)
406	Dietfurt a.d. Altmühl	Abzw. Stetterhof	de:09373:17490:0:1	49.05742	11.555488		NO_MATCH_AND_SEEMS_UNSERVED								POINT(11.555488 49.05742)
407	Dietfurt a.d. Altmühl	Abzw. Stetterhof	de:09373:17490:0:2	49.057291	11.555515	bus	MATCHED	n1262611321	17.7	1.0	Abzw. Stetterhof	524	Hebersdorf Feuerwehrhaus / Mallerstetten	Mitteldorf bei Dietfurt	LINESTRING(11.555515 49.057291,11.5555532 49.0574481)
408	Dietfurt a.d. Altmühl	Arnsdorf	de:09373:17451:0:1	49.001895	11.58992	bus	MATCHED	n5005583000	41.8	1.0	Arnsdorf	9227	Vogelthal	Arnsdorf / Vogelthal / Zell	LINESTRING(11.58992 49.001895,11.590014400000001 49.0015244)
409	Dietfurt a.d. Altmühl	Arnsdorf	de:09373:17451:0:2	49.001925	11.590055	bus	MATCHED	n5005582999	2.7	1.0	Arnsdorf	9226,9227	Hallenhausen / Zell (b. Dietfurt) / Abzw. Martlhof / Vogelthal	Zell	LINESTRING(11.590055 49.001925,11.590052100000001 49.0019496)
410	Dietfurt a.d. Altmühl	Eichelhof	de:09373:17452:0:1	49.023595	11.547187		MATCHED	n9104758820	16.6	0.36	Eichelhof				LINESTRING(11.547187 49.023595,11.547379900000001 49.023673)
411	Dietfurt a.d. Altmühl	Eichelhof	de:09373:17452:0:2	49.023542	11.547214		NO_MATCH_AND_SEEMS_UNSERVED								POINT(11.547214 49.023542)
412	Dietfurt a.d. Altmühl	Eutenhofen	de:09373:17453:0:1	49.046517	11.647727	bus	NO_MATCH_BUT_OTHER_PLATFORM_MATCHED					524	Gundelshofen / Predlfing		POINT(11.647727 49.046517)
413	Dietfurt a.d. Altmühl	Eutenhofen	de:09373:17453:0:2	49.047153	11.648023	bus	MATCHED	n1500746891	74.8	1.0	Eutenhofen	524	Pestenrain / Erggertshofen / Predlfing	Erggertshofen / Predlfing / Mühlbach / Gundelshofen	LINESTRING(11.648023 49.047153,11.6477395 49.0465067)
414	Dietfurt a.d. Altmühl	Griesstetten	de:09373:17455:0:1	49.026105	11.581314		MATCHED	n1850861205	130.4	0.07	Anlegestelle Dietfurt a. d. Altmühl				LINESTRING(11.581314 49.026105,11.5830344 49.026411700000004)
415	Dietfurt a.d. Altmühl	Griesstetten	de:09373:17455:0:2	49.026158	11.581341	bus	MATCHED	n3669720121	3.3	1.0	Griesstetten	524	Hallenhausen / Mühlbach	Hallenhausen	LINESTRING(11.581341 49.026158,11.581385500000001 49.0261611)
416	Dietfurt a.d. Altmühl	Grögling Ort	de:09373:17457:0:1	49.009856	11.550268	bus	MATCHED	n5210935998	3.6	1.0	Grögling, Ort	515	Kottingwörth, Dietfurter Str.		LINESTRING(11.550268 49.009856,11.550316200000001 49.0098628)
417	Dietfurt a.d. Altmühl	Grögling Ort	de:09373:17457:0:2	49.009839	11.550394		NO_MATCH_AND_SEEMS_UNSERVED								POINT(11.550394 49.009839)
418	Dietfurt a.d. Altmühl	Gundelshofen	de:09373:17454:0:1	49.037843	11.657752	bus	MATCHED	n5257611621	2.5	1.0	Gundelshofen	528	Waltenhofen	Wildenstein / Waltenhofen (b. Hemau) / Daßwang, Post	LINESTRING(11.657752 49.037843,11.657762900000002 49.0378641)
419	Dietfurt a.d. Altmühl	Gundelshofen	de:09373:17454:0:2	49.037978	11.657716	bus	NO_MATCH_BUT_OTHER_PLATFORM_MATCHED					528	Eutenhofen		POINT(11.657716 49.037978)
420	Dietfurt a.d. Altmühl	Haas	de:09373:17458:0:1	49.045422	11.601535	bus	NO_MATCH					547	Breitenbrunn (Lkr. NM) Schule / St. Bartlmä		POINT(11.601535 49.045422)
421	Dietfurt a.d. Altmühl	Haas Abzw. Premerzhofen	de:09373:17459:0:1	49.043384	11.602146	bus	MATCHED	n9857904403	2.3	1.0	Abzw. Premerzhofen	524	Dietfurt a.d.Altm. Friedhof / Mühlbach	Abzw. Premerzhofen	LINESTRING(11.602146 49.043384,11.602177500000002 49.043383600000006)
422	Dietfurt a.d. Altmühl	Haas Abzw. Premerzhofen	de:09373:17459:0:2	49.043249	11.602218	bus	MATCHED	n9857904402	3.3	1.0	Abzw. Premerzhofen	524	St. Bartlmä	St. Bartlmä / Obermühle	LINESTRING(11.602218 49.043249,11.6022599 49.043258800000004)
423	Dietfurt a.d. Altmühl	Hainsberg	de:09373:17461:0:1	49.049755	11.585734	bus	MATCHED	n1262611263	7.2	1.0	Hainsberg	519,524	Dietfurt a.d.Altm. FWH / Mitteldorf (b. Dietfurt)	Ottmaring, Wartehäuschen	LINESTRING(11.585734 49.049755,11.585678600000001 49.049808000000006)
424	Dietfurt a.d. Altmühl	Hainsberg	de:09373:17461:0:2	49.049814	11.585599	bus	MATCHED	n11049691607	13.4	0.48	Hainsberg	519,524	Ottmaring Wartehäuschen / Mitteldorf (b. Dietfurt) / Dietfurt a.d.Altm. Weiherstr.	Mitteldorf bei Dietfurt	LINESTRING(11.585599 49.049814,11.5857804 49.049798700000004)
425	Dietfurt a.d. Altmühl	Hallenhausen	de:09373:17462:0:1	49.010369	11.589192		MATCHED	n5005622540	8.5	1.0	Hallenhausen			Vogelthal	LINESTRING(11.589192 49.010369,11.5892551 49.010433400000004)
426	Dietfurt a.d. Altmühl	Hallenhausen	de:09373:17462:0:2	49.010434	11.589264	bus	NO_MATCH_BUT_OTHER_PLATFORM_MATCHED					524	Griesstetten / Arnsdorf		POINT(11.589264 49.010434)
427	Dietfurt a.d. Altmühl	Hebersdorf Feuerwehrhaus	de:09373:17464:0:1	49.063895	11.553341	bus	MATCHED	n10044387156	4.4	1.0	Hebersdorf, Feuerwehrhaus	581	Unterbürg Ortsmitte / Oberbürg Kapelle		LINESTRING(11.553341 49.063895,11.5532807 49.0638926)
428	Dietfurt a.d. Altmühl	Hebersdorf Feuerwehrhaus	de:09373:17464:0:2	49.063801	11.553188	bus	MATCHED	n1262611306	4.1	1.0	Hebersdorf, Feuerwehrhaus	524	Oberbürg Kapelle / Abzw. Stetterhof	Unterbürg, Ortsmitte / Abzw. Stetterhof	LINESTRING(11.553188 49.063801,11.5532252 49.063829000000005)
429	Dietfurt a.d. Altmühl	Mallerstetten	de:09373:17466:0:1	49.050638	11.546451	bus	MATCHED	n5876096464	0.6	1.0	Mallerstetten	519,524	Ottmaring Wartehäuschen / Kevenhüll, Kirche	Kevenhüll / Predlfing	LINESTRING(11.546451 49.050638,11.546452500000001 49.0506328)
430	Dietfurt a.d. Altmühl	Mallerstetten	de:09373:17466:0:2	49.050544	11.546415	bus	MATCHED	n10048982364	11.6	1.0	Mallerstetten	519,524	Mitteldorf (b. Dietfurt) / Hainsberg		LINESTRING(11.546415 49.050544,11.546563800000001 49.050508)
431	Dietfurt a.d. Altmühl	Mitteldorf (b. Dietfurt)	de:09373:17469:0:1	49.051368	11.581916	bus	MATCHED	n1262611326	5.0	1.0	Mitteldorf bei Dietfurt	519,524	Dietfurt a.d.Altm. Bahnhofstr. / Hainsberg / Mallerstetten	Mallerstetten / Hainsberg	LINESTRING(11.581916 49.051368,11.5818811 49.0514068)
432	Dietfurt a.d. Altmühl	Mitteldorf (b. Dietfurt)	de:09373:17469:0:2	49.051421	11.58206	bus	MATCHED	n10063603307	3.9	1.0	Mitteldorf bei Dietfurt	519,524	Abzw. Stetterhof / Hainsberg		LINESTRING(11.58206 49.051421,11.5820159 49.0514401)
433	Dietfurt a.d. Altmühl	Muttenhofen	de:09373:17472:0:1	49.068309	11.579913	bus	MATCHED	n1262611015	6.7	1.0	Muttenhofen	524	Eismannsdorf (b.Breitenbr./NM) / Premerzhofen / Wimpasing	Oberbürg, Kapelle	LINESTRING(11.579913 49.068309,11.5799059 49.0683695)
434	Dietfurt a.d. Altmühl	Muttenhofen	de:09373:17472:0:2	49.068374	11.579904	bus	NO_MATCH_BUT_OTHER_PLATFORM_MATCHED					524			POINT(11.579904 49.068374)
435	Dietfurt a.d. Altmühl	Mühlbach	de:09373:17471:0:1	49.021681	11.616564	bus	MATCHED	n1909127511	3.7	1.0	Mühlbach	6010	Dietfurt a.d.Altm. Friedhof / Dietfurt a.d.Altm. Bahnhofstr. / Haas	Dietfurt, Bahnhofstraße / Dietfurt, Friedhof / Muttenhofen	LINESTRING(11.616564 49.021681,11.616533 49.0217073)
436	Dietfurt a.d. Altmühl	Mühlbach	de:09373:17471:0:2	49.021705	11.616304	bus	MATCHED	n8964209248	3.8	1.0	Mühlbach	6010	Wildenstein / Griesstetten / Dietfurt a.d.Altm. Bahnhofstr. / Meihern, Staatsstr. / St. Bartlmä	Meihern, Staatstraße	LINESTRING(11.616304 49.021705,11.616337600000001 49.021731200000005)
437	Dietfurt a.d. Altmühl	Mühlbach	de:09373:17471:0:3	49.021775	11.616304		NO_MATCH_AND_SEEMS_UNSERVED								POINT(11.616304 49.021775)
438	Dietfurt a.d. Altmühl	Oberbürg Kapelle	de:09373:17474:0:1	49.067397	11.557006	bus	MATCHED	n5210677956	3.2	0.75	Oberbürg, Kapelle	524	Hebersdorf Feuerwehrhaus / Unterbürg Ortsmitte / Hebersdorf Feuerwehrhaus	Hebersdorf, Feuerwehrhaus	LINESTRING(11.557006 49.067397,11.557045200000001 49.067384000000004)
439	Dietfurt a.d. Altmühl	Oberbürg Kapelle	de:09373:17474:0:2	49.067385	11.556916		NO_MATCH_AND_SEEMS_UNSERVED								POINT(11.556916 49.067385)
440	Dietfurt a.d. Altmühl	Ottmaring Wartehäuschen	de:09373:17477:0:1	49.035658	11.54177	bus	MATCHED	n10017407100	3.5	1.0	Ottmaring, Wartehäuschen	524	Töging Am Steig / Töging Am Steig		LINESTRING(11.54177 49.035658,11.541784100000001 49.0356278)
441	Dietfurt a.d. Altmühl	Ottmaring Wartehäuschen	de:09373:17477:0:2	49.035311	11.542076	bus	MATCHED	n1342643672	2.4	1.0	Ottmaring, Wartehäuschen	519,524	Mallerstetten / Töging Am Steig	Töging, Am Steig	LINESTRING(11.542076 49.035311,11.5420651 49.035331500000005)
442	Dietfurt a.d. Altmühl	Parleithen Obermühle	de:09373:17482:0:1	49.057685	11.623499	bus	MATCHED	n9857904401	1.7	1.0	Obermühle	524	Parleithen Sipplmühle	Obermühle	LINESTRING(11.623499 49.057685,11.623503900000001 49.057669800000006)
443	Dietfurt a.d. Altmühl	Parleithen Obermühle	de:09373:17482:0:2	49.05785	11.623894	bus	MATCHED	n9857904400	5.9	1.0	Obermühle	524	Mühlbach / Breitenbrunn (Lkr. NM) Schule	Obermühle	LINESTRING(11.623894 49.05785,11.623952000000001 49.0578871)
444	Dietfurt a.d. Altmühl	Parleithen Sipplmühle	de:09373:17481:0:1	49.054795	11.620696	bus	MATCHED	n5876599369	7.7	1.0	Parleithen, Sipplmühle	524	Haas Abzw. Premerzhofen / St. Bartlmä	Daßwang, Post / Ödhof	LINESTRING(11.620696 49.054795,11.6207913 49.0548243)
445	Dietfurt a.d. Altmühl	Parleithen Sipplmühle	de:09373:17481:0:2	49.054783	11.620921	bus	MATCHED	n5876599368	2.1	1.0	Parleithen, Sipplmühle	524	Parleithen Obermühle	Parleithen, Sipplmühle	LINESTRING(11.620921 49.054783,11.6209254 49.0548015)
446	Dietfurt a.d. Altmühl	Pestenrain	de:09373:17479:0:1	49.039227	11.638375	bus	MATCHED	n5876648379	23.8	1.0	Pestenrain	524			LINESTRING(11.638375 49.039227,11.638648100000001 49.039343200000005)
447	Dietfurt a.d. Altmühl	Pestenrain	de:09373:17479:0:2	49.039192	11.638438	bus	MATCHED	n5876648380	22.3	0.37	Pestenrain	524	Eutenhofen	Gundelshofen	LINESTRING(11.638438 49.039192,11.638687000000001 49.039308000000005)
448	Dietfurt a.d. Altmühl	Predlfing	de:09373:17484:0:1	49.047877	11.631988	bus	MATCHED	n5876490284	6.4	1.0	Predlfing	524	Wildenstein / Erggertshofen	Predlfing	LINESTRING(11.631988 49.047877,11.631901000000001 49.0478843)
449	Dietfurt a.d. Altmühl	Predlfing	de:09373:17484:0:2	49.048006	11.632087	bus	MATCHED_THOUGH_REVERSED_DIR	n5876492285	27.9	1.0	Predlfing	524	Eutenhofen / Eutenhofen	Hamberg (b. Breitenbrunn) / Schweinkofen / Breitenbrunn, Brand / Erggertshofen / Waltenhofen (b. Hemau)	LINESTRING(11.632087 49.048006,11.631764200000001 49.047871900000004)
450	Dietfurt a.d. Altmühl	Sankt Bartlmä	de:09373:17486:0:1	49.043155	11.608857	bus	MATCHED_THOUGH_REVERSED_DIR	n9857904405	16.2	1.0	St. Bartlmä	524	Parleithen Obermühle / Haas Abzw. Premerzhofen	Staadorf	LINESTRING(11.608857 49.043155,11.609078 49.043144500000004)
451	Dietfurt a.d. Altmühl	Sankt Bartlmä	de:09373:17486:0:2	49.043001	11.60962	bus	MATCHED	n2934632862	5.5	1.0	St. Bartlmä	524	Parleithen Sipplmühle	Dietfurt, Friedhof	LINESTRING(11.60962 49.043001,11.609693400000001 49.0429906)
452	Dietfurt a.d. Altmühl	Schweinkofen	de:09373:17488:0:1	49.015195	11.636588		NO_MATCH_AND_SEEMS_UNSERVED								POINT(11.636588 49.015195)
453	Dietfurt a.d. Altmühl	Schweinkofen	de:09373:17488:0:2	49.015089	11.636606		MATCHED	n5876503927	5.0	1.0	Schweinkofen			Wimpasing / Staadorf	LINESTRING(11.636606 49.015089,11.636674500000002 49.0150881)
454	Dietfurt a.d. Altmühl	Staadorf	de:09373:17489:0:1	49.079826	11.555757	bus	MATCHED	n9857904406	0.8	1.0	Staadorf	581	Unterbürg Ortsmitte	Abzw. Mallerstetten	LINESTRING(11.555757 49.079826,11.5557637 49.0798317)
455	Dietfurt a.d. Altmühl	Staadorf	de:09373:17489:0:2	49.079843	11.555631	bus	MATCHED	n9857904407	2.0	1.0	Staadorf	524	Unterbürg Ortsmitte / Erbmühle -Forellenhof- / Wimpasing	Staadorf	LINESTRING(11.555631 49.079843,11.5556572 49.079848000000005)
456	Dietfurt a.d. Altmühl	Töging Am Steig	de:09373:17491:0:1	49.025451	11.562611	bus	MATCHED	n5210696745	9.1	0.56	Töging, Am Steig	524	Töging Sportplatz / Dietfurt a.d.Altm. Bahnhofstr. / Abzw. Ottmaring	Abzw. Ottmaring / Töging, Am Steig	LINESTRING(11.562611 49.025451,11.5626736 49.0253803)
457	Dietfurt a.d. Altmühl	Töging Am Steig	de:09373:17491:0:2	49.02551	11.56271	bus	MATCHED	n5210696744	8.8	1.0	Töging, Am Steig	524	Abzw. Ottmaring / Abzw. Ottmaring / Töging Sportplatz / Beilngries, Deutscher Hof	St. Bartlmä / Töging, Sportplatz / Dietfurt, Bahnhofstraße	LINESTRING(11.56271 49.02551,11.5626394 49.0254454)
458	Dietfurt a.d. Altmühl	Töging Sportplatz	de:09373:17492:0:1	49.020992	11.561641	bus	MATCHED	n3669247235	8.9	0.7	Töging, Sportplatz	524	Dietfurt a.d.Altm. Bahnhofstr. / Grögling Ort / Abzw. Grögling	Dietfurt, Bahnhofstraße / Töging, Sportplatz	LINESTRING(11.561641 49.020992,11.5616225 49.0210711)
459	Dietfurt a.d. Altmühl	Töging Sportplatz	de:09373:17492:0:2	49.020933	11.561336	bus	MATCHED	n3669247234	21.5	1.0	Töging, Sportplatz	524	Dietfurt a.d.Altm. Bahnhofstr. / Abzw. Grögling	Grögling Abzweigung / Deutscher Hof / Griesstetten	LINESTRING(11.561336 49.020933,11.5615535 49.0210632)
460	Dietfurt a.d. Altmühl	Unterbürg Ortsmitte	de:09373:17494:0:1	49.068027	11.563671	bus	MATCHED	n5876073465	14.5	0.46	Unterbürg, Ortsmitte	581	Hebersdorf Feuerwehrhaus / Staadorf	Unterbürg, Ortsmitte / Parleithen, Sipplmühle	LINESTRING(11.563671 49.068027,11.5638131 49.0679354)
461	Dietfurt a.d. Altmühl	Unterbürg Ortsmitte	de:09373:17494:0:2	49.067968	11.56351	bus	MATCHED	n5876073466	3.1	1.0	Unterbürg, Ortsmitte	524	Staadorf / Mitteldorf (b. Dietfurt) / Oberbürg Kapelle	Erbmühle Forellenhof / Unterbürg, Ortsmitte / Mallerstetten	LINESTRING(11.56351 49.067968,11.563550900000001 49.067975800000006)
462	Dietfurt a.d. Altmühl	Vogelthal	de:09373:17495:0:1	48.999786	11.564668	bus	MATCHED	n1500746721	1.3	1.0	Vogelthal	9226,9227	Arnsdorf	Arnsdorf / Amtmannsdorf	LINESTRING(11.564668 48.999786,11.564674 48.999797300000004)
463	Dietfurt a.d. Altmühl	Vogelthal	de:09373:17495:0:2	48.999709	11.564516	bus	NO_MATCH_BUT_OTHER_PLATFORM_MATCHED					524	Abzw. Martlhof / Arnsdorf		POINT(11.564516 48.999709)
464	Dietfurt a.d. Altmühl	Wildenstein	de:09373:17497:0:1	49.039657	11.618163	bus	MATCHED	n10017489229	6.7	1.0	Wildenstein	524	Predlfing		LINESTRING(11.618163 49.039657,11.6182552 49.0396566)
465	Dietfurt a.d. Altmühl	Wildenstein	de:09373:17497:0:2	49.039704	11.6181	bus	MATCHED	n5257600180	5.5	1.0	Wildenstein	524	Mühlbach	Pestenrain / Eutenhofen	LINESTRING(11.6181 49.039704,11.6181748 49.0397107)
466	Dietfurt a.d. Altmühl	Wimpasing	de:09373:17498:0:1	49.082114	11.568792	bus	MATCHED	n5876583345	9.9	1.0	Wimpasing	524	Staadorf	Unterbürg, Ortsmitte / Wimpasing	LINESTRING(11.568792 49.082114,11.5689247 49.082098)
467	Dietfurt a.d. Altmühl	Wimpasing	de:09373:17498:0:2	49.082097	11.568935	bus	MATCHED	n5876583344	10.8	0.52	Wimpasing	524	Muttenhofen	Wimpasing / Unterbürg, Ortsmitte	LINESTRING(11.568935 49.082097,11.568861 49.0821814)
468	Dietfurt a.d. Altmühl	Zell (b. Dietfurt)	de:09373:17499:0:1	48.982072	11.596424	bus	MATCHED	n1346321969	2.0	1.0	Zell	9227,9237	Abzw. Martlhof	Wolfsbuch / Dietfurt, Bahnhofstraße	LINESTRING(11.596424 48.982072,11.5964399 48.9820865)
469	Dietfurt a.d. Altmühl	Zell (b. Dietfurt)	de:09373:17499:0:2	48.982173	11.596361	bus	NO_MATCH_BUT_OTHER_PLATFORM_MATCHED					9226,9227	Wolfsbuch, Abzw. Vogelthal / Abzw. Martlhof / Wolfsbuch, Fuchsengasse		POINT(11.596361 48.982173)
470	Dietfurt a.d. Altmühl	a. d. Altm. Bahnhofstr.	de:09373:17445:0:1	49.03448	11.580164	bus	MATCHED	n10041228699	3.9	1.0	Dietfurt, Bahnhofstraße	6010	Töging Sportplatz / Dietfurt a.d.Altm. Weiherstr. / Ottmaring Wartehäuschen / Töging Am Steig / Ottmaring Wartehäuschen / Mitteldorf (b. Dietfurt) / Dietfurt a.d.Altm. Weiherstr. / Mallerstetten / Mühlbach / Griesstetten / Kottingwörth, Dietfurter Str. / Töging Sportplatz	Dietfurt, Weiherstraße / Mühlbach	LINESTRING(11.580164 49.03448,11.580180400000001 49.034446800000005)
471	Dietfurt a.d. Altmühl	a. d. Altm. Bahnhofstr.	de:09373:17445:0:2	49.034498	11.579841	bus	MATCHED	n687000695	24.6	1.0	Dietfurt, Bahnhofstraße	6010	Ottmaring Wartehäuschen / Mühlbach / Töging Am Steig / Töging Sportplatz	Dietfurt, Weiherstraße / Töging, Am Steig / Töging, Sportplatz / Kottingwörth	LINESTRING(11.579841 49.034498,11.580158500000001 49.034571)
472	Dietfurt a.d. Altmühl	a. d. Altm. FWH	de:09373:17442:0:1	49.032354	11.588177	bus	MATCHED	n5005613290	10.2	1.0	Dietfurt, Feuerwehrhaus	524	Dietfurt a.d.Altm. Friedhof / Dietfurt a.d.Altm. Weiherstr. / Dietfurt a.d.Altm. Weiherstr.	Dietfurt, Weiherstraße / Dietfurt, Feuerwehrhaus	LINESTRING(11.588177 49.032354,11.5882319 49.032437900000005)
473	Dietfurt a.d. Altmühl	a. d. Altm. FWH	de:09373:17442:0:2	49.03249	11.588501	bus	MATCHED	n5005613289	6.3	1.0	Dietfurt, Feuerwehrhaus	524	Dietfurt a.d.Altm. Weiherstr. / Dietfurt a.d.Altm. Friedhof	Dietfurt, Friedhof / Dietfurt, Weiherstraße	LINESTRING(11.588501 49.03249,11.588449200000001 49.0324449)
474	Dietfurt a.d. Altmühl	a. d. Altm. FWH	de:09373:17442:0:3	49.032183	11.588123		NO_MATCH_AND_SEEMS_UNSERVED								POINT(11.588123 49.032183)
475	Dietfurt a.d. Altmühl	a. d. Altm. FWH	de:09373:17442:0:4	49.032283	11.588016		NO_MATCH_AND_SEEMS_UNSERVED								POINT(11.588016 49.032283)
476	Dietfurt a.d. Altmühl	a. d. Altm. Friedhof	de:09373:17449:0:1	49.033709	11.591986	bus	MATCHED	n5005602434	4.5	1.0	Dietfurt, Friedhof	524	Dietfurt a.d.Altm. FWH	Dietfurt, Feuerwehrhaus / Dietfurt, Friedhof	LINESTRING(11.591986 49.033709,11.592031200000001 49.0336816)
477	Dietfurt a.d. Altmühl	a. d. Altm. Friedhof	de:09373:17449:0:2	49.033243	11.592885	bus	MATCHED	n5005602433	6.2	1.0	Dietfurt, Friedhof	524	Haas Abzw. Premerzhofen / Dietfurt a.d.Altm. FWH / Mühlbach / Mühlbach / Haas	Dietfurt, Friedhof / Wildenstein	LINESTRING(11.592885 49.033243,11.5928293 49.033285500000005)
478	Dietfurt a.d. Altmühl	a. d. Altm. Rathaus	de:09373:17441	49.035269	11.586785		NO_MATCH_AND_SEEMS_UNSERVED								POINT(11.586785 49.035269)
479	Dietfurt a.d. Altmühl	a. d. Altm. Weiherstr.	de:09373:17443:0:1	49.035016	11.584036	bus	MATCHED	n5005618919	1.5	1.0	Dietfurt, Weiherstraße	524	Dietfurt a.d.Altm. FWH / Dietfurt a.d.Altm. Bahnhofstr. / Dietfurt a.d.Altm. FWH	Dietfurt, Feuerwehrhaus / Dietfurt, Bahnhofstraße	LINESTRING(11.584036 49.035016,11.5840437 49.0350035)
480	Dietfurt a.d. Altmühl	a. d. Altm. Weiherstr.	de:09373:17443:0:2	49.034722	11.584189	bus	MATCHED	n10017461771	6.9	1.0	Dietfurt, Weiherstraße	524	Dietfurt a.d.Altm. Bahnhofstr. / Hainsberg / Dietfurt a.d.Altm. FWH / Dietfurt a.d.Altm. Bahnhofstr.	Dietfurt, Bahnhofstraße	LINESTRING(11.584189 49.034722,11.5841952 49.034783700000006)
481	Dietfurt a.d. Altmühl	a. d. Altm. Ödhof	de:09373:17450:0:1	49.026611	11.660959		NO_MATCH_AND_SEEMS_UNSERVED								POINT(11.660959 49.026611)
482	Dietfurt a.d. Altmühl	a. d. Altm. Ödhof	de:09373:17450:0:2	49.026753	11.660959		NO_MATCH_AND_SEEMS_UNSERVED								POINT(11.660959 49.026753)
483	Freystadt	Abzw. Aßlschwang	de:09373:17516:0:1	49.213307	11.322815	bus	MATCHED	n4895056872	1.8	1.0	Abzw. Aßlschwang	514,516	Freystadt Bahnhof / Freystadt Am Mühlbach	Freystadt, Bahnhof	LINESTRING(11.322815 49.213307,11.322829700000002 49.213293900000004)
484	Freystadt	Abzw. Aßlschwang	de:09373:17516:0:2	49.213407	11.32295	bus	MATCHED	n10060633389	18.7	1.0	Abzw. Aßlschwang	514,516	Rohr (b. Freystadt)		LINESTRING(11.32295 49.213407,11.323164 49.213314200000006)
485	Freystadt	Abzw. Fuchsmühle (b. Freystadt)	de:09373:17548:0:1	49.134893	11.342794	bus	NO_MATCH_BUT_OTHER_PLATFORM_MATCHED					526	Höfen (b. Freystadt) / Schmellnricht		POINT(11.342794 49.134893)
486	Freystadt	Abzw. Fuchsmühle (b. Freystadt)	de:09373:17548:0:2	49.134852	11.342901		MATCHED	n318624764	5.6	1.0	Abzweig Fuchsmühle				LINESTRING(11.342901 49.134852,11.3428515 49.134814000000006)
487	Freystadt	Abzw. Kiesenhof	de:09373:17511:0:1	49.192923	11.373714	bus	MATCHED	n10026804367	6.7	1.0	Abzweig Kiesenhof	514	Abzw. Kruppach (b. Mühlh.)		LINESTRING(11.373714 49.192923,11.373804900000001 49.1929293)
488	Freystadt	Abzw. Kiesenhof	de:09373:17511:0:2	49.192876	11.3741		NO_MATCH_AND_SEEMS_UNSERVED								POINT(11.3741 49.192876)
489	Freystadt	Abzw. Lauterbach (b. Freyst. )	de:09373:17558	49.12567	11.337709		NO_MATCH_AND_SEEMS_UNSERVED								POINT(11.337709 49.12567)
490	Freystadt	Abzw. Mörsdorf	de:09373:17525:0:1	49.202139	11.289937		NO_MATCH_AND_SEEMS_UNSERVED								POINT(11.289937 49.202139)
491	Freystadt	Abzw. Mörsdorf	de:09373:17525:0:2	49.202145	11.289766		MATCHED	n10060719053	71.2	1.0	Abzw. Mörsdorf				LINESTRING(11.289766 49.202145,11.289613500000002 49.201513000000006)
492	Freystadt	Abzw. Oberndorf (b. Freystadt)	de:09373:17537	49.176107	11.374163		NO_MATCH_AND_SEEMS_UNSERVED								POINT(11.374163 49.176107)
493	Freystadt	Am Badgraben	de:09373:17508:0:1	49.198494	11.342192	bus	MATCHED_THOUGH_DISTANT	n10060729109	221.5	1.0	Am Badgraben	514,516,525,599	Freystadt Bahnhof		LINESTRING(11.342192 49.198494,11.339231700000001 49.1980415)
494	Freystadt	Am Badgraben	de:09373:17508:0:2	49.198417	11.342201	bus	MATCHED	n10060729107	129.9	1.0	Am Badgraben	514,516,525,599	Thannhausen (b. Freyst) Kirche / Freystadt Rettelloh / Michelbach (b. Freystadt)		LINESTRING(11.342201 49.198417,11.340423300000001 49.1983364)
495	Freystadt	Am Mühlbach	de:09373:17507:0:1	49.198253	11.325833	bus	MATCHED	n1708679995	13.2	1.0	Freystadt, Am Mühlbach	514,516,529.1	Freystadt Bahnhof / Freystadt Bahnhof / Meckenhausen Ortsmitte / Möning Kirche / Sulzkirchen Kirche / Abzw. Aßlschwang / Röckersbühl	Freystadt, Bahnhof	LINESTRING(11.325833 49.198253,11.3259602 49.198337200000005)
496	Freystadt	Am Mühlbach	de:09373:17507:0:2	49.198353	11.325914		NO_MATCH_AND_SEEMS_UNSERVED								POINT(11.325914 49.198353)
497	Freystadt	Aßlschwang Ort	de:09373:17515:0:1	49.220484	11.325115	bus	MATCHED_THOUGH_REVERSED_DIR	n5882681021	4.1	1.0	Aßlschwang, Ort	514	Rohr (b. Freystadt) / Freystadt Bahnhof	Richthof bei Freystadt	LINESTRING(11.325115 49.220484,11.325109900000001 49.220521100000006)
498	Freystadt	Aßlschwang Ort	de:09373:17515:0:2	49.220501	11.325016	bus	NO_MATCH_BUT_OTHER_PLATFORM_MATCHED					514	Kleinthundorf		POINT(11.325016 49.220501)
499	Freystadt	Bahnhof	de:09373:17500:0:1	49.197531	11.331645	bus	MATCHED	n4792267040	22.9	1.0	Freystadt, Bahnhof	514,516,525,529.1,599	Freystadt Am Mühlbach / Thannhausen (b. Freyst) Kirche / Hilpoltstein Gymnasium / Schöllnhof / Großthundorf / Thannhausen (b. Freyst) Kirche / Mörsdorf Ortsmitte / Freystadt, Am Badgraben / Michelbach (b. Freystadt) / Ohausen / Kleinthundorf / Thannhausen (b.Freyst) Hofmark / Abzw. Aßlschwang	Thannhausen (b. Freystadt), Kirche / Freystadt, Am Badgraben	LINESTRING(11.331645 49.197531,11.3319592 49.1975312)
500	Freystadt	Bahnhof	de:09373:17500:0:2	49.197613	11.331708	bus	NO_MATCH_BUT_OTHER_PLATFORM_MATCHED					529.1	Freystadt Gewerbegebiet Süd		POINT(11.331708 49.197613)
501	Freystadt	Burggriesbach Jettenhofer Str	de:09373:17520:0:1	49.129056	11.358622		NO_MATCH_AND_SEEMS_UNSERVED								POINT(11.358622 49.129056)
502	Freystadt	Burggriesbach Jettenhofer Str	de:09373:17520:0:2	49.128933	11.358379		MATCHED	n10044546167	2.8	1.0	Burggriesbach, Jettenhofer Straße				LINESTRING(11.358379 49.128933,11.3584042 49.1289522)
503	Freystadt	Burggriesbach Kirchplatz	de:09373:17514:0:1	49.129244	11.359484	bus	MATCHED	n5237902690	1.2	1.0	Burggriesbach, Kirchplatz	526,529.1,599	Stierbaum Ort / Sulzkirchen Kirche / Rübling / Forchheim (b. Freystadt) / Höfen (b. Freystadt)	Stierbaum, Ort	LINESTRING(11.359484 49.129244,11.3594744 49.1292532)
504	Freystadt	Burggriesbach Kirchplatz	de:09373:17514:0:2	49.129344	11.359278	bus	MATCHED	n10060893837	7.1	1.0	Burggriesbach, Kirchplatz	526,529.1,599	Jettenhofen / Höfen (b. Freystadt) / Kleinberghausen		LINESTRING(11.359278 49.129344,11.359363 49.1293747)
505	Freystadt	Forchheim (b. Freystadt)	de:09373:17517:0:1	49.160031	11.335751	bus	MATCHED	n10209513652	116.0	1.0	Forchheim (b. Freystadt)	514,525,599	Kleinberghausen / Meckenhausen Ortsmitte / Höfen (b. Freystadt) / Ohausen		LINESTRING(11.335751 49.160031,11.3371852 49.16048180000001)
506	Freystadt	Forchheim (b. Freystadt)	de:09373:17517:0:2	49.159995	11.335877	bus	MATCHED_THOUGH_REVERSED_DIR	n5261961325	143.1	1.0	Forchheim (b. Freystadt)	514,525,599	Sulzkirchen Kirche	Kleinberghausen	LINESTRING(11.335877 49.159995,11.337678700000001 49.1605037)
507	Freystadt	Frettenshofen	de:09373:17518:0:1	49.2113	11.371558	bus	NO_MATCH_BUT_OTHER_PLATFORM_MATCHED					514,599	Sondersfeld / Freystadt Rettelloh / Oberer Kiesenhof		POINT(11.371558 49.2113)
508	Freystadt	Frettenshofen	de:09373:17518:0:2	49.211189	11.371576	bus	MATCHED	n5882455620	12.6	1.0	Frettenshofen	516,599	Großthundorf / Sondersfeld	Kittenhausen	LINESTRING(11.371576 49.211189,11.371657 49.2112896)
509	Freystadt	Gewerbegebiet Süd	de:09373:17504:0:1	49.193774	11.334736	bus	NO_MATCH					529.1	Freystadt Bahnhof		POINT(11.334736 49.193774)
510	Freystadt	Gewerbegebiet Süd	de:09373:17504:0:2	49.193757	11.334646	bus	NO_MATCH					529.1	Sulzkirchen Kirche		POINT(11.334646 49.193757)
511	Freystadt	Großberghausen	de:09373:17549:0:1	49.154115	11.372761	bus	NO_MATCH_BUT_OTHER_PLATFORM_MATCHED					525,529.1	Kleinberghausen / Weidenwang		POINT(11.372761 49.154115)
512	Freystadt	Großberghausen	de:09373:17549:0:2	49.154032	11.372752	bus	MATCHED	n5876456805	3.4	1.0	Großberghausen	525,529.1	Weidenwang / Weidenwang Ost	Weidenwang	LINESTRING(11.372752 49.154032,11.3727098 49.1540459)
513	Freystadt	Großthundorf	de:09373:17545:0:1	49.21478	11.348893	bus	MATCHED_THOUGH_REVERSED_DIR	n5882681026	3.2	1.0	Großthundorf	514,599	Kleinthundorf	Freystadt, Am Mühlbach	LINESTRING(11.348893 49.21478,11.348937300000001 49.214780700000006)
514	Freystadt	Großthundorf	de:09373:17545:0:2	49.214792	11.348291	bus	MATCHED	n10044233046	3.6	1.0	Großthundorf	514,599	Frettenshofen / Sondersfeld / Thannhausen (b.Freyst) Hofmark		LINESTRING(11.348291 49.214792,11.3483231 49.214816600000006)
515	Freystadt	Höfen (b. Freystadt)	de:09373:17551:0:1	49.137291	11.342084	bus	MATCHED	n10044408874	4.7	1.0	Höfen (b. Freystadt)	526,599	Abzw. Fuchsmühle (b.Freystadt) / Obernricht (b. Freystadt) / Burggriesbach Kirchplatz		LINESTRING(11.342084 49.137291,11.3421439 49.1373059)
516	Freystadt	Höfen (b. Freystadt)	de:09373:17551:0:2	49.137356	11.342021	bus	MATCHED_THOUGH_REVERSED_DIR	n5237869859	4.7	1.0	Höfen (b. Freystadt)	526,599	Forchheim (b. Freystadt) / Obernricht (b. Freystadt)	Schmellnricht	LINESTRING(11.342021 49.137356,11.3419997 49.137396200000005)
517	Freystadt	Jettenhofen	de:09373:17553:0:1	49.124994	11.350097	bus	MATCHED	n10044523058	6.0	1.0	Jettenhofen	526	Burggriesbach Kirchplatz		LINESTRING(11.350097 49.124994,11.350157000000001 49.1250306)
518	Freystadt	Jettenhofen	de:09373:17553:0:2	49.12513	11.350151	bus	MATCHED_THOUGH_REVERSED_DIR	n318624769	2.4	1.0	Jettenhofen	526	Lauterbach (b. Freystadt)	Burggriesbach, Kirchplatz	LINESTRING(11.350151 49.12513,11.350182400000001 49.125122600000005)
519	Freystadt	Kittenhausen	de:09373:17555:0:1	49.221986	11.36297	bus	MATCHED	n5882455621	5.3	1.0	Kittenhausen	514	Frettenshofen / Sondersfeld	Sondersfeld	LINESTRING(11.36297 49.221986,11.3630417 49.2219909)
520	Freystadt	Kittenhausen	de:09373:17555:0:2	49.222074	11.362925	bus	NO_MATCH_BUT_OTHER_PLATFORM_MATCHED					516	Berngau Abzw. Allershofen		POINT(11.362925 49.222074)
521	Freystadt	Kleinberghausen	de:09373:17556:0:1	49.156911	11.36394	bus	MATCHED	n5238245551	1.7	1.0	Kleinberghausen	525,529.1	Burggriesbach Kirchplatz / Großberghausen / Obernricht (b. Freystadt) / Forchheim (b. Freystadt)	Großberghausen	LINESTRING(11.36394 49.156911,11.363945600000001 49.156925400000006)
522	Freystadt	Kleinberghausen	de:09373:17556:0:2	49.156999	11.364075	bus	NO_MATCH_BUT_OTHER_PLATFORM_MATCHED					525,529.1	Großberghausen		POINT(11.364075 49.156999)
523	Freystadt	Kleinthundorf	de:09373:17546:0:1	49.213014	11.338679	bus	MATCHED_THOUGH_REVERSED_DIR	n5882681025	3.7	1.0	Kleinthundorf	514,599	Richthof bei Freystdt / Freystadt Bahnhof	Großthundorf	LINESTRING(11.338679 49.213014,11.338633600000001 49.2129988)
524	Freystadt	Kleinthundorf	de:09373:17546:0:2	49.212914	11.33867	bus	MATCHED	n5882681024	11.8	1.0	Kleinthundorf	514,599	Großthundorf	Kleinthundorf	LINESTRING(11.33867 49.212914,11.338809300000001 49.2129673)
525	Freystadt	Lauterbach (b. Freystadt)	de:09373:17559:0:1	49.123895	11.334179	bus	MATCHED	n5237880398	2.9	1.0	Lauterbach (b. Freystadt)	526	Jettenhofen	Jettenhofen	LINESTRING(11.334179 49.123895,11.334214300000001 49.123907300000006)
526	Freystadt	Lauterbach (b. Freystadt)	de:09373:17559:0:2	49.124024	11.334421	bus	NO_MATCH_BUT_OTHER_PLATFORM_MATCHED					526	Schmellnricht		POINT(11.334421 49.124024)
527	Freystadt	Michelbach (b. Freystadt)	de:09373:17524:0:1	49.186811	11.305531	bus	MATCHED	n5882788452	11.9	1.0	Michelbach (b. Freystadt)	514,599	Ohausen / Kleinthundorf / Freystadt Bahnhof / Ohausen	Schöllnhof	LINESTRING(11.305531 49.186811,11.3056233 49.1868995)
528	Freystadt	Michelbach (b. Freystadt)	de:09373:17524:0:2	49.186952	11.305855	bus	NO_MATCH_BUT_OTHER_PLATFORM_MATCHED					514,599	Hilpoltstein Gymnasium / Rumleshof / Thannhausen (b. Freyst) Kirche		POINT(11.305855 49.186952)
529	Freystadt	Möning Kirche	de:09373:17521:0:1	49.240141	11.330846	bus	MATCHED	n1691845014	12.2	1.0	Möning/Kirche	514,516	Möning Seligenp.Str. / Schwarzach (b.Pyrbaum) / Abzw. Wolfsricht / Freystadt Am Mühlbach / Pavelsbach Simonstr. / Richthof bei Freystdt	Pavelsbach Simonstraße	LINESTRING(11.330846 49.240141,11.3308453 49.2402511)
530	Freystadt	Möning Kirche	de:09373:17521:0:2	49.240206	11.330927		NO_MATCH_AND_SEEMS_UNSERVED								POINT(11.330927 49.240206)
531	Freystadt	Möning Seligenp. Str. 	de:09373:17522:0:1	49.243056	11.331726	bus	MATCHED	n10017722143	3.0	1.0	Möning Seligenportener Str.	516	Schwarzach (b.Pyrbaum)		LINESTRING(11.331726 49.243056,11.331765800000001 49.2430504)
532	Freystadt	Möning Seligenp. Str. 	de:09373:17522:0:2	49.242898	11.331636		MATCHED	n10017722142	8.0	1.0	Möning Seligenportener Str.			Möning/Kirche	LINESTRING(11.331636 49.242898,11.3316639 49.2429672)
533	Freystadt	Mörsdorf Ortsmitte	de:09373:17526:0:1	49.201757	11.284735	bus	MATCHED_THOUGH_REVERSED_DIR	n5882788455	0.5	1.0	Mörsdorf, Ortsmitte	514,599	Ob. Braunshof (b. Freystadt) / Rumleshof / Mörlach (b.Hilpoltst.) Mitte	Mörsdorf, Ortsmitte	LINESTRING(11.284735 49.201757,11.284741400000001 49.201759200000005)
534	Freystadt	Mörsdorf Ortsmitte	de:09373:17526:0:2	49.20191	11.284762	bus	MATCHED	n5882788454	0.7	1.0	Mörsdorf, Ortsmitte	514,599	Freystadt Bahnhof / Rumleshof	Ebenried, Kirche	LINESTRING(11.284762 49.20191,11.2847574 49.2019047)
535	Freystadt	Ob. Braunshof (b. Freystadt)	de:09373:17510:0:1	49.201024	11.306618	bus	MATCHED	n10053178782	2.6	1.0	Ob. Braunshof (b. Freystadt)	514	Unt. Braunshof (b. Freystadt)		LINESTRING(11.306618 49.201024,11.3066437 49.2010401)
536	Freystadt	Ob. Braunshof (b. Freystadt)	de:09373:17510:0:2	49.201135	11.306439	bus	MATCHED	n10053178781	3.0	1.0	Ob. Braunshof (b. Freystadt)	514	Mörsdorf Ortsmitte		LINESTRING(11.306439 49.201135,11.306473400000002 49.2011198)
537	Freystadt	Oberer Kiesenhof	de:09373:17512:0:1	49.200713	11.364874	bus	NO_MATCH_BUT_OTHER_PLATFORM_MATCHED					514	Unterer Kiesenhof		POINT(11.364874 49.200713)
538	Freystadt	Oberer Kiesenhof	de:09373:17512:0:2	49.20073	11.364955	bus	MATCHED	n5882455619	3.5	1.0	Oberer Kiesenhof	516	Frettenshofen	Frettenshofen	LINESTRING(11.364955 49.20073,11.364945500000001 49.2007611)
539	Freystadt	Oberndorf (b. Freystadt)	de:09373:17538:0:1	49.176647	11.370902	bus	MATCHED	n5238056152	24.3	1.0	Oberndorf (b. Freystadt)	514,525,599	Sulzkirchen Kirche	Sulzkirchen, Kirche / Kruppach (b. Mühlhausen), Ort	LINESTRING(11.370902 49.176647,11.370758400000001 49.176449500000004)
540	Freystadt	Oberndorf (b. Freystadt)	de:09373:17538:0:2	49.176206	11.370507	bus	NO_MATCH_BUT_OTHER_PLATFORM_MATCHED					514,525,599	Thannhausen (b.Freyst) Hofmark / Thannhausen (b. Freyst) Kirche		POINT(11.370507 49.176206)
541	Freystadt	Obernricht (b. Freystadt)	de:09373:17539:0:1	49.13859	11.354975	bus	MATCHED	n10041465281	9.9	1.0	Obernricht (b. Freystadt)	526	Höfen (b. Freystadt) / Kleinberghausen		LINESTRING(11.354975 49.13859,11.354882400000001 49.1385255)
542	Freystadt	Obernricht (b. Freystadt)	de:09373:17539:0:2	49.138608	11.354867	bus	MATCHED_THOUGH_REVERSED_DIR	n318624763	2.3	0.73	Obernricht (b. Freystadt)	526	Obermässing Kreuzung	Höfen (b. Freystadt)	LINESTRING(11.354867 49.138608,11.354898100000002 49.1386126)
543	Freystadt	Ohausen	de:09373:17540:0:1	49.180299	11.331295	bus	NO_MATCH_BUT_OTHER_PLATFORM_MATCHED					514,599	Thannhausen (b. Freyst) Kirche / Freystadt Bahnhof / Thannhausen (b. Freyst) Kirche		POINT(11.331295 49.180299)
544	Freystadt	Ohausen	de:09373:17540:0:2	49.18	11.331538	bus	MATCHED	n10060941961	23.6	1.0	Ohausen	514	Forchheim (b. Freystadt)		LINESTRING(11.331538 49.18,11.3312656 49.180114)
545	Freystadt	Rathaus	de:09373:17506:0:1	49.198852	11.328376		NO_MATCH_AND_SEEMS_UNSERVED								POINT(11.328376 49.198852)
546	Freystadt	Rathaus	de:09373:17506:0:2	49.199134	11.328627		NO_MATCH_AND_SEEMS_UNSERVED								POINT(11.328627 49.199134)
547	Freystadt	Rettelloh	de:09373:17509:0:1	49.201599	11.351354	bus	MATCHED	n5882455616	197.3	1.0	Freystadt, Rettelloh	514,599	Freystadt, Am Badgraben		LINESTRING(11.351354 49.201599,11.354042900000001 49.2018092)
548	Freystadt	Rettelloh	de:09373:17509:0:2	49.201769	11.351507	bus	NO_MATCH_BUT_OTHER_PLATFORM_MATCHED					514,516,599	Frettenshofen / Thannhausen (b.Freyst) Hofmark / Freystadt, Am Badgraben / Unterer Kiesenhof		POINT(11.351507 49.201769)
549	Freystadt	Richthof bei Freystdt	de:09373:17523:0:1	49.220272	11.334331	bus	MATCHED_THOUGH_REVERSED_DIR	n5882681023	46.9	1.0	Richthof bei Freystadt	514	Aßlschwang Ort	Kleinthundorf	LINESTRING(11.334331 49.220272,11.334975100000001 49.2202636)
550	Freystadt	Richthof bei Freystdt	de:09373:17523:0:2	49.220225	11.334313		MATCHED	n5882681022	41.1	0.19	Richthof bei Freystadt			Richthof bei Freystadt	LINESTRING(11.334313 49.220225,11.334873100000001 49.220181200000006)
551	Freystadt	Rohr (b. Freystadt)	de:09373:17528:0:1	49.222954	11.305936	bus	MATCHED	n10061028588	32.3	1.0	Rohr (b. Freystadt)	514,516,525	Freystadt Bahnhof / Aßlschwang Ort / Abzw. Aßlschwang		LINESTRING(11.305936 49.222954,11.3062406 49.2227424)
552	Freystadt	Rohr (b. Freystadt)	de:09373:17528:0:2	49.222713	11.306538	bus	MATCHED_THOUGH_REVERSED_DIR	n5262019293	4.6	1.0	Rohr (b. Freystadt)	514,516	Allersberg (Rothsee) / Reckenstetten (b. Allersb.) / Reckenstetten (b. Allersb.)	Abzw. Aßlschwang / Aßlschwang, Ort	LINESTRING(11.306538 49.222713,11.3065663 49.222749500000006)
553	Freystadt	Rothenhof	de:09373:17527:0:1	49.196169	11.318548		MATCHED	n594844415	9.7	1.0	Rothenhof				LINESTRING(11.318548 49.196169,11.3186038 49.196248600000004)
554	Freystadt	Rothenhof	de:09373:17527:0:2	49.196298	11.318844		NO_MATCH_AND_SEEMS_UNSERVED								POINT(11.318844 49.196298)
555	Freystadt	Rumleshof	de:09373:17530:0:1	49.186283	11.293557	bus	NO_MATCH					514,599	Michelbach (b. Freystadt)		POINT(11.293557 49.186283)
556	Freystadt	Rumleshof	de:09373:17530:0:2	49.186312	11.293674	bus	NO_MATCH					514,599	Mörsdorf Ortsmitte		POINT(11.293674 49.186312)
557	Freystadt	Schmellnricht	de:09373:17529:0:1	49.129321	11.3347	bus	NO_MATCH_BUT_OTHER_PLATFORM_MATCHED					526	Lauterbach (b. Freystadt)		POINT(11.3347 49.129321)
558	Freystadt	Schmellnricht	de:09373:17529:0:2	49.129409	11.334727	bus	MATCHED_THOUGH_REVERSED_DIR	n5237874372	4.3	1.0	Schmellnricht	526	Abzw. Fuchsmühle (b.Freystadt)	Lauterbach (b. Freystadt)	LINESTRING(11.334727 49.129409,11.334781900000001 49.129422500000004)
559	Freystadt	Schöllnhof	de:09373:17531:0:1	49.199527	11.314164	bus	MATCHED	n10017694693	4.9	1.0	Schöllnhof	514	Freystadt Am Mühlbach		LINESTRING(11.314164 49.199527,11.3142309 49.1995334)
560	Freystadt	Schöllnhof	de:09373:17531:0:2	49.19965	11.314272	bus	MATCHED	n10017694694	9.2	1.0	Schöllnhof	514	Unt. Braunshof (b. Freystadt)		LINESTRING(11.314272 49.19965,11.3142174 49.1997245)
561	Freystadt	Sondersfeld	de:09373:17532:0:1	49.214235	11.38602	bus	MATCHED_THOUGH_REVERSED_DIR	n1264722648	3.5	1.0	Sondersfeld	514,599	Kittenhausen / Frettenshofen / Wettenhofen / Freystadt Rettelloh	Thannhausen (b. Freystadt), Kirche	LINESTRING(11.38602 49.214235,11.386059900000001 49.214217700000006)
562	Freystadt	Sondersfeld	de:09373:17532:0:2	49.214252	11.386137	bus	NO_MATCH_BUT_OTHER_PLATFORM_MATCHED					514,516,599	Kittenhausen / Forst (b. Sengenthal) / Abzw. Reichertshofen / Frettenshofen		POINT(11.386137 49.214252)
563	Freystadt	Sportplatz	de:09373:17505	49.201746	11.326848		NO_MATCH_AND_SEEMS_UNSERVED								POINT(11.326848 49.201746)
564	Freystadt	Sulzkirchen Kirche	de:09373:17535:0:1	49.167679	11.357113	bus	MATCHED	n5261967792	9.0	1.0	Sulzkirchen, Kirche	514,525,529.1,599	Freystadt Gewerbegebiet Süd / Forchheim (b. Freystadt)	Sulzkirchen, Kirche	LINESTRING(11.357113 49.167679,11.357092600000001 49.167758600000006)
565	Freystadt	Sulzkirchen Kirche	de:09373:17535:0:2	49.167755	11.357194	bus	MATCHED	n5261967793	5.4	1.0	Sulzkirchen, Kirche	514,525,529.1,599	Freystadt Am Mühlbach / Sulzbürg Badberg / Ohausen / Oberndorf (b. Freystadt) / Burggriesbach Kirchplatz	Forchheim (b. Freystadt) / Oberndorf (b. Freystadt)	LINESTRING(11.357194 49.167755,11.3571918 49.167803400000004)
566	Freystadt	Thannhausen (b. Freyst) Hofmark	de:09373:17542:0:1	49.189706	11.351247	bus	MATCHED	n10060865529	5.0	1.0	Thannhausen (b.Freyst) Hofmark	599	Oberndorf (b. Freystadt)		LINESTRING(11.351247 49.189706,11.351280200000001 49.189745800000004)
567	Freystadt	Thannhausen (b. Freyst) Hofmark	de:09373:17542:0:2	49.18967	11.351328	bus	NO_MATCH_BUT_OTHER_PLATFORM_MATCHED					514,599	Freystadt Bahnhof / Frettenshofen / Kerkhofen Kirche		POINT(11.351328 49.18967)
568	Freystadt	Thannhausen (b. Freyst) Kirche	de:09373:17543:0:1	49.188854	11.35033	bus	MATCHED	n5262011131	3.6	1.0	Thannhausen (b. Freystadt), Kirche	514,525	Freystadt Bahnhof / Oberndorf (b. Freystadt) / Freystadt, Am Badgraben	Oberndorf (b. Freystadt) / Ohausen	LINESTRING(11.35033 49.188854,11.350373600000001 49.1888693)
569	Freystadt	Thannhausen (b. Freyst) Kirche	de:09373:17543:0:2	49.188978	11.350294	bus	MATCHED	n10044768806	6.1	1.0	Thannhausen (b. Freystadt), Kirche	514,525	Kruppach (b. Mühlhausen) Ort / Abzw. Kiesenhof / Sulzkirchen Kirche / Freystadt Rettelloh / Oberndorf (b. Freystadt)		LINESTRING(11.350294 49.188978,11.3503629 49.189009600000006)
570	Freystadt	Unt. Braunshof (b. Freystadt)	de:09373:17519:0:1	49.201247	11.310571	bus	MATCHED	n10042051322	1.3	1.0	Unterer Braunshof (b. Freystadt)	514	Schöllnhof		LINESTRING(11.310571 49.201247,11.310559600000001 49.201256300000004)
571	Freystadt	Unt. Braunshof (b. Freystadt)	de:09373:17519:0:2	49.201341	11.310607	bus	MATCHED	n10042051321	1.8	1.0	Unterer Braunshof (b. Freystadt)	514	Ob. Braunshof (b. Freystadt)		LINESTRING(11.310607 49.201341,11.310616900000001 49.2013266)
572	Freystadt	Unterer Kiesenhof	de:09373:17513:0:1	49.198494	11.360652	bus	MATCHED_THOUGH_REVERSED_DIR	n5882455618	14.6	1.0	Unterer Kiesenhof	514	Freystadt Rettelloh / Thannhausen (b. Freyst) Kirche	Oberer Kiesenhof	LINESTRING(11.360652 49.198494,11.360831600000001 49.1985528)
573	Freystadt	Unterer Kiesenhof	de:09373:17513:0:2	49.1984	11.360724	bus	MATCHED	n5882455617	17.1	1.0	Unterer Kiesenhof	516	Oberer Kiesenhof	Unterer Kiesenhof	LINESTRING(11.360724 49.1984,11.3609308 49.198472200000005)
574	Hohenfels	Abzw. Granswang	de:09373:17576:0:1	49.175831	11.806513		MATCHED	n10026552260	33.7	1.0	Abzweig Granswang				LINESTRING(11.806513 49.175831,11.8064538 49.1755307)
575	Hohenfels	Abzw. Granswang	de:09373:17576:0:2	49.175431	11.806612		MATCHED	n10026552259	30.7	1.0	Abzweig Granswang				LINESTRING(11.806612 49.175431,11.8066724 49.175704200000006)
576	Hohenfels	Abzw. Gunzenhof	de:09373:17579:0:1	49.157499	11.834891	bus	NO_MATCH_BUT_OTHER_PLATFORM_MATCHED					544	Schrotzhofen Ort / Unterwahrberg Abzw.		POINT(11.834891 49.157499)
577	Hohenfels	Abzw. Gunzenhof	de:09373:17579:0:2	49.157552	11.835205	bus	MATCHED_THOUGH_REVERSED_DIR	n5218570259	1.9	1.0	Abzw. Gunzenhof	544	Buchhausen (b. Hohenfels) / Hausraitenbuch Ort	Schrotzhofen	LINESTRING(11.835205 49.157552,11.835179400000001 49.157547400000006)
578	Hohenfels	Abzw. Hausraitenbuch	de:09373:17581:0:1	49.172606	11.844907	bus	NO_MATCH_BUT_OTHER_PLATFORM_MATCHED					544	Markstetten / Effenricht		POINT(11.844907 49.172606)
579	Hohenfels	Abzw. Hausraitenbuch	de:09373:17581:0:2	49.172706	11.844979		MATCHED	n5218602463	19.9	0.32	Abzw. Hausreitenbuch				LINESTRING(11.844979 49.172706,11.8452278 49.1727785)
580	Hohenfels	Abzw. Holzheim (b. Hohenfels)	de:09373:17584	49.191884	11.840523		NO_MATCH_AND_SEEMS_UNSERVED								POINT(11.840523 49.191884)
581	Hohenfels	Abzw. Lauf (b. Hohenfels)	de:09373:17587:0:1	49.191526	11.889975		MATCHED	n4031889910	15.1	1.0	Abzweig Lauf (b. Hohenfels)				LINESTRING(11.889975 49.191526,11.8901736 49.1915646)
582	Hohenfels	Abzw. Lauf (b. Hohenfels)	de:09373:17587:0:2	49.191549	11.890146		NO_MATCH_AND_SEEMS_UNSERVED								POINT(11.890146 49.191549)
583	Hohenfels	Abzw. Pillmannsricht	de:09373:17592	49.188256	11.830785		NO_MATCH_AND_SEEMS_UNSERVED								POINT(11.830785 49.188256)
584	Hohenfels	Abzw. Tor 1	de:09373:17567:0:1	49.215379	11.827551	bus	MATCHED	n10028307588	1.5	1.0	Hohenfels Abzw. Tor 1	548	Hohenfels FA. ETA		LINESTRING(11.827551 49.215379,11.8275708 49.215382500000004)
585	Hohenfels	Abzw. Tor 1	de:09373:17567:0:2	49.215555	11.827578	bus	MATCHED	n10028307587	4.6	1.0	Hohenfels Abzw. Tor 1	548	Großbissendorf		LINESTRING(11.827578 49.215555,11.827517100000001 49.2155665)
586	Hohenfels	Abzw. Tor 2	de:09373:17571:0:1	49.206858	11.849794		MATCHED	n10061065728	3.3	1.0	Hohenfels Abzw. Tor 2				LINESTRING(11.849794 49.206858,11.849806300000001 49.206886100000006)
587	Hohenfels	Abzw. Tor 2	de:09373:17571:0:2	49.206647	11.850171	bus	MATCHED	n10061065727	4.5	1.0	Hohenfels Abzw. Tor 2	548	Hohenfels Sonnenstr. / Hohenfels Kapelle		LINESTRING(11.850171 49.206647,11.8502314 49.2066407)
588	Hohenfels	Am Sterzenbach	de:09373:17562:0:1	49.203172	11.852282	bus	MATCHED	n9838710598	2.2	1.0	Hohenfels Am Sterzenbach	15	Hohenfels Ziegelhütte	Hohenfels Ziegelhütte	LINESTRING(11.852282 49.203172,11.8522779 49.203191800000006)
589	Hohenfels	Am Sterzenbach	de:09373:17562:0:2	49.203336	11.852471	bus	MATCHED	n9838710597	2.0	1.0	Hohenfels Am Sterzenbach	15	Hohenfels Kapelle / Hohenfels Taverne	Hohenfels Parsberger Straße	LINESTRING(11.852471 49.203336,11.8524439 49.203332800000005)
590	Hohenfels	Baumühle	de:09373:17569:0:1	49.191273	11.88101	bus	MATCHED_THOUGH_REVERSED_DIR	n10013741494	1.9	1.0	Baumühle	15	Lauf (b. Hohenfels)	Fuchsmühle	LINESTRING(11.88101 49.191273,11.8810178 49.1912893)
591	Hohenfels	Baumühle	de:09373:17569:0:2	49.191191	11.881028	bus	MATCHED_THOUGH_REVERSED_DIR	n10013741493	2.7	1.0	Baumühle	15	Fuchsmühle (b. Hohenfels)	Lauf (b. Hohenfels)	LINESTRING(11.881028 49.191191,11.8810219 49.191214800000004)
592	Hohenfels	Blechmühle (b. Hohenfels)	de:09373:17577:0:1	49.193751	11.875656	bus	MATCHED	n10041401125	13.1	1.0	Blechmühle (b.Hohenfels)	548	Lauf (b. Hohenfels) / Fuchsmühle (b. Hohenfels)		LINESTRING(11.875656 49.193751,11.875787800000001 49.1936711)
593	Hohenfels	Blechmühle (b. Hohenfels)	de:09373:17577:0:2	49.193668	11.875701		NO_MATCH_AND_SEEMS_UNSERVED								POINT(11.875701 49.193668)
594	Hohenfels	Buchhausen (b. Hohenfels)	de:09373:17570:0:1	49.167003	11.82377	bus	MATCHED	n5218587520	1.1	1.0	Buchhausen (b. Hohenfels)	544	Abzw. Gunzenhof	Abzw. Gunzenhof	LINESTRING(11.82377 49.167003,11.823771500000001 49.167013100000005)
595	Hohenfels	Buchhausen (b. Hohenfels)	de:09373:17570:0:2	49.16705	11.823949	bus	NO_MATCH_BUT_OTHER_PLATFORM_MATCHED					544	Raitenbuch (b. Hohenfels) / Granswang Ortsmitte		POINT(11.823949 49.16705)
596	Hohenfels	Effenricht	de:09373:17572:0:1	49.174662	11.856324	bus	MATCHED	n9838758017	13.8	1.0	Effenricht	544	Holzheim (b. Hohenfels) / Kleinmittersdorf		LINESTRING(11.856324 49.174662,11.856507200000001 49.174691300000006)
597	Hohenfels	Effenricht	de:09373:17572:0:2	49.174738	11.856262		NO_MATCH_AND_SEEMS_UNSERVED								POINT(11.856262 49.174738)
598	Hohenfels	FA. ETA	de:09373:17565:0:1	49.209939	11.847404	bus	MATCHED	n10042454141	8.3	1.0	Hohenfels Firma ETA	548	Hohenfels Sonnenstr.		LINESTRING(11.847404 49.209939,11.8473611 49.2100084)
599	Hohenfels	FA. ETA	de:09373:17565:0:2	49.209616	11.848132	bus	MATCHED	n10042448529	7.1	1.0	Hohenfels Firma ETA	548	Hohenfels Abzw. Tor 1		LINESTRING(11.848132 49.209616,11.8482023 49.2096608)
600	Hohenfels	Fuchsmühle (b. Hohenfels)	de:09373:17573:0:1	49.193357	11.863161	bus	MATCHED	n10013741490	1.8	1.0	Fuchsmühle	15	Blechmühle (b.Hohenfels) / Baumühle	Baumühle	LINESTRING(11.863161 49.193357,11.8631852 49.193361200000005)
601	Hohenfels	Fuchsmühle (b. Hohenfels)	de:09373:17573:0:2	49.193404	11.863268	bus	MATCHED	n10013741491	2.6	1.0	Fuchsmühle	15	Hohenfels Ziegelhütte	Hohenfels Ziegelhütte	LINESTRING(11.863268 49.193404,11.8632817 49.193426)
602	Hohenfels	Granswang Ortsmitte	de:09373:17575:0:1	49.174086	11.803791	bus	NO_MATCH_BUT_OTHER_PLATFORM_MATCHED					544	Hitzendorf / Buchhausen (b. Hohenfels) / Stetten (b. Hohenfels)		POINT(11.803791 49.174086)
603	Hohenfels	Granswang Ortsmitte	de:09373:17575:0:2	49.174139	11.803557	bus	MATCHED	n9889388333	2.6	1.0	Granswang Ortsmitte	544	Prünthal Ortsmitte		LINESTRING(11.803557 49.174139,11.803552300000002 49.174162)
604	Hohenfels	Großbissendorf	de:09373:17578:0:1	49.215995	11.814984	bus	MATCHED	n10044210747	2.9	1.0	Großbissendorf	548,589	Hohenfels Kapelle / Hohenfels Abzw. Tor 1		LINESTRING(11.814984 49.215995,11.8150174 49.216008900000006)
605	Hohenfels	Großbissendorf	de:09373:17578:0:2	49.21613	11.815029	bus	MATCHED	n2740962343	6.2	1.0	Großbissendorf	548,589	Kühnhausen Höhenberg / Abzw. Oedenthurn		LINESTRING(11.815029 49.21613,11.8151144 49.2161258)
606	Hohenfels	Hausraitenbuch Ort	de:09373:17580:0:1	49.168366	11.840837	bus	MATCHED	n5218598039	2.2	1.0	Hausraitenbuch, Ort	544	Abzw. Hausraitenbuch	Kleinmittersdorf	LINESTRING(11.840837 49.168366,11.8408665 49.1683602)
607	Hohenfels	Hausraitenbuch Ort	de:09373:17580:0:2	49.168477	11.840739	bus	NO_MATCH_BUT_OTHER_PLATFORM_MATCHED					544	Abzw. Hausraitenbuch		POINT(11.840739 49.168477)
608	Hohenfels	Hitzendorf	de:09373:17582:0:1	49.186183	11.79161	bus	MATCHED	n5218626585	6.0	1.0	Hitzendorf	544	Rackendorf	Degerndorf, Am Zieglerberg	LINESTRING(11.79161 49.186183,11.7916708 49.186218700000005)
609	Hohenfels	Hitzendorf	de:09373:17582:0:2	49.186024	11.791727	bus	MATCHED	n10044448086	12.0	1.0	Hitzendorf	544	Stetten (b. Hohenfels)		LINESTRING(11.791727 49.186024,11.791890700000002 49.186011)
610	Hohenfels	Holzheim (b. Hohenfels)	de:09373:17583:0:1	49.185795	11.843613	bus	NO_MATCH					544	Raitenbuch (b. Hohenfels) / Markstetten		POINT(11.843613 49.185795)
611	Hohenfels	Kapelle	de:09373:17561:0:1	49.20478	11.852345	bus	MATCHED	n10013741485	4.6	1.0	Hohenfels Parsberger Straße	15	Hohenfels Taverne / Hohenfels Am Sterzenbach	Hohenfels Am Sterzenbach	LINESTRING(11.852345 49.20478,11.852397300000002 49.204802400000005)
612	Hohenfels	Kapelle	de:09373:17561:0:2	49.204874	11.852561	bus	MATCHED	n10013741486	6.8	1.0	Hohenfels Parsberger Straße	15	Hohenfels Abzw. Tor 2 / Großbissendorf		LINESTRING(11.852561 49.204874,11.8525556 49.204813)
613	Hohenfels	Kleinbissendorf	de:09373:17574:0:1	49.196621	11.817023		NO_MATCH_AND_SEEMS_UNSERVED								POINT(11.817023 49.196621)
614	Hohenfels	Kleinbissendorf	de:09373:17574:0:2	49.19661	11.817005		NO_MATCH_AND_SEEMS_UNSERVED								POINT(11.817005 49.19661)
615	Hohenfels	Kleinmittersdorf	de:09373:17585:0:1	49.174104	11.876447	bus	MATCHED_THOUGH_REVERSED_DIR	n5218646004	4.5	1.0	Kleinmittersdorf	544	Effenricht / Holzheim (b. Hohenfels)	Markstetten	LINESTRING(11.876447 49.174104,11.8764742 49.174067400000006)
616	Hohenfels	Kleinmittersdorf	de:09373:17585:0:2	49.17421	11.876348		NO_MATCH_AND_SEEMS_UNSERVED								POINT(11.876348 49.17421)
617	Hohenfels	Lauf (b. Hohenfels)	de:09373:17588:0:1	49.185267	11.913278	bus	MATCHED	n9839835010	48.6	1.0	Lauf (b. Hohenfels)	15	Blechmühle (b.Hohenfels) / Carolinenhütte	Carolinenhütte	LINESTRING(11.913278 49.185267,11.912619300000001 49.1851999)
618	Hohenfels	Lauf (b. Hohenfels)	de:09373:17588:0:2	49.185337	11.912577	bus	MATCHED	n9839835011	1.1	1.0	Lauf (b. Hohenfels)	15	Baumühle	Baumühle	LINESTRING(11.912577 49.185337,11.9125777 49.1853471)
619	Hohenfels	Markstetten	de:09373:17589:0:1	49.18576	11.873015	bus	MATCHED	n5218642790	6.8	1.0	Markstetten	544	Kleinmittersdorf / Oberpfraundorf / Raitenbuch (b. Hohenfels)		LINESTRING(11.873015 49.18576,11.8730664 49.1858111)
620	Hohenfels	Markstetten	de:09373:17589:0:2	49.185907	11.873141	bus	MATCHED	n10053158204	5.7	1.0	Markstetten	548	Hohenfels Ziegelhütte		LINESTRING(11.873141 49.185907,11.8732153 49.1859224)
621	Hohenfels	Nainhof	de:09373:17591	49.225171	11.830947		NO_MATCH_AND_SEEMS_UNSERVED								POINT(11.830947 49.225171)
622	Hohenfels	Raitenbuch (b. Hohenfels)	de:09373:17595:0:1	49.182061	11.820859	bus	NO_MATCH_BUT_OTHER_PLATFORM_MATCHED					544	Stetten (b. Hohenfels)		POINT(11.820859 49.182061)
623	Hohenfels	Raitenbuch (b. Hohenfels)	de:09373:17595:0:2	49.182179	11.820706	bus	MATCHED	n5218605684	3.2	1.0	Raitenbuch (b. Hohenfels)	544	Hausraitenbuch Ort / Hohenfels Ziegelhütte / Buchhausen (b. Hohenfels) / Markstetten	Hausraitenbuch, Ort	LINESTRING(11.820706 49.182179,11.8207479 49.182170600000006)
624	Hohenfels	Sonnenstr.	de:09373:17564:0:1	49.205543	11.843532	bus	MATCHED	n10017684930	5.4	1.0	Hohenfels Sonnenstr.	548	Hohenfels Abzw. Tor 2 / Hohenfels FA. ETA		LINESTRING(11.843532 49.205543,11.843489 49.2055823)
625	Hohenfels	Sonnenstr.	de:09373:17564:0:3	49.205578	11.843488		NO_MATCH_AND_SEEMS_UNSERVED								POINT(11.843488 49.205578)
626	Hohenfels	Sonnenstr.	de:09373:17564:0:4	49.205578	11.843488		NO_MATCH_AND_SEEMS_UNSERVED								POINT(11.843488 49.205578)
627	Hohenfels	Stetten (b. Hohenfels)	de:09373:17598:0:1	49.185108	11.8144	bus	MATCHED	n5218620139	9.9	1.0	Stetten (b. Hohenfels)	544	Granswang Ortsmitte / Hitzendorf		LINESTRING(11.8144 49.185108,11.814291200000001 49.185160700000004)
628	Hohenfels	Stetten (b. Hohenfels)	de:09373:17598:0:2	49.185062	11.814283	bus	MATCHED	n10017385909	10.5	1.0	Stetten (b. Hohenfels)	544	Raitenbuch (b. Hohenfels)		LINESTRING(11.814283 49.185062,11.814181900000001 49.1851287)
629	Hohenfels	Taverne	de:09373:17563:0:1	49.20272	11.849057	bus	MATCHED	n10017664522	6.3	1.0	Hohenfels Taverne	548	Hohenfels Am Sterzenbach		LINESTRING(11.849057 49.20272,11.8489882 49.2027547)
630	Hohenfels	Taverne	de:09373:17563:0:2	49.202873	11.848886	bus	MATCHED	n10017664523	3.3	1.0	Hohenfels Taverne	548	Hohenfels Kapelle		LINESTRING(11.848886 49.202873,11.8489225 49.2028905)
631	Hohenfels	Unterwahrberg Ort	de:09373:17599	49.161599	11.854707		NO_MATCH_AND_SEEMS_UNSERVED								POINT(11.854707 49.161599)
632	Hohenfels	Ziegelhütte	de:09373:17568:0:1	49.199427	11.857079	bus	MATCHED	n10013741488	13.5	1.0	Hohenfels Ziegelhütte	15	Markstetten / Raitenbuch (b. Hohenfels) / Fuchsmühle (b. Hohenfels)	Fuchsmühle	LINESTRING(11.857079 49.199427,11.857224 49.1993512)
633	Hohenfels	Ziegelhütte	de:09373:17568:0:2	49.199597	11.857025	bus	MATCHED	n10013741487	3.5	1.0	Hohenfels Ziegelhütte	15	Hohenfels Am Sterzenbach	Hohenfels Am Sterzenbach	LINESTRING(11.857025 49.199597,11.8570711 49.1995878)
634	Lauterhofen	Abzw Ramertshofen	de:09373:17645:0:1	49.38949	11.548005	bus	MATCHED	n9823210293	15.4	1.0	Abzw Ramertshofen	6302	Wilfertshofen / Gebertshofen Ortsmitte		LINESTRING(11.548005 49.38949,11.5478781 49.389600800000004)
635	Lauterhofen	Abzw Ramertshofen	de:09373:17645:0:2	49.389613	11.547852	bus	NO_MATCH_BUT_OTHER_PLATFORM_MATCHED					6302	Wilfertshofen / Gebertshofen Ortsmitte		POINT(11.547852 49.389613)
636	Lauterhofen	Abzw. Ballertshofen	de:09373:17611:0:1	49.386286	11.5143	bus	MATCHED	n9823228184	1.9	1.0	Abzw. Ballertshofen	523	Abzw. Mettenhofen / Pettenhofen Kreisstr.		LINESTRING(11.5143 49.386286,11.514315600000002 49.3862718)
637	Lauterhofen	Abzw. Ballertshofen	de:09373:17611:0:2	49.386449	11.514336		MATCHED	n9823228185	3.0	1.0	Abzw. Ballertshofen				LINESTRING(11.514336 49.386449,11.5143679 49.3864664)
638	Lauterhofen	Abzw. Buschhof (b. Lauterh. )	de:09373:17614:0:1	49.34777	11.545579	bus	MATCHED	n10026390235	3.2	1.0	Abzweigung Buschhof	523	Abzw. Eispertshofen / Eispertshofen		LINESTRING(11.545579 49.34777,11.5455526 49.347746900000004)
639	Lauterhofen	Abzw. Buschhof (b. Lauterh. )	de:09373:17614:0:2	49.347624	11.545615		MATCHED	n10026390234	2.5	1.0	Abzweigung Buschhof				LINESTRING(11.545615 49.347624,11.545642500000001 49.347636800000004)
640	Lauterhofen	Abzw. Dippersricht	de:09373:17618:0:1	49.41565	11.464201	bus	MATCHED	n436536879	7.8	0.53	Abzweig Dippersricht	550	Traunfeld Altdorfer Str. / Wappeltshofen	Wappeltshofen / Traunfeld Altdorfer Straße	LINESTRING(11.464201 49.41565,11.464197 49.415719900000006)
641	Lauterhofen	Abzw. Dippersricht	de:09373:17618:0:2	49.415585	11.463931		NO_MATCH_AND_SEEMS_UNSERVED								POINT(11.463931 49.415585)
642	Lauterhofen	Abzw. Eidelberg	de:09373:17619:0:1	49.375531	11.583246	bus	MATCHED	n10026465057	4.0	1.0	Abzweig Eidelberg	523	Lauterhofen Karlshof / Abzw. Ruppertslohe		LINESTRING(11.583246 49.375531,11.583256400000002 49.375565900000005)
643	Lauterhofen	Abzw. Eidelberg	de:09373:17619:0:2	49.376116	11.582868		MATCHED	n10026465056	5.3	1.0	Abzweig Eidelberg				LINESTRING(11.582868 49.376116,11.582819200000001 49.376081000000006)
644	Lauterhofen	Abzw. Hartenhof	de:09373:17630:0:1	49.338335	11.578565	bus	MATCHED	n1640300108	3.0	1.0	Hartenhof, Abzw.	460E	Stieglitzenhöhe B299 / Abzw. Laaber (b. Pilsach)	Laaber (b. Pilsach), Abzw.	LINESTRING(11.578565 49.338335,11.5785476 49.3383109)
645	Lauterhofen	Abzw. Hartenhof	de:09373:17630:0:2	49.338253	11.578772		MATCHED	n1640300110	5.5	1.0	Hartenhof, Abzw.			Stieglitzenhöhe, B299	LINESTRING(11.578772 49.338253,11.578815800000001 49.338292900000006)
646	Lauterhofen	Abzw. Lauterhofen	de:09373:17608:0:1	49.35426	11.598113	bus	MATCHED	n1629600951	3.2	1.0	Lauterhofen, Abzw.	460E	Stieglitzenhöhe B299	Stieglitzenhöhe, B299	LINESTRING(11.598113 49.35426,11.598138700000002 49.354237100000006)
647	Lauterhofen	Abzw. Lauterhofen	de:09373:17608:0:2	49.354312	11.598813	bus	MATCHED	n1629600956	4.7	1.0	Lauterhofen, Abzw.	460E	Lauterhofen Alter Bahnhof	Lauterhofen, Bahnhof	LINESTRING(11.598813 49.354312,11.598748700000002 49.3543158)
648	Lauterhofen	Abzw. Mettenhofen	de:09373:17636:0:1	49.39118	11.500133	bus	MATCHED	n11387887566	9.3	1.0	Abzweigung Mettenhofen	6302	Dippersricht Ort / Abzw. Ballertshofen / Ballertshofen / Deinschwang Ortsmitte		LINESTRING(11.500133 49.39118,11.500258800000001 49.3911625)
649	Lauterhofen	Abzw. Mettenhofen	de:09373:17636:0:2	49.391262	11.500196		MATCHED	n11387887565	0.3	1.0	Abzweigung Mettenhofen				LINESTRING(11.500196 49.391262,11.500199100000001 49.3912642)
650	Lauterhofen	Abzw. Ruppertslohe	de:09373:17646:0:1	49.379134	11.57685	bus	NO_MATCH					523	Schweibach / Abzw. Eidelberg / Landnerhof		POINT(11.57685 49.379134)
651	Lauterhofen	Abzw. Ruppertslohe	de:09373:17646:0:2	49.379303	11.576921		NO_MATCH_AND_SEEMS_UNSERVED								POINT(11.576921 49.379303)
652	Lauterhofen	Aglasterhof	de:09373:17610:0:1	49.412967	11.491806		NO_MATCH_AND_SEEMS_UNSERVED								POINT(11.491806 49.412967)
653	Lauterhofen	Aglasterhof	de:09373:17610:0:2	49.412955	11.491707		NO_MATCH_AND_SEEMS_UNSERVED								POINT(11.491707 49.412955)
654	Lauterhofen	Alter Bahnhof	de:09373:17600:0:1	49.367523	11.601553	bus	MATCHED	n7783653289	0.6	1.0	Lauterhofen, Bahnhof	6302,6303	Abzw. Lauterhofen / Mittersberg / Trautmannshofen Seeplatz / Mittersberg / Brunn (b. Lauterhofen)	Lauterhofen, Abzw. / Sankt Lampert	LINESTRING(11.601553 49.367523,11.6015501 49.367528500000006)
655	Lauterhofen	Alter Bahnhof	de:09373:17600:0:2	49.367552	11.60176	bus	NO_MATCH_BUT_OTHER_PLATFORM_MATCHED					6302,6303	Landnerhof / Sankt Lampert / Pettenhofen Kreisstr.		POINT(11.60176 49.367552)
656	Lauterhofen	Ballertshofen	de:09373:17659:0:1	49.383841	11.513968	bus	MATCHED	n10209472061	70.6	1.0	Ballertshofen	6302	Pettenhofen Kreisstr. / Abzw. Mettenhofen / Lauterhofen Kiga Sportzentrum		LINESTRING(11.513968 49.383841,11.5132776 49.383394300000006)
657	Lauterhofen	Ballertshofen	de:09373:17659:0:2	49.383748	11.514003		NO_MATCH_AND_SEEMS_UNSERVED								POINT(11.514003 49.383748)
658	Lauterhofen	Brenzenwang	de:09373:17613:0:1	49.36695	11.551212		MATCHED	n10041417571	1.0	1.0	Brenzenwang				LINESTRING(11.551212 49.36695,11.5512168 49.3669419)
659	Lauterhofen	Brenzenwang	de:09373:17613:0:2	49.366926	11.551275		NO_MATCH_AND_SEEMS_UNSERVED								POINT(11.551275 49.366926)
660	Lauterhofen	Brunn (b. Lauterhofen)	de:09373:17612:0:1	49.379081	11.619394	bus	MATCHED	n10041474334	4.9	1.0	Brunn (b. Lauterhofen)	523	Hansmühle / Schlögelsmühle		LINESTRING(11.619394 49.379081,11.619420600000002 49.3791214)
661	Lauterhofen	Brunn (b. Lauterhofen)	de:09373:17612:0:2	49.379022	11.61987		NO_MATCH_AND_SEEMS_UNSERVED								POINT(11.61987 49.379022)
662	Lauterhofen	Deinschwang Ortsmitte	de:09373:17616:0:1	49.388122	11.493675	bus	NO_MATCH_BUT_OTHER_PLATFORM_MATCHED					6302	Abzw. Mettenhofen / Ballertshofen / Dippersricht Ort		POINT(11.493675 49.388122)
663	Lauterhofen	Deinschwang Ortsmitte	de:09373:17616:0:2	49.388098	11.493567	bus	MATCHED	n9823247748	7.6	1.0	Deinschwang Ortsmitte	6302	Ballertshofen		LINESTRING(11.493567 49.388098,11.4935466 49.3880313)
664	Lauterhofen	Dippersricht Ort	de:09373:17617:0:1	49.417192	11.458443	bus	MATCHED	n10056455698	14.1	1.0	Dippersricht Ort	6302	Ballertshofen / Traunfeld Ortsmitte		LINESTRING(11.458443 49.417192,11.458249400000001 49.4172038)
665	Lauterhofen	Dippersricht Ort	de:09373:17617:0:2	49.417152	11.458344	bus	NO_MATCH_BUT_OTHER_PLATFORM_MATCHED					6302	Traunfeld Ortsmitte		POINT(11.458344 49.417152)
666	Lauterhofen	Engelsberg	de:09373:17620:0:1	49.323758	11.62429	bus	MATCHED_AMBIGUOUSLY	n10042384228	12.6	1.0	Engelsberg	6303	Thürsnacht / Prönsdorf Ziegelhütte / Richthofen / Finsterhaid Ort		LINESTRING(11.62429 49.323758,11.6242023 49.323856000000006)
667	Lauterhofen	Engelsberg	de:09373:17620:0:1	49.323758	11.62429	bus	MATCHED_AMBIGUOUSLY	n10042384227	24.2	1.0	Engelsberg	6303	Thürsnacht / Prönsdorf Ziegelhütte / Richthofen / Finsterhaid Ort		LINESTRING(11.62429 49.323758,11.6243057 49.323541000000006)
668	Lauterhofen	Engelsberg	de:09373:17620:0:2	49.32353	11.624236	bus	NO_MATCH_BUT_OTHER_PLATFORM_MATCHED					6303	Thürsnacht		POINT(11.624236 49.32353)
669	Lauterhofen	Eratsmühle	de:09373:17621:0:1	49.410992	11.470651		NO_MATCH_AND_SEEMS_UNSERVED								POINT(11.470651 49.410992)
670	Lauterhofen	Eratsmühle	de:09373:17621:0:2	49.410933	11.470606		NO_MATCH_AND_SEEMS_UNSERVED								POINT(11.470606 49.410933)
671	Lauterhofen	Finsterhaid Ort	de:09373:17622:0:1	49.326832	11.611273	bus	MATCHED	n10056470005	5.7	1.0	Finsterhaid Ort	6303	Engelsberg / Hartenhof Ort / Hilzhofen		LINESTRING(11.611273 49.326832,11.6113485 49.3268465)
672	Lauterhofen	Finsterhaid Ort	de:09373:17622:0:2	49.326773	11.611444	bus	NO_MATCH_BUT_OTHER_PLATFORM_MATCHED					6303	Engelsberg		POINT(11.611444 49.326773)
673	Lauterhofen	Fischermühle	de:09373:17634:0:1	49.376841	11.619079		NO_MATCH_AND_SEEMS_UNSERVED								POINT(11.619079 49.376841)
674	Lauterhofen	Fischermühle	de:09373:17634:0:2	49.376753	11.619214		NO_MATCH_AND_SEEMS_UNSERVED								POINT(11.619214 49.376753)
675	Lauterhofen	Freiberg b. Lauterhofen	de:09373:17609:0:1	49.381678	11.500529		NO_MATCH_AND_SEEMS_UNSERVED								POINT(11.500529 49.381678)
676	Lauterhofen	Freiberg b. Lauterhofen	de:09373:17609:0:2	49.381689	11.500421		NO_MATCH_AND_SEEMS_UNSERVED								POINT(11.500421 49.381689)
677	Lauterhofen	Gebertshofen Ortsmitte	de:09373:17624:0:1	49.39529	11.552442	bus	MATCHED	n9860660405	12.7	1.0	Gebertshofen Ortsmitte	6302	Abzw Ramertshofen / Landnerhof / Reitelshofen		LINESTRING(11.552442 49.39529,11.552299300000001 49.3952237)
678	Lauterhofen	Gebertshofen Ortsmitte	de:09373:17624:0:2	49.395232	11.552263	bus	NO_MATCH_BUT_OTHER_PLATFORM_MATCHED					6302	Landnerhof / Abzw Ramertshofen		POINT(11.552263 49.395232)
679	Lauterhofen	Graben b. Lauterhofen	de:09373:17615:0:1	49.347981	11.584836		NO_MATCH_AND_SEEMS_UNSERVED								POINT(11.584836 49.347981)
680	Lauterhofen	Graben b. Lauterhofen	de:09373:17615:0:2	49.348045	11.584773		NO_MATCH_AND_SEEMS_UNSERVED								POINT(11.584773 49.348045)
681	Lauterhofen	Grafenbuch	de:09373:17629:0:1	49.406403	11.516294		NO_MATCH_AND_SEEMS_UNSERVED								POINT(11.516294 49.406403)
682	Lauterhofen	Grafenbuch	de:09373:17629:0:2	49.406444	11.516294		NO_MATCH_AND_SEEMS_UNSERVED								POINT(11.516294 49.406444)
683	Lauterhofen	Hadermühle	de:09373:17627:0:1	49.375496	11.6242	bus	NO_MATCH_BUT_OTHER_PLATFORM_MATCHED					523	Hansmühle / Schlögelsmühle		POINT(11.6242 49.375496)
684	Lauterhofen	Hadermühle	de:09373:17627:0:2	49.375431	11.624083		MATCHED	n10044257307	4.4	1.0	Hadermühle				LINESTRING(11.624083 49.375431,11.6241435 49.375430200000004)
685	Lauterhofen	Hansmühle	de:09373:17628:0:1	49.376782	11.622394	bus	MATCHED	n9868408300	3.3	1.0	Hansmühle	523	Hadermühle / Lauterhofen Alter Bahnhof		LINESTRING(11.622394 49.376782,11.622437900000001 49.376772900000006)
686	Lauterhofen	Hansmühle	de:09373:17628:0:2	49.376695	11.622394		NO_MATCH_AND_SEEMS_UNSERVED								POINT(11.622394 49.376695)
687	Lauterhofen	Hartenhof Ort	de:09373:17604:0:1	49.337001	11.582222	bus	NO_MATCH					6303	Trautmannshofen Seeplatz		POINT(11.582222 49.337001)
688	Lauterhofen	Hartenhof Ort	de:09373:17604:0:2	49.337001	11.582311	bus	NO_MATCH					6303	Stieglitzenhöhe B299 / Stieglitzenhöhe B299		POINT(11.582311 49.337001)
689	Lauterhofen	Hillohe bei Lauterhofen	de:09373:17632:0:1	49.349947	11.601957	bus	MATCHED	n9807102175	25.3	1.0	Hillohe bei Lauterhofen	6303	Nattershofen / Mantlach (b. Lauterhofen)		LINESTRING(11.601957 49.349947,11.602261200000001 49.350058600000004)
690	Lauterhofen	Hillohe bei Lauterhofen	de:09373:17632:0:2	49.350035	11.60229	bus	NO_MATCH_BUT_OTHER_PLATFORM_MATCHED					6303	Lauterhofen Kiga Sportzentrum / Mantlach (b. Lauterhofen) / Lauterhofen Alter Bahnhof		POINT(11.60229 49.350035)
691	Lauterhofen	Holzheim (b. Lauterhofen)	de:09373:17631:0:1	49.333933	11.637297	bus	MATCHED	n9807089070	19.8	1.0	Holzheim	6303	Nattershofen / Thürsnacht		LINESTRING(11.637297 49.333933,11.637429000000001 49.334088400000006)
692	Lauterhofen	Holzheim (b. Lauterhofen)	de:09373:17631:0:2	49.334033	11.637234	bus	NO_MATCH_BUT_OTHER_PLATFORM_MATCHED					6303	Mantlach (b. Lauterhofen) / Nattershofen		POINT(11.637234 49.334033)
693	Lauterhofen	Inzenhof b. Lauterhofen	de:09373:17940:0:1	49.383257	11.59655		NO_MATCH_AND_SEEMS_UNSERVED								POINT(11.59655 49.383257)
694	Lauterhofen	Inzenhof b. Lauterhofen	de:09373:17940:0:2	49.383216	11.596604		NO_MATCH_AND_SEEMS_UNSERVED								POINT(11.596604 49.383216)
695	Lauterhofen	Karlshof	de:09373:17605:0:1	49.370606	11.593971	bus	MATCHED	n9868428826	3.5	1.0	Lauterhofen Karlshof	523	Brunn (b. Lauterhofen) / Abzw. Eidelberg		LINESTRING(11.593971 49.370606,11.593941200000002 49.3706302)
696	Lauterhofen	Karlshof	de:09373:17605:0:2	49.370723	11.594178		MATCHED	n9868428827	4.4	1.0	Lauterhofen Karlshof				LINESTRING(11.594178 49.370723,11.594232600000002 49.370705300000004)
697	Lauterhofen	Kiga Sportzentrum	de:09373:17601:0:1	49.372127	11.601419	bus	NO_MATCH					6302	Lauterhofen Schule		POINT(11.601419 49.372127)
698	Lauterhofen	Kiga Sportzentrum	de:09373:17601:0:2	49.372191	11.60141	bus	NO_MATCH					6303	Lauterhofen Schule		POINT(11.60141 49.372191)
699	Lauterhofen	Kindergarten	de:09373:17606:0:1	49.368997	11.606494		MATCHED	n10044731020	6.4	1.0	Lauterhofen, Kindergarten				LINESTRING(11.606494 49.368997,11.6065813 49.368991300000005)
700	Lauterhofen	Kindergarten	de:09373:17606:0:2	49.368845	11.606171		MATCHED	n10044731021	4.1	1.0	Lauterhofen, Kindergarten				LINESTRING(11.606171 49.368845,11.6062165 49.3688669)
701	Lauterhofen	Landnerhof	de:09373:17633:0:1	49.398073	11.551849	bus	MATCHED	n9860704428	1.4	1.0	Landnerhof Lagerhaus	6302	Gebertshofen Ortsmitte / Abzw. Ruppertslohe / Muttenshofen		LINESTRING(11.551849 49.398073,11.5518677 49.3980711)
702	Lauterhofen	Landnerhof	de:09373:17633:0:2	49.397892	11.551805	bus	NO_MATCH_BUT_OTHER_PLATFORM_MATCHED					6302	Muttenshofen		POINT(11.551805 49.397892)
703	Lauterhofen	Mantlach (b. Lauterhofen)	de:09373:17635:0:1	49.354546	11.622691	bus	MATCHED	n9807115395	10.4	1.0	Mantlach (bei Lauterhofen)	6303	Nattershofen		LINESTRING(11.622691 49.354546,11.622828400000001 49.3545183)
704	Lauterhofen	Mantlach (b. Lauterhofen)	de:09373:17635:0:2	49.354511	11.622592	bus	NO_MATCH_BUT_OTHER_PLATFORM_MATCHED					6303	Lauterhofen Alter Bahnhof		POINT(11.622592 49.354511)
705	Lauterhofen	Marbertshofen	de:09373:17649:0:1	49.39349	11.577963	bus	MATCHED	n9868428182	0.6	1.0	Marbertshofen	523	Niesaß (b. Lauterhofen) / Schweibach		LINESTRING(11.577963 49.39349,11.5779692 49.393494200000006)
706	Lauterhofen	Marbertshofen	de:09373:17649:0:2	49.393425	11.577883		NO_MATCH_AND_SEEMS_UNSERVED								POINT(11.577883 49.393425)
707	Lauterhofen	Mittersberg	de:09373:17637:0:1	49.359964	11.56713	bus	MATCHED	n9822785501	3.3	1.0	Mittersberg	6303	Litzlohe Obere Dorfstr. / Lauterhofen Alter Bahnhof / Stieglitzenhöhe B299		LINESTRING(11.56713 49.359964,11.567172600000001 49.3599739)
708	Lauterhofen	Mittersberg	de:09373:17637:0:2	49.360233	11.567184	bus	NO_MATCH_BUT_OTHER_PLATFORM_MATCHED					6303	Trautmannshofen Seeplatz		POINT(11.567184 49.360233)
709	Lauterhofen	Muttenshofen	de:09373:17638:0:1	49.404813	11.558192	bus	MATCHED	n9868431565	6.1	1.0	Muttenshofen	6302	Reitelshofen / Landnerhof		LINESTRING(11.558192 49.404813,11.5582531 49.4047757)
710	Lauterhofen	Muttenshofen	de:09373:17638:0:2	49.404591	11.558308	bus	NO_MATCH_BUT_OTHER_PLATFORM_MATCHED					6302	Reitelshofen		POINT(11.558308 49.404591)
711	Lauterhofen	Nattershofen	de:09373:17639:0:1	49.338411	11.61024	bus	MATCHED	n9807093202	2.8	1.0	Nattershofen	6303	Finsterhaid Ort / Hillohe bei Lauterhofen / Mantlach (b. Lauterhofen) / Holzheim (b.Lauterhofen)		LINESTRING(11.61024 49.338411,11.610266900000001 49.338429000000005)
712	Lauterhofen	Nattershofen	de:09373:17639:0:2	49.338341	11.610447	bus	NO_MATCH_BUT_OTHER_PLATFORM_MATCHED					6303	Hillohe bei Lauterhofen		POINT(11.610447 49.338341)
713	Lauterhofen	Niesaß (b. Lauterhofen)	de:09373:17640:0:1	49.386338	11.607599	bus	MATCHED	n9868428183	8.2	1.0	Niesaß (b. Lauterhofen)	523	Marbertshofen / Brunn (b. Lauterhofen)		LINESTRING(11.607599 49.386338,11.607682 49.3863878)
714	Lauterhofen	Niesaß (b. Lauterhofen)	de:09373:17640:0:2	49.386432	11.607626		NO_MATCH_AND_SEEMS_UNSERVED								POINT(11.607626 49.386432)
715	Lauterhofen	Pettenhofen Kreisstr. 	de:09373:17644:0:1	49.376215	11.549541	bus	MATCHED	n9823265280	130.4	1.0	Pettenhofen Kreisstr.	6302	Wilfertshofen / Lauterhofen Alter Bahnhof / Abzw. Ballertshofen / Lauterhofen Kiga Sportzentrum		LINESTRING(11.549541 49.376215,11.548847 49.3772965)
716	Lauterhofen	Pettenhofen Kreisstr. 	de:09373:17644:0:2	49.37742	11.548975	bus	MATCHED	n9823265281	6.0	1.0	Pettenhofen Kreisstr.	6302	Wilfertshofen / Ballertshofen		LINESTRING(11.548975 49.37742,11.5490502 49.377442300000006)
717	Lauterhofen	Ramertshofen	de:09373:17653:0:1	49.392145	11.546927		MATCHED	n10209526317	2.2	1.0	Ramertshofen				LINESTRING(11.546927 49.392145,11.5469554 49.392151500000004)
718	Lauterhofen	Ramertshofen	de:09373:17653:0:2	49.392092	11.546873		NO_MATCH_AND_SEEMS_UNSERVED								POINT(11.546873 49.392092)
719	Lauterhofen	Reitelsh. Meisterei Lauterh. 	de:09373:17626:0:1	49.404889	11.544609	bus	MATCHED	n10041234580	133.8	1.0	Reitelshofen Meisterei Lauterh.	6302	Dippersricht Ort / Gebertshofen Ortsmitte / Dippersricht Ort		LINESTRING(11.544609 49.404889,11.5446018 49.4060919)
720	Lauterhofen	Reitelsh. Meisterei Lauterh. 	de:09373:17626:0:2	49.404889	11.544609		NO_MATCH_AND_SEEMS_UNSERVED								POINT(11.544609 49.404889)
721	Lauterhofen	Reitelshofen	de:09373:17623:0:1	49.400242	11.549514	bus	MATCHED	n10019973438	1.9	1.0	Reitelshofen	6302	Lauterhofen Alter Bahnhof / Muttenshofen / Gebertshofen Ortsmitte / Reitelsh. Meisterei Lauterh.		LINESTRING(11.549514 49.400242,11.5494901 49.4002343)
722	Lauterhofen	Reitelshofen	de:09373:17623:0:2	49.400295	11.549415	bus	MATCHED	n10019973437	0.2	1.0	Reitelshofen	6302	Reitelsh. Meisterei Lauterh. / Gebertshofen Ortsmitte / Dippersricht Ort		LINESTRING(11.549415 49.400295,11.549417700000001 49.4002945)
723	Lauterhofen	Ruppertslohe	de:09373:17647:0:1	49.382052	11.576356		NO_MATCH_AND_SEEMS_UNSERVED								POINT(11.576356 49.382052)
724	Lauterhofen	Ruppertslohe	de:09373:17647:0:2	49.382046	11.576257		NO_MATCH_AND_SEEMS_UNSERVED								POINT(11.576257 49.382046)
725	Lauterhofen	Schlögelsmühle	de:09373:17648:0:1	49.373057	11.632294	bus	MATCHED	n10017666894	4.1	1.0	Schlögelsmühle	523	Hadermühle / Lauterhofen Karlshof / Niesaß (b. Lauterhofen)		LINESTRING(11.632294 49.373057,11.632242900000001 49.3730423)
726	Lauterhofen	Schlögelsmühle	de:09373:17648:0:2	49.373004	11.632285		NO_MATCH_AND_SEEMS_UNSERVED								POINT(11.632285 49.373004)
727	Lauterhofen	Schule	de:09373:17607:0:1	49.372138	11.602937	bus	NO_MATCH_BUT_OTHER_PLATFORM_MATCHED					6302,6303	Stieglitzenhöhe Kreisstr. / Hillohe bei Lauterhofen		POINT(11.602937 49.372138)
728	Lauterhofen	Schule	de:09373:17607:0:2	49.372197	11.602937	bus	MATCHED	n9860693637	35.4	1.0	Lauterhofen Schule	6302,6303	Pettenhofen Kreisstr. / Landnerhof		LINESTRING(11.602937 49.372197,11.6024791 49.372087300000004)
729	Lauterhofen	Schweibach	de:09373:17650:0:1	49.388519	11.578449	bus	MATCHED	n9860705097	3.1	1.0	Schweibach	523	Marbertshofen / Abzw. Ruppertslohe		LINESTRING(11.578449 49.388519,11.5784202 49.3884988)
730	Lauterhofen	Schweibach	de:09373:17650:0:2	49.388631	11.578287		NO_MATCH_AND_SEEMS_UNSERVED								POINT(11.578287 49.388631)
731	Lauterhofen	Stieglitzenhöhe B299	de:09373:17641:0:1	49.34489	11.581476	bus	MATCHED	n1638794104	2.4	1.0	Stieglitzenhöhe, B299	6303	Abzw. Hartenhof / Hillohe bei Lauterhofen	Hartenhof, Abzw.	LINESTRING(11.581476 49.34489,11.5814885 49.3448701)
732	Lauterhofen	Stieglitzenhöhe B299	de:09373:17641:0:2	49.344867	11.581781	bus	MATCHED	n1638794099	4.5	1.0	Stieglitzenhöhe, B299	6303	Engelsberg / Abzw. Lauterhofen / Finsterhaid Ort	Lauterhofen, Abzw.	LINESTRING(11.581781 49.344867,11.581789500000001 49.3448271)
733	Lauterhofen	Stieglitzenhöhe Kreisstr. 	de:09373:17658:0:1	49.345318	11.579697	bus	MATCHED	n10048892694	14.2	1.0	Stieglitzenhöhe Kreisstraße	6303	Hartenhof Ort / Mittersberg		LINESTRING(11.579697 49.345318,11.579559000000001 49.345408000000006)
734	Lauterhofen	Stieglitzenhöhe Kreisstr. 	de:09373:17658:0:2	49.345405	11.579751	bus	NO_MATCH_BUT_OTHER_PLATFORM_MATCHED					6303	Mittersberg		POINT(11.579751 49.345405)
735	Lauterhofen	Süd	de:09373:17602:0:1	49.35784	11.602128		MATCHED	n9807229500	19.0	1.0	Lauterhofen Süd				LINESTRING(11.602128 49.35784,11.6018675 49.3578489)
736	Lauterhofen	Thürsnacht	de:09373:17651:0:1	49.330169	11.65309	bus	MATCHED	n9807252782	0.1	1.0	Thürsnacht	6303	Engelsberg / Richthofen / Holzheim (b.Lauterhofen)		LINESTRING(11.65309 49.330169,11.6530907 49.330168)
737	Lauterhofen	Thürsnacht	de:09373:17651:0:2	49.330151	11.653251	bus	NO_MATCH_BUT_OTHER_PLATFORM_MATCHED					6303	Holzheim (b.Lauterhofen)		POINT(11.653251 49.330151)
738	Lauterhofen	Traunfeld Altdorfer Str. 	de:09373:17656:0:1	49.415106	11.471028	bus	MATCHED	n13417917229	11.8	0.43	Traunfeld Altdorfer Straße	550	Abzw. Dippersricht / Traunfeld Hauptstr.	Traunfeld Hauptstraße / Abzweig Dippersricht	LINESTRING(11.471028 49.415106,11.4709818 49.4150043)
739	Lauterhofen	Traunfeld Altdorfer Str. 	de:09373:17656:0:2	49.415112	11.470992		MATCHED	n436536877	0.9	0.71	Traunfeld Altdorfer Straße			Abzweig Dippersricht / Wappeltshofen	LINESTRING(11.470992 49.415112,11.4709807 49.4151096)
740	Lauterhofen	Traunfeld Hauptstr. 	de:09373:17655:0:1	49.415001	11.476391	bus	NO_MATCH_BUT_OTHER_PLATFORM_MATCHED					550	Traunfeld Altdorfer Str.		POINT(11.476391 49.415001)
741	Lauterhofen	Traunfeld Hauptstr. 	de:09373:17655:0:2	49.414878	11.476382		MATCHED	n436536874	3.2	1.0	Traunfeld Hauptstraße			Traunfeld Altdorfer Straße	LINESTRING(11.476382 49.414878,11.4763465 49.414895)
742	Lauterhofen	Traunfeld Ortsmitte	de:09373:17652:0:1	49.413563	11.476148	bus	NO_MATCH_BUT_OTHER_PLATFORM_MATCHED					6302	Dippersricht Ort / Abzw. Mettenhofen / Deinschwang Ortsmitte		POINT(11.476148 49.413563)
743	Lauterhofen	Traunfeld Ortsmitte	de:09373:17652:0:2	49.413511	11.47613	bus	MATCHED	n9823187169	6.1	1.0	Traunfeld Ortsmitte	6302	Deinschwang Ortsmitte / Wünricht / Reicheltshofen		LINESTRING(11.47613 49.413511,11.4761632 49.4135616)
744	Lauterhofen	Trautmannshofen Seeplatz	de:09373:17642:0:1	49.344399	11.565055	bus	NO_MATCH_BUT_OTHER_PLATFORM_MATCHED					6303	Mittersberg / Litzlohe Obere Dorfstr. / Abzw. Buschhof (b. Lauterh.) / Laaber (b.Pilsach) Hauptstr.		POINT(11.565055 49.344399)
745	Lauterhofen	Trautmannshofen Seeplatz	de:09373:17642:0:2	49.34437	11.564821	bus	MATCHED	n10017717807	0.7	1.0	Trautmannshofen Seeplatz	6303	Stieglitzenhöhe Kreisstr. / Hartenhof Ort		LINESTRING(11.564821 49.34437,11.564823500000001 49.3443765)
746	Lauterhofen	Trautmannshofen Seeplatz	de:09373:17642:0:3	49.344071	11.566034		MATCHED	n10017717806	1.5	1.0	Haltestelle Pfarrheim				LINESTRING(11.566034 49.344071,11.5660152 49.3440755)
747	Lauterhofen	Trautmannshofen Zehentgasse	de:09373:17643	49.343697	11.566061		NO_MATCH_AND_SEEMS_UNSERVED								POINT(11.566061 49.343697)
748	Lauterhofen	Wilfertshofen	de:09373:17654:0:1	49.383906	11.552541	bus	MATCHED	n10020053862	9.2	1.0	Wilfertshofen	6302	Pettenhofen Kreisstr. / Abzw Ramertshofen		LINESTRING(11.552541 49.383906,11.5524848 49.3838317)
749	Lauterhofen	Wilfertshofen	de:09373:17654:0:2	49.384023	11.552595	bus	MATCHED	n10020053863	13.0	1.0	Wilfertshofen	6302	Abzw Ramertshofen / Pettenhofen Kreisstr.		LINESTRING(11.552595 49.384023,11.552601500000002 49.3841398)
750	Lupburg	Abzw Neuhaid (b. Lupburg)	de:09373:17676:0:1	49.144672	11.752686	bus	MATCHED	n283554720	4.5	0.77	Abzweig Neuhaid	545	Abzw. Seibertshofen / Lupburg Ziegelhüttestr.	Abzw. Seibertshofen	LINESTRING(11.752686 49.144672,11.7527475 49.1446678)
751	Lupburg	Abzw Neuhaid (b. Lupburg)	de:09373:17676:0:2	49.144584	11.752821		NO_MATCH_AND_SEEMS_UNSERVED								POINT(11.752821 49.144584)
752	Lupburg	Abzw. Bux	de:09373:17666:0:1	49.122854	11.746272	bus	NO_MATCH_BUT_OTHER_PLATFORM_MATCHED					545	Willenhofen Kellerhofweg		POINT(11.746272 49.122854)
753	Lupburg	Abzw. Bux	de:09373:17666:0:2	49.122807	11.746398	bus	MATCHED	n5894428774	22.7	0.36	Abzw. Bux	545	See (b.Lupb) Niederhofener Weg	Willenhofen, Kellerhofweg / Lupburg, Ziegelhüttenstraße	LINESTRING(11.746398 49.122807,11.7466217 49.122948400000006)
754	Lupburg	Abzw. Degerndorf	de:09373:17668	49.171761	11.742912		NO_MATCH_AND_SEEMS_UNSERVED								POINT(11.742912 49.171761)
755	Lupburg	Abzw. Dettenhofen (b. Lupburg)	de:09373:17669:0:1	49.139912	11.74947	bus	MATCHED	n10026445746	1.2	1.0	Abzweig Dettenhofen	545	Dettenhofen Ort / See (b. Lupburg) Ortsmitte	See (bei Lupburg) Ortsmitte	LINESTRING(11.74947 49.139912,11.7494568 49.1399179)
756	Lupburg	Abzw. Dettenhofen (b. Lupburg)	de:09373:17669:0:2	49.1401	11.749497	bus	MATCHED	n10026445747	1.2	1.0	Abzweig Dettenhofen	545	Lohhof 2 (b. Parsberg) / See (b.Lupburg) Kindergarten / Haid (bei Lupburg)	Lohhof 2	LINESTRING(11.749497 49.1401,11.7495078 49.140091600000005)
757	Lupburg	Abzw. Gottesberg (b. Lupburg)	de:09373:17671:0:1	49.164712	11.77173	bus	MATCHED	n9883403369	8.9	1.0	Abzweig Gottesberg	544	Eggenthal (b. Lupburg)		LINESTRING(11.77173 49.164712,11.771645300000001 49.1646544)
758	Lupburg	Abzw. Gottesberg (b. Lupburg)	de:09373:17671:0:2	49.164648	11.771658	bus	NO_MATCH_BUT_OTHER_PLATFORM_MATCHED					544	Pöfersdorf		POINT(11.771658 49.164648)
759	Lupburg	Abzw. Höhendorf	de:09373:17672:0:1	49.184997	11.771308	bus	MATCHED	n10026753772	2.6	1.0	Abzweig Höhendorf	544	Pöfersdorf		LINESTRING(11.771308 49.184997,11.771343600000002 49.184998500000006)
760	Lupburg	Abzw. Höhendorf	de:09373:17672:0:2	49.184897	11.771398	bus	MATCHED	n10026753771	5.4	1.0	Abzweig Höhendorf	544	Rackendorf		LINESTRING(11.771398 49.184897,11.7714543 49.184928000000006)
761	Lupburg	Abzw. Seibertshofen	de:09373:17688:0:1	49.145354	11.76846	bus	NO_MATCH_BUT_OTHER_PLATFORM_MATCHED					545	See (b. Lupburg) Ortsmitte / See (b.Lupburg) Kindergarten		POINT(11.76846 49.145354)
762	Lupburg	Abzw. Seibertshofen	de:09373:17688:0:2	49.145442	11.768748	bus	MATCHED	n9883551091	27.3	1.0	Abzw. Seibertshofen	545	Lupburg Seibertshofner Str. / Haid (bei Lupburg) / Lupburg Hohenfelser Str.		LINESTRING(11.768748 49.145442,11.7683909 49.145368000000005)
763	Lupburg	Degerndorf Am Zieglerberg	de:09373:17678:0:1	49.172483	11.751545	bus	MATCHED	n5894537168	1.9	1.0	Degerndorf, Am Zieglerberg	544	Degerndorf Brücke / Degerndorf Brücke	Raitenbuch (b. Hohenfels)	LINESTRING(11.751545 49.172483,11.751543600000002 49.1724997)
764	Lupburg	Degerndorf Am Zieglerberg	de:09373:17678:0:2	49.172313	11.751536	bus	MATCHED	n5894537167	13.8	0.47	Degerndorf, Am Zieglerberg	544	Eggenthal (b. Lupburg)		LINESTRING(11.751536 49.172313,11.751377300000001 49.1723804)
765	Lupburg	Degerndorf Brücke	de:09373:17667:0:1	49.170539	11.745921	bus	MATCHED	n9889355156	3.4	1.0	Degerndorf Brücke	544	Lupburg Ziegelhüttestr. / Lupburg Parsberger Str.		LINESTRING(11.745921 49.170539,11.7459606 49.170523300000006)
766	Lupburg	Degerndorf Brücke	de:09373:17667:0:2	49.17051	11.74611	bus	NO_MATCH_BUT_OTHER_PLATFORM_MATCHED					544	Degerndorf Am Zieglerberg / Rudolfshöhe		POINT(11.74611 49.17051)
767	Lupburg	Dettenhofen Ort	de:09373:17670:0:1	49.137491	11.746263	bus	MATCHED	n5249228239	37.3	1.0	Dettenhofen, Ort	545	Abzw. Dettenhofen (b. Lupburg) / See (b. Lupburg) Ortsmitte		LINESTRING(11.746263 49.137491,11.7466203 49.137251500000005)
768	Lupburg	Dettenhofen Ort	de:09373:17670:0:2	49.137397	11.746407		NO_MATCH_AND_SEEMS_UNSERVED								POINT(11.746407 49.137397)
769	Lupburg	Eggenthal (b. Lupburg)	de:09373:17794:0:1	49.16322	11.765945	bus	MATCHED	n9883579022	42.2	1.0	Eggenthal (b. Lupburg)	544	Abzw. Gottesberg (b.Lupburg) / Degerndorf Am Zieglerberg		LINESTRING(11.765945 49.16322,11.7664875 49.163088200000004)
770	Lupburg	Friedhofstr.	de:09373:17663:0:1	49.15432	11.755677	bus	MATCHED	n10044160393	5.1	1.0	Friedhofstraße	544	Haid (bei Lupburg) / Lupburg Hohenfelser Str.		LINESTRING(11.755677 49.15432,11.7556876 49.1542751)
771	Lupburg	Friedhofstr.	de:09373:17663:0:2	49.154267	11.755803	bus	NO_MATCH_BUT_OTHER_PLATFORM_MATCHED					543	Lupburg Parsberger Str.		POINT(11.755803 49.154267)
772	Lupburg	Haid (bei Lupburg)	de:09373:17674:0:1	49.150401	11.752919	bus	MATCHED	n9883601602	6.3	1.0	Haid	545	Abzw Neuhaid (b. Lupburg) / Abzw. Dettenhofen (b. Lupburg)		LINESTRING(11.752919 49.150401,11.752918900000001 49.150457900000006)
773	Lupburg	Haid (bei Lupburg)	de:09373:17674:0:2	49.15039	11.753063	bus	NO_MATCH_BUT_OTHER_PLATFORM_MATCHED					543	Lupburg Friedhofstr.		POINT(11.753063 49.15039)
774	Lupburg	Hohenfelser Str.	de:09373:17662:0:1	49.155102	11.757168	bus	MATCHED	n10044481512	1.2	1.0	Hohenfelser Straße	545	Degerndorf Brücke / Meierhof / Abzw. Seibertshofen / Lupburg Seibertshofner Str.		LINESTRING(11.757168 49.155102,11.7571829 49.155106800000006)
775	Lupburg	Hohenfelser Str.	de:09373:17662:0:2	49.155196	11.757061	bus	MATCHED	n10044481511	2.5	1.0	Hohenfelser Straße	545	Lupburg Parsberger Str. / Parsberg Schulzentrum		LINESTRING(11.757061 49.155196,11.757035700000001 49.1551811)
776	Lupburg	Meierhof	de:09373:17675:0:1	49.155742	11.770257	bus	NO_MATCH_BUT_OTHER_PLATFORM_MATCHED					544	Wieselbruck		POINT(11.770257 49.155742)
777	Lupburg	Meierhof	de:09373:17675:0:2	49.15583	11.770302	bus	MATCHED	n9883616661	12.0	1.0	Meierhof, Lupburg	544	Lupburg Hohenfelser Str. / Lupburg Ziegelhüttestr.		LINESTRING(11.770302 49.15583,11.770144400000001 49.1557979)
778	Lupburg	Niederhofen b. Lupbg Ortsmitte	de:09373:17677:0:1	49.132895	11.758767	bus	MATCHED	n9847002000	0.7	1.0	Niederhofen b. Lupbg Ortsmitte	538	Abzw. Mausheim	Abzweig Mausheim	LINESTRING(11.758767 49.132895,11.758776200000002 49.1328961)
779	Lupburg	Niederhofen b. Lupbg Ortsmitte	de:09373:17677:0:2	49.132748	11.758938	bus	MATCHED	n9847001999	1.8	1.0	Niederhofen b. Lupbg Ortsmitte	538	See (b. Lupburg) Ortsmitte	See (bei Lupburg) Ortsmitte	LINESTRING(11.758938 49.132748,11.7589562 49.132758700000004)
780	Lupburg	Parsberger Str.	de:09373:17661:0:1	49.156958	11.749497	bus	MATCHED	n10019942429	8.2	1.0	Lupburg Parsberger Str.	545	Lupburg Hohenfelser Str. / Lupburg Hohenfelser Str. / Lupburg Friedhofstr.		LINESTRING(11.749497 49.156958,11.749405900000001 49.157000800000006)
781	Lupburg	Parsberger Str.	de:09373:17661:0:2	49.157217	11.748904	bus	MATCHED	n10019942428	5.7	1.0	Lupburg Parsberger Str.	545	Parsberg / Parsberg Krankenhaus / Degerndorf Brücke		LINESTRING(11.748904 49.157217,11.7488278 49.1572297)
782	Lupburg	Prünthal Ortsmitte	de:09373:17680:0:1	49.162651	11.781926	bus	MATCHED	n9883342631	17.9	1.0	Prünthal Ortsmitte	544	Granswang Ortsmitte		LINESTRING(11.781926 49.162651,11.781777400000001 49.1627786)
783	Lupburg	Prünthal Ortsmitte	de:09373:17680:0:2	49.162745	11.781755	bus	NO_MATCH_BUT_OTHER_PLATFORM_MATCHED					544	Rammersdorf (b. Parsberg)		POINT(11.781755 49.162745)
784	Lupburg	Pöfersdorf	de:09373:17679:0:1	49.176588	11.775153	bus	MATCHED	n9883609514	17.3	1.0	Pöfersdorf	544	Abzw. Gottesberg (b.Lupburg)		LINESTRING(11.775153 49.176588,11.7753884 49.176566900000005)
785	Lupburg	Pöfersdorf	de:09373:17679:0:2	49.176588	11.77535	bus	NO_MATCH_BUT_OTHER_PLATFORM_MATCHED					544	Abzw. Höhendorf		POINT(11.77535 49.176588)
786	Lupburg	Pöllenhaid	de:09373:17681:0:1	49.19489	11.764112	bus	NO_MATCH_BUT_OTHER_PLATFORM_MATCHED					548	Haid (b. Parsberg) Ort		POINT(11.764112 49.19489)
787	Lupburg	Pöllenhaid	de:09373:17681:0:2	49.194978	11.764032	bus	MATCHED	n9847068601	13.4	1.0	Pöllenhaid	548	Abzw. Haid (b. Parsberg)		LINESTRING(11.764032 49.194978,11.7640814 49.194862400000005)
788	Lupburg	Rackendorf	de:09373:17682:0:1	49.187075	11.783121	bus	MATCHED	n10019963142	4.3	1.0	Rackendorf	544	Abzw. Höhendorf		LINESTRING(11.783121 49.187075,11.783062200000002 49.1870733)
789	Lupburg	Rackendorf	de:09373:17682:0:2	49.18697	11.783148	bus	MATCHED	n10019963141	4.3	1.0	Rackendorf	544	Hitzendorf		LINESTRING(11.783148 49.18697,11.783140000000001 49.186931300000005)
790	Lupburg	Rackendorf Abzw. Vogelherd	de:09373:17683	49.192436	11.782124		MATCHED_THOUGH_NAMES_DIFFER	n286697918	37.2	0.05	Schulbus				LINESTRING(11.782124 49.192436,11.781859200000001 49.192722)
791	Lupburg	Rammersdorf (b. Parsberg)	de:09373:17791:0:1	49.159044	11.774713	bus	MATCHED	n9883643323	4.4	1.0	Rammersdorf	544	Prünthal Ortsmitte		LINESTRING(11.774713 49.159044,11.774724200000001 49.1590829)
792	Lupburg	Rammersdorf (b. Parsberg)	de:09373:17791:0:2	49.159085	11.774874	bus	MATCHED	n9883643322	0.6	1.0	Rammersdorf	544	Wieselbruck		LINESTRING(11.774874 49.159085,11.7748741 49.159090400000004)
793	Lupburg	See (b. Lupb) Niederhofener Weg	de:09373:17684:0:1	49.134852	11.75521	bus	NO_MATCH_BUT_OTHER_PLATFORM_MATCHED					545	Abzw. Bux		POINT(11.75521 49.134852)
794	Lupburg	See (b. Lupb) Niederhofener Weg	de:09373:17684:0:2	49.134752	11.755264	bus	MATCHED	n5216896504	5.5	1.0	See, Niederhofener Weg	545	Dettenhofen Ort / See (b. Lupburg) Ortsmitte / Parsberg Schulzentrum		LINESTRING(11.755264 49.134752,11.7553389 49.1347481)
795	Lupburg	See (b. Lupburg) Kindergarten	de:09373:17686:0:1	49.137015	11.756998		NO_MATCH_AND_SEEMS_UNSERVED								POINT(11.756998 49.137015)
796	Lupburg	See (b. Lupburg) Kindergarten	de:09373:17686:0:2	49.137032	11.756944	bus	MATCHED	n9838929210	9.8	1.0	See (b. Lupburg) Kindergarten	543	See (b. Lupburg) Ortsmitte		LINESTRING(11.756944 49.137032,11.756964400000001 49.1369446)
797	Lupburg	See (b. Lupburg) Ortsmitte	de:09373:17685:0:1	49.136674	11.755066	bus	MATCHED	n9847049324	1.5	1.0	See (bei Lupburg) Ortsmitte	545	Niederhofen b.Lupbg Ortsmitte / See (b.Lupb) Niederhofener Weg	Niederhofen b. Lupbg Ortsmitte	LINESTRING(11.755066 49.136674,11.755053700000001 49.136684800000005)
798	Lupburg	See (b. Lupburg) Ortsmitte	de:09373:17685:0:2	49.137032	11.75468	bus	MATCHED	n9847049325	3.4	1.0	See (bei Lupburg) Ortsmitte	545	Abzw. Dettenhofen (b. Lupburg) / Abzw. Seibertshofen	Abzweig Dettenhofen	LINESTRING(11.75468 49.137032,11.754724300000001 49.137040400000004)
799	Lupburg	Seibertshofner Str.	de:09373:17665:0:1	49.152552	11.758938	bus	MATCHED	n278710946	1.9	1.0	Seibertshofener Straße	543	Abzw. Seibertshofen		LINESTRING(11.758938 49.152552,11.7589587 49.1525419)
800	Lupburg	Seibertshofner Str.	de:09373:17665:0:2	49.152746	11.759019	bus	MATCHED	n277878778	12.5	1.0	Seibertshofener Straße	544	Meierhof / Lupburg Hohenfelser Str.	Hitzendorf	LINESTRING(11.759019 49.152746,11.758994900000001 49.152857100000006)
801	Lupburg	Wieselbruck	de:09373:17689:0:1	49.157052	11.772889	bus	NO_MATCH_BUT_OTHER_PLATFORM_MATCHED					544	Rammersdorf (b. Parsberg)		POINT(11.772889 49.157052)
802	Lupburg	Wieselbruck	de:09373:17689:0:2	49.157023	11.772772	bus	MATCHED	n9883624131	10.0	1.0	Wieselbruck	544	Meierhof		LINESTRING(11.772772 49.157023,11.772908000000001 49.157034100000004)
803	Lupburg	Ziegelhüttestr.	de:09373:17664:0:1	49.157046	11.748248	bus	MATCHED	n5894410085	3.4	1.0	Lupburg, Ziegelhüttenstraße	545	Lohhof 1 (b. Parsberg) / Parsberg Schulzentrum	Seibertshofener Straße / Abzw. Bux	LINESTRING(11.748248 49.157046,11.748276 49.1570216)
804	Lupburg	Ziegelhüttestr.	de:09373:17664:0:2	49.156999	11.748401	bus	MATCHED_THOUGH_NAMES_DIFFER	n276895744	63.9	0.09	Parsberger Straße	544	Degerndorf Brücke / Parsberg Schulzentrum	Friedhofstraße / Hohenfelser Straße / H12 Parsberg Schulzentrum	LINESTRING(11.748401 49.156999,11.7492713 49.1570674)
805	Mühlhausen	/NM Am Ludwigskanal	de:09373:17694:0:1	49.189723	11.448992	bus	MATCHED	n5212559383	30.3	0.28	Mühlhausen, Am Ludwigskanal	515,517	Mühlhausen (Lkr. NM) Meisenweg / Sengenthal Max-Bögl-Str.	Sengenthal, Max-Bögl-Straße	LINESTRING(11.448992 49.189723,11.4492043 49.1894885)
806	Mühlhausen	/NM Am Ludwigskanal	de:09373:17694:0:2	49.190034	11.449415		MATCHED	n10981844061	117.4	0.07	Mühlhausen, Am Ludwigskanal			Mühlhausen, Meisenweg	LINESTRING(11.449415 49.190034,11.4488304 49.1890506)
807	Mühlhausen	Abzw. Kruppach (b. Mühlh. )	de:09373:17706:0:1	49.195259	11.392686		MATCHED	n5879566259	5.8	1.0	Abzw.Kruppach (b. Mühlhausen)			Kruppach (b. Mühlhausen), Dorfweiher	LINESTRING(11.392686 49.195259,11.3926841 49.1952069)
808	Mühlhausen	Abzw. Kruppach (b. Mühlh. )	de:09373:17706:0:2	49.195083	11.392677	bus	MATCHED_THOUGH_REVERSED_DIR	n5879566260	6.1	1.0	Abzw.Kruppach (b. Mühlhausen)	514	Rocksdorf / Wettenhofen	Abzw.Kruppach (b. Mühlhausen)	LINESTRING(11.392677 49.195083,11.3927163 49.1951315)
809	Mühlhausen	Abzw. Körnersdorf	de:09373:17703:0:1	49.173887	11.411021	bus	MATCHED	n5879626199	0.6	1.0	Abzw. Körnersdorf	514	Sulzbürg Badberg / Körnersdorf Ort	Sulzbürg, Badberg	LINESTRING(11.411021 49.173887,11.4110291 49.1738859)
810	Mühlhausen	Abzw. Körnersdorf	de:09373:17703:0:2	49.173869	11.411119	bus	MATCHED	n5879626198	1.8	1.0	Abzw. Körnersdorf	514	Sulzbürg Badberg	Abzw. Körnersdorf	LINESTRING(11.411119 49.173869,11.411121600000001 49.173885000000006)
811	Mühlhausen	Abzw. Wangen	de:09373:17722:0:1	49.192148	11.462737	bus	MATCHED	n10060989406	20.0	1.0	Abzw. Wangen	515,517	Greißelbach (b. Mühlh.) / Abzw. Wappersdorf (Mühlhaus.) / Wangen Ort	Wangen, Ort / Greißelbach (bei Mühlhausen)	LINESTRING(11.462737 49.192148,11.4628923 49.191999200000005)
812	Mühlhausen	Abzw. Wangen	de:09373:17722:0:2	49.192136	11.462871		MATCHED	n1264221933	5.8	1.0	Abzw. Wangen				LINESTRING(11.462871 49.192136,11.462946800000001 49.192121400000005)
813	Mühlhausen	Abzw. Wappersdorf (Mühlhaus. )	de:09373:17721:0:1	49.184245	11.463051	bus	MATCHED	n11018305807	4.9	0.68	Abzw. Wappersdorf (Mühlhausen)	515,517	Wangen Ort / Abzw. Wangen / Abzw. Weihersdorf	Abzw. Weihersdorf	LINESTRING(11.463051 49.184245,11.463066600000001 49.184287600000005)
814	Mühlhausen	Abzw. Wappersdorf (Mühlhaus. )	de:09373:17721:0:2	49.184245	11.463249		MATCHED	n1264222020	11.1	1.0	Abzw. Wappersdorf (Mühlhausen)			Abzw. Wangen	LINESTRING(11.463249 49.184245,11.4632476 49.1841455)
815	Mühlhausen	Abzw. Weihersdorf	de:09373:17723:0:1	49.174674	11.463716	bus	MATCHED	n11018641478	7.0	0.61	Abzw. Weihersdorf	515,517	Abzw. Wappersdorf (Mühlhaus.) / Mühlhausen (Lkr. NM) Meisenweg / Mühlhausen (Lkr. NM) Rathaus	Mühlhausen, Rathaus	LINESTRING(11.463716 49.174674,11.4637238 49.174610900000005)
816	Mühlhausen	Abzw. Weihersdorf	de:09373:17723:0:2	49.174656	11.463886		MATCHED	n5212240205	20.2	0.32	Abzw. Weihersdorf			Abzw. Wappersdorf (Mühlhausen) / Mühlhausen, Meisenweg	LINESTRING(11.463886 49.174656,11.464155600000002 49.174612700000004)
817	Mühlhausen	Abzw. Weihersdorf	de:09373:17723:0:3	49.174544	11.463842		NO_MATCH_AND_SEEMS_UNSERVED								POINT(11.463842 49.174544)
818	Mühlhausen	Am Rohrfeld	de:09373:17693:0:1	49.165282	11.446082	bus	MATCHED	n5212204563	2.5	1.0	Mühlhausen, Am Rohrfeld	515,517,527	Erasbach Gewerbegebiet / Sollngriesbach / Mühlhausen (Lkr. NM) Rathaus / Bachhausen / Pollanten Nord / Mühlhausen (NM) Ortsmitte / Berching Realschule / Berching Volksschule	Berching, Volksschule / Pollanten Nord / Berching, Realschule	LINESTRING(11.446082 49.165282,11.446109700000001 49.1652691)
819	Mühlhausen	Am Rohrfeld	de:09373:17693:0:2	49.165312	11.44627		MATCHED	n5212204564	2.0	1.0	Mühlhausen, Am Rohrfeld			Abzw. Weihersdorf / Mühlhausen, Raiffeisenbank / Mühlhausen, Rathaus	LINESTRING(11.44627 49.165312,11.446259900000001 49.165295400000005)
820	Mühlhausen	Bachhausen	de:09373:17697:0:1	49.157704	11.419213	bus	MATCHED_THOUGH_REVERSED_DIR	n5876441934	12.9	0.37	Bachhausen	517,527	Mühlhausen (Lkr. NM) Meisenweg / Kerkhofen Kirche / Sollngriesbach / Mühlhausen (NM) Am Rohrfeld / Weidenwang Ost	Berching, Reischelhaus	LINESTRING(11.419213 49.157704,11.4190409 49.157732300000006)
821	Mühlhausen	Bachhausen	de:09373:17697:0:2	49.157875	11.419141		MATCHED	n5876441933	22.8	1.0	Bachhausen			Bachhausen	LINESTRING(11.419141 49.157875,11.4191108 49.1576712)
822	Mühlhausen	Ellmannsdorf	de:09373:17702:0:1	49.183735	11.435598	bus	MATCHED	n9947328593	2.6	0.78	Ellmannsdorf	514	Hofen / Abzw. Braunmühle / Rocksdorf		LINESTRING(11.435598 49.183735,11.4355676 49.183746400000004)
823	Mühlhausen	Ellmannsdorf	de:09373:17702:0:2	49.183705	11.435419	bus	NO_MATCH_BUT_OTHER_PLATFORM_MATCHED					514	Hofen		POINT(11.435419 49.183705)
824	Mühlhausen	Fa. Dehn	de:09373:17692:0:1	49.18896	11.452927	bus	NO_MATCH					515	Sengenthal Max-Bögl-Str. / Mühlhausen/NM Am Ludwigskanal		POINT(11.452927 49.18896)
825	Mühlhausen	Greißelbach (b. Mühlh. )	de:09373:17714:0:1	49.206236	11.463213	bus	MATCHED	n767486931	3.0	1.0	Greißelbach (bei Mühlhausen)	515,517	Abzw. Wangen / Wangen Ort / Sengenthal Max-Bögl-Str.	Abzw. Wangen	LINESTRING(11.463213 49.206236,11.463243100000001 49.206253800000006)
826	Mühlhausen	Greißelbach (b. Mühlh. )	de:09373:17714:0:2	49.206195	11.463365		MATCHED	n10044193235	3.4	1.0	Greißelbach (bei Mühlhausen)			Sengenthal, Max-Bögl-Straße	LINESTRING(11.463365 49.206195,11.4633181 49.2061952)
827	Mühlhausen	Hofen	de:09373:17699:0:1	49.184938	11.426876	bus	MATCHED	n5238185814	102.4	1.0	Hofen	514	Sulzbürg Schule / Ellmannsdorf / Sulzbürg Schule	Sulzbürg, Schule / Abzw. Braunmühle	LINESTRING(11.426876 49.184938,11.4267771 49.1858568)
828	Mühlhausen	Hofen	de:09373:17699:0:2	49.184968	11.426768	bus	NO_MATCH_BUT_OTHER_PLATFORM_MATCHED					514	Ellmannsdorf		POINT(11.426768 49.184968)
829	Mühlhausen	Kerkhofen Kirche	de:09373:17701:0:1	49.170886	11.394806	bus	MATCHED	n5876466017	23.3	0.36	Kerkhofen, Kirche	514	Thannhausen (b. Freyst) Kirche / Oberndorf (b. Freystadt) / Bachhausen / Körnersdorf Ort / Kruppach (b. Mühlhausen) Ort	Körnersdorf, Ort / Bachhausen	LINESTRING(11.394806 49.170886,11.3951209 49.1708513)
830	Mühlhausen	Kerkhofen Kirche	de:09373:17701:0:2	49.170797	11.394896	bus	MATCHED	n5876466016	0.7	1.0	Kerkhofen, Kirche	514	Körnersdorf Ort	Kerkhofen, Kirche	LINESTRING(11.394896 49.170797,11.394904200000001 49.1708009)
831	Mühlhausen	Kruppach (b. Mühlhausen) Ort	de:09373:17707:0:1	49.186923	11.396603	bus	MATCHED	n9955777947	3.8	1.0	Kruppach (b. Mühlhausen), Ort	514	Oberndorf (b. Freystadt) / Kruppach/Mühlhausen Dorfweiher		LINESTRING(11.396603 49.186923,11.396611 49.186888800000006)
832	Mühlhausen	Kruppach (b. Mühlhausen) Ort	de:09373:17707:0:2	49.186911	11.396773		MATCHED	n9955777946	6.2	1.0	Kruppach (b. Mühlhausen), Ort				LINESTRING(11.396773 49.186911,11.396722800000001 49.1869564)
833	Mühlhausen	Kruppach/Mühlhausen Dorfweiher	de:09373:17708:0:1	49.187445	11.396252	bus	MATCHED	n5876474521	16.0	0.32	Kruppach (b. Mühlhausen), Dorfweiher	514	Forst (b. Sengenthal) / Kerkhofen Kirche / Wettenhofen / Abzw. Kruppach (b. Mühlh.) / Thannhausen (b. Freyst) Kirche / Oberndorf (b. Freystadt) / Rocksdorf	Wettenhofen	LINESTRING(11.396252 49.187445,11.396464700000001 49.1874082)
834	Mühlhausen	Kruppach/Mühlhausen Dorfweiher	de:09373:17708:0:2	49.187351	11.396234		MATCHED	n5876474522	15.2	0.26	Kruppach (b. Mühlhausen), Dorfweiher			Kruppach (b. Mühlhausen), Dorfweiher	LINESTRING(11.396234 49.187351,11.3964406 49.1873328)
835	Mühlhausen	Körnersdorf Ort	de:09373:17704:0:1	49.165934	11.415782	bus	NO_MATCH_BUT_OTHER_PLATFORM_MATCHED					514	Kerkhofen Kirche / Abzw. Körnersdorf		POINT(11.415782 49.165934)
836	Mühlhausen	Körnersdorf Ort	de:09373:17704:0:2	49.166163	11.415431	bus	MATCHED	n5879626197	12.2	0.65	Körnersdorf, Ort	514	Abzw. Körnersdorf	Abzw. Körnersdorf	LINESTRING(11.415431 49.166163,11.4153716 49.166265300000006)
837	Mühlhausen	Meisenweg	de:09373:17695:53:1	49.174404	11.447115	bus	MATCHED	n5212217199	8.5	1.0	Mühlhausen, Meisenweg	515,517,527	Mühlhausen (Lkr. NM) Fa. Dehn / Mühlhausen (NM) Ortsmitte / Mühlhausen/NM Am Ludwigskanal	Mühlhausen, Raiffeisenbank	LINESTRING(11.447115 49.174404,11.447153100000001 49.174475900000004)
838	Mühlhausen	Meisenweg	de:09373:17695:53:2	49.174979	11.447232		MATCHED	n5212217200	4.5	1.0	Mühlhausen, Meisenweg			Mühlhausen, Am Ludwigskanal	LINESTRING(11.447232 49.174979,11.4472014 49.1750143)
839	Mühlhausen	Meisenweg	de:09373:17695:53:3	49.174785	11.447618		MATCHED	n9961390159	8.1	1.0	Mühlhausen, Meisenweg				LINESTRING(11.447618 49.174785,11.447720200000001 49.174814100000006)
840	Mühlhausen	Ortsmitte	de:09373:17691:0:1	49.171074	11.447869	bus	MATCHED	n5061825463	11.3	1.0	Mühlhausen, Raiffeisenbank	515,517,527	Erasbach Gewerbegebiet / Mühlhausen (Lkr. NM) Meisenweg / Mühlhausen (NM) Am Rohrfeld	Mühlhausen, Am Rohrfeld	LINESTRING(11.447869 49.171074,11.447880000000001 49.171175700000006)
841	Mühlhausen	Ortsmitte	de:09373:17691:0:2	49.170921	11.448103		MATCHED	n5061825462	10.3	1.0	Mühlhausen, Raiffeisenbank			Mühlhausen, Meisenweg	LINESTRING(11.448103 49.170921,11.448078500000001 49.170830200000005)
842	Mühlhausen	Rathaus	de:09373:17696:0:1	49.170833	11.449199	bus	MATCHED	n5876427885	1.9	1.0	Mühlhausen, Rathaus	515,517,527	Mühlhausen (NM) Am Rohrfeld / Abzw. Weihersdorf	Mühlhausen, Am Rohrfeld	LINESTRING(11.449199 49.170833,11.449216400000001 49.1708202)
843	Mühlhausen	Rathaus	de:09373:17696:0:2	49.171044	11.449801		MATCHED	n11020000963	5.6	0.6	Mühlhausen, Rathaus			Abzw. Weihersdorf	LINESTRING(11.449801 49.171044,11.449873700000001 49.1710265)
844	Mühlhausen	Rocksdorf	de:09373:17710:53:1	49.194907	11.414847	bus	MATCHED	n5238149709	16.8	0.6	Rocksdorf	514,527	Ellmannsdorf / Sulzbürg Am Waschhaus / Wettenhofen	Rocksdorf	LINESTRING(11.414847 49.194907,11.414617900000001 49.194887900000005)
845	Mühlhausen	Rocksdorf	de:09373:17710:53:2	49.194625	11.415719	bus	NO_MATCH_BUT_OTHER_PLATFORM_MATCHED					514	Kruppach (b. Mühlhausen) Ort / Wettenhofen		POINT(11.415719 49.194625)
846	Mühlhausen	Rocksdorf	de:09373:17710:53:3	49.194649	11.415332	bus	MATCHED	n5238149708	30.9	0.48	Rocksdorf	514	Abzw. Braunmühle	Abzw.Kruppach (b. Mühlhausen) / Wettenhofen	LINESTRING(11.415332 49.194649,11.4150363 49.1948476)
847	Mühlhausen	Rocksdorf	de:09373:17710:53:4	49.194913	11.415422		NO_MATCH_AND_SEEMS_UNSERVED								POINT(11.415422 49.194913)
848	Mühlhausen	Sulzbürg Am Waschhaus	de:09373:17716:0:1	49.186735	11.415288	bus	MATCHED	n5879626200	41.0	0.43	Sulzbürg, Am Waschhaus	514	Sulzbürg Schule	Sulzbürg, Schule	LINESTRING(11.415288 49.186735,11.415768600000002 49.186543900000004)
849	Mühlhausen	Sulzbürg Am Waschhaus	de:09373:17716:0:2	49.186876	11.415683	bus	NO_MATCH_BUT_OTHER_PLATFORM_MATCHED					514	Rocksdorf		POINT(11.415683 49.186876)
850	Mühlhausen	Sulzbürg Badberg	de:09373:17719:0:1	49.179137	11.411829	bus	NO_MATCH_BUT_OTHER_PLATFORM_MATCHED					514	Abzw. Körnersdorf / Sulzbürg Schule		POINT(11.411829 49.179137)
851	Mühlhausen	Sulzbürg Badberg	de:09373:17719:0:2	49.179119	11.411964	bus	MATCHED	n5238170135	0.8	1.0	Sulzbürg, Badberg	514	Sulzbürg Schule	Kerkhofen, Kirche / Sulzbürg, Am Waschhaus	LINESTRING(11.411964 49.179119,11.411961100000001 49.179112)
852	Mühlhausen	Sulzbürg Hinterer Berg	de:09373:17720:0:1	49.182801	11.415665		NO_MATCH_AND_SEEMS_UNSERVED								POINT(11.415665 49.182801)
853	Mühlhausen	Sulzbürg Hinterer Berg	de:09373:17720:0:2	49.182801	11.415665		NO_MATCH_AND_SEEMS_UNSERVED								POINT(11.415665 49.182801)
854	Mühlhausen	Sulzbürg Schule	de:09373:17717:0:1	49.180887	11.413886	bus	MATCHED	n9955919208	4.2	1.0	Sulzbürg, Schule	514	Sulzbürg Am Waschhaus / Hofen / Sulzbürg Badberg / Hofen		LINESTRING(11.413886 49.180887,11.413936300000001 49.1809054)
855	Mühlhausen	Sulzbürg Schule	de:09373:17717:0:2	49.18091	11.413742	bus	MATCHED	n5238182064	12.7	1.0	Sulzbürg, Schule	514	Sulzbürg Badberg	Sulzbürg, Badberg / Hofen	LINESTRING(11.413742 49.18091,11.4138669 49.180989800000006)
856	Mühlhausen	Wangen Ort	de:09373:17718:0:1	49.19142	11.467659	bus	MATCHED	n1264221870	5.1	1.0	Wangen, Ort	515,517	Mühlhausen (Lkr. NM) Fa. Dehn / Wappersdorf b. Mühlh. Ort	Wappersdorf b. Mühlh. Ort	LINESTRING(11.467659 49.19142,11.4677257 49.1914062)
857	Mühlhausen	Wangen Ort	de:09373:17718:0:2	49.191496	11.467722		NO_MATCH_AND_SEEMS_UNSERVED								POINT(11.467722 49.191496)
858	Mühlhausen	Wappersdorf b. Mühlh. Ort	de:09373:17728:0:1	49.18424	11.463689	bus	NO_MATCH_BUT_OTHER_PLATFORM_MATCHED					515,517	Weihersdorf Ort		POINT(11.463689 49.18424)
859	Mühlhausen	Wappersdorf b. Mühlh. Ort	de:09373:17728:0:2	49.184175	11.463698		MATCHED	n9990806799	8.9	1.0	Wappersdorf b. Mühlh. Ort			Weihersdorf, Ort	LINESTRING(11.463698 49.184175,11.4636835 49.184254300000006)
860	Mühlhausen	Weihersdorf Ort	de:09373:17726:0:1	49.17455	11.467372	bus	MATCHED	n1264221968	29.9	1.0	Weihersdorf, Ort	515,517	Abzw. Weihersdorf / Mühlhausen (Lkr. NM) Rathaus	Abzw. Weihersdorf	LINESTRING(11.467372 49.17455,11.467018900000001 49.1744125)
861	Mühlhausen	Weihersdorf Ort	de:09373:17726:0:2	49.174597	11.467291		NO_MATCH_AND_SEEMS_UNSERVED								POINT(11.467291 49.174597)
862	Mühlhausen	Wettenhofen	de:09373:17725:0:1	49.196786	11.405694	bus	MATCHED	n5238164750	1.2	1.0	Wettenhofen	514	Abzw. Reichertshofen / Kruppach/Mühlhausen Dorfweiher / Rocksdorf / Sondersfeld / Rocksdorf / Forst (b. Sengenthal)	Hofen / Forst (b. Sengenthal)	LINESTRING(11.405694 49.196786,11.4056774 49.1967851)
863	Mühlhausen	Wettenhofen	de:09373:17725:0:2	49.196973	11.405685		NO_MATCH_AND_SEEMS_UNSERVED								POINT(11.405685 49.196973)
864	Neumarkt (Oberpf)	Holzgartenstraße	de:09373:17048:0:41	49.274416	11.458389	bus	NO_MATCH_BUT_OTHER_PLATFORM_MATCHED					RB51	Deining Mitte		POINT(11.458389 49.274416)
865	Neumarkt (Oberpf)	Holzgartenstraße	de:09373:17048:0:42	49.274252	11.458577	bus	NO_MATCH_BUT_OTHER_PLATFORM_MATCHED					S3	Neumarkt Florianstr. / Pölling Fliederweg		POINT(11.458577 49.274252)
866	Neumarkt (Oberpf)	Holzgartenstraße	de:09373:17048:0:43	49.273519	11.457616		MATCHED	w443584100	50.2	0.05	Bahnhof Neumarkt				LINESTRING(11.457616 49.273519,11.457798899362636 49.27308418154569)
867	Neumarkt (Oberpf)	Holzgartenstraße	de:09373:17048:0:44	49.274029	11.457976		NO_MATCH_AND_SEEMS_UNSERVED								POINT(11.457976 49.274029)
868	Neumarkt (Oberpf)	Holzgartenstraße	de:09373:17048:0:45	49.274756	11.458389	bus	MATCHED	n5204374075	192.7	0.11	Bahnhof Neumarkt	RB51,S3	Neumarkt (Oberpf)	Theo-Betz-Platz	LINESTRING(11.458389 49.274756,11.457643800000001 49.2730929)
869	Neumarkt i.d. OPf.	(Oberpf)	de:09373:17000:1:1	49.273332	11.456978	trainish	MATCHED	n2056675145	5.6	0.42	Neumarkt (Oberpf)			Nürnberg Hauptbahnhof / Pölling	LINESTRING(11.456978 49.273332,11.4570361 49.2732983)
870	Neumarkt i.d. OPf.	(Oberpf)	de:09373:17000:24:2	49.273297	11.456907	trainish	MATCHED	n5538865676	4.7	0.44	Neumarkt (Oberpf)				LINESTRING(11.456907 49.273297,11.456964200000002 49.2732776)
871	Neumarkt i.d. OPf.	(Oberpf)	de:09373:17000:24:4	49.27325	11.456817	trainish	MATCHED	n5538865675	4.0	0.46	Neumarkt (Oberpf)				LINESTRING(11.456817 49.27325,11.456853 49.273222600000004)
872	Neumarkt i.d. OPf.	(Oberpf)	de:09373:17000:53:1	49.272804	11.458002	bus	MATCHED	n5204374073	10.0	1.0	Bahnhof Neumarkt	561,562,563,564,565,567,568,569,570,573,RE22,RE50	Neumarkt Stadtwerke / Nürnberg Hbf / Neumarkt Oberer Markt / Parsberg (Opf) Nord / Neumarkt Theo-Betz-Platz / Nürnberg Hbf / Nürnberg Hbf / Nürnberg Hbf / Neumarkt Gansbrauerei / Nürnberg Hbf / Nürnberg Hbf / Neumarkt Finanzamt		LINESTRING(11.458002 49.272804,11.458068500000001 49.272724800000006)
873	Neumarkt i.d. OPf.	(Oberpf)	de:09373:17000:53:10	49.272986	11.45829	bus	MATCHED	w443584104	15.0	1.0	Bahnhof Neumarkt	561,563,564,565,566,567,568,569	Neumarkt Oberer Markt / Neumarkt Theo-Betz-Platz		LINESTRING(11.45829 49.272986,11.45818719513677 49.27286926990735)
874	Neumarkt i.d. OPf.	(Oberpf)	de:09373:17000:53:11	49.273062	11.4582	bus	NO_MATCH_BUT_OTHER_PLATFORM_MATCHED					561,562,563,565,566,568,569	Neumarkt Johanneszentrum / Neumarkt Gansbrauerei / Neumarkt Oberer Markt / Neumarkt Theo-Betz-Platz		POINT(11.4582 49.273062)
875	Neumarkt i.d. OPf.	(Oberpf)	de:09373:17000:53:12	49.273133	11.458119	bus	NO_MATCH_BUT_OTHER_PLATFORM_MATCHED					460E	Neumarkt Marktplatz / Neumarkt Florianstr.		POINT(11.458119 49.273133)
876	Neumarkt i.d. OPf.	(Oberpf)	de:09373:17000:53:13	49.273185	11.458047	bus	MATCHED	w443584101	17.8	0.15	Bahnhof Neumarkt	523	Neumarkt Theo-Betz-Platz		LINESTRING(11.458047 49.273185,11.457881497396352 49.27306750914414)
877	Neumarkt i.d. OPf.	(Oberpf)	de:09373:17000:53:14	49.273267	11.45794	bus	MATCHED	w443584093	32.5	1.0	Bahnhof Neumarkt	505,514,516,521,523,583,587	Neumarkt Gansbrauerei / Tyrolsberg / Neumarkt Theo-Betz-Platz / Neumarkt Kerschensteinerstr. / Neumarkt Marktplatz / Tauernfeld Gewerbepark / Neumarkt Berufsschule / Neumarkt Finanzamt / Neumarkt Fa. Pfleiderer / Neumarkt Seelstr. / Neumarkt Marktplatz	Marktplatz	LINESTRING(11.45794 49.273267,11.458247533500101 49.273054759406506)
878	Neumarkt i.d. OPf.	(Oberpf)	de:09373:17000:53:15	49.273267	11.45794	bus	MATCHED	w443584094	18.9	1.0	Bahnhof Neumarkt	512,518	Neumarkt Berufsschule / Neumarkt Marktplatz		LINESTRING(11.45794 49.273267,11.45812757658338 49.2731489144942)
879	Neumarkt i.d. OPf.	(Oberpf)	de:09373:17000:53:16	49.273267	11.45794	bus	MATCHED	w443584095	5.3	1.0	Bahnhof Neumarkt	513,581	Neumarkt Finanzamt / Sengenthal Max-Bögl-Str. / Neumarkt Berufsschule		LINESTRING(11.45794 49.273267,11.458004472300507 49.27324428534922)
880	Neumarkt i.d. OPf.	(Oberpf)	de:09373:17000:53:17	49.273267	11.45794	bus	MATCHED	w443584096	10.1	1.0	Bahnhof Neumarkt				LINESTRING(11.45794 49.273267,11.457881006775327 49.273348754960054)
881	Neumarkt i.d. OPf.	(Oberpf)	de:09373:17000:53:2	49.272898	11.457877	bus	MATCHED	w443584097	11.2	1.0	Bahnhof Neumarkt	505,514,516,561,562,563,564,565,568,RE22,S3	Pölling / Neumarkt Oberer Markt / Postbauer-Heng Hauptstr. / Neumarkt Florianstr. / Neumarkt Berufsschulzentr. / Neumarkt Theo-Betz-Platz / Neumarkt Berufsschule		LINESTRING(11.457877 49.272898,11.457967250309403 49.27281651848905)
882	Neumarkt i.d. OPf.	(Oberpf)	de:09373:17000:53:3	49.272998	11.45776	bus	MATCHED	w443584098	14.5	1.0	Bahnhof Neumarkt	564,570,RE22	Neumarkt Theo-Betz-Platz / Neumarkt (Oberpf)		LINESTRING(11.45776 49.272998,11.457872929730305 49.27289068677332)
883	Neumarkt i.d. OPf.	(Oberpf)	de:09373:17000:53:4	49.273138	11.457913	bus	MATCHED	w443584099	21.9	1.0	Bahnhof Neumarkt	515,517,521,581,RB51	Neumarkt Florianstr. / Neumarkt Theo-Betz-Platz / Neumarkt Fa. Dehn / Deining (Oberpf) / Neumarkt Finanzamt	Florianstraße / Firma Dehn / Theo-Betz-Platz / Finanzamt	LINESTRING(11.457913 49.273138,11.457784970564227 49.27295963391442)
884	Neumarkt i.d. OPf.	(Oberpf)	de:09373:17000:53:5	49.273051	11.458011	bus	MATCHED	w443584102	3.4	0.27	Bahnhof Neumarkt	513,RE22,RE50	Seubersdorf / Deining (Oberpf) / Parsberg / Neumarkt Florianstr.		LINESTRING(11.458011 49.273051,11.457974767687295 49.27303189235453)
885	Neumarkt i.d. OPf.	(Oberpf)	de:09373:17000:53:6	49.272968	11.458119	bus	NO_MATCH_BUT_OTHER_PLATFORM_MATCHED					561,562,564,565,566,568,573,574,575	Neumarkt Oberer Markt / Neumarkt Theo-Betz-Platz / Neumarkt Finanzamt		POINT(11.458119 49.272968)
886	Neumarkt i.d. OPf.	(Oberpf)	de:09373:17000:53:7	49.272898	11.458236	bus	MATCHED	w443584092	12.1	0.18	Bahnhof Neumarkt	561,563,564,565,566,568,569,570,573	Neumarkt Fa. Aptiv / Neumarkt Stadtwerke / Neumarkt Theo-Betz-Platz / Neumarkt Gansbrauerei / Neumarkt Oberer Markt		LINESTRING(11.458236 49.272898,11.458382518733705 49.27294870680795)
887	Neumarkt i.d. OPf.	(Oberpf)	de:09373:17000:53:8	49.272793	11.458326	bus	MATCHED	w537442532	14.5	0.17	Bahnhof Neumarkt	561,562,563,564,565,566,567,568,569,570,573,574	Neumarkt Stadtwerke / Neumarkt Neuer Markt / Neumarkt Johanneszentrum / Neumarkt Theo-Betz-Platz / Neumarkt Oberer Markt		LINESTRING(11.458326 49.272793,11.45844366725504 49.27268752011832)
888	Neumarkt i.d. OPf.	(Oberpf)	de:09373:17000:53:9	49.272927	11.45838	bus	MATCHED	w443584103	22.0	1.0	Bahnhof Neumarkt	562,563,564,565,567,568,569,570	Neumarkt Finanzamt / Neumarkt Oberer Markt / Neumarkt Theo-Betz-Platz		LINESTRING(11.45838 49.272927,11.458079741885767 49.27294596002923)
889	Neumarkt i.d. OPf.	(Oberpf)	de:09373:17000:5:5	49.273215	11.456763	trainish	MATCHED	n5538865674	3.3	0.48	Neumarkt (Oberpf)			Parsberg / Batzhausen	LINESTRING(11.456763 49.273215,11.4567949 49.273194100000005)
890	Neumarkt i.d. OPf.	Abzw. EFA-Str.	de:09373:17017:0:1	49.283447	11.464219	bus	MATCHED	n10026402839	140.6	1.0	Abzweig EFA-Straße	521	Neumarkt Am Evangelienstein		LINESTRING(11.464219 49.283447,11.465659 49.2842896)
891	Neumarkt i.d. OPf.	Abzw. EFA-Str.	de:09373:17017:0:2	49.283383	11.464138		NO_MATCH_AND_SEEMS_UNSERVED								POINT(11.464138 49.283383)
892	Neumarkt i.d. OPf.	Abzw. Friedlmühle	de:09373:17123:0:1	49.305059	11.488994	bus	MATCHED	n281073557	16.1	1.0	Friedlmühle, Abzw.	460E,521,522,523	Abzw. Ischhofen / Iberlsmühle / Pilsach Schule / Bodenmühle (b. Neumarkt) / Neumarkt Abzw. Regerstr. / Labersricht / Neumarkt Theo-Betz-Platz	Friedlmühle, Abzw.	LINESTRING(11.488994 49.305059,11.489161500000002 49.3051539)
893	Neumarkt i.d. OPf.	Abzw. Friedlmühle	de:09373:17123:0:2	49.305124	11.489408	bus	MATCHED	n281073556	0.2	1.0	Friedlmühle, Abzw.	460E	Pilsach Hauptstr.	Iberlsmühle, Abzw. / Theo-Betz-Platz	LINESTRING(11.489408 49.305124,11.489410600000001 49.305122600000004)
894	Neumarkt i.d. OPf.	Abzw. Guglhof	de:09373:17125:0:1	49.306822	11.481619		MATCHED	n281504541	9.4	1.0	Abzweigung Guglhof				LINESTRING(11.481619 49.306822,11.4817449 49.3068399)
895	Neumarkt i.d. OPf.	Abzw. Guglhof	de:09373:17125:0:2	49.306992	11.481772		MATCHED	n281504540	1.1	1.0	Abzweigung Guglhof				LINESTRING(11.481772 49.306992,11.481786300000001 49.306994200000005)
896	Neumarkt i.d. OPf.	Abzw. Hasenheide	de:09373:17109	49.255787	11.458011		NO_MATCH_AND_SEEMS_UNSERVED								POINT(11.458011 49.255787)
897	Neumarkt i.d. OPf.	Abzw. Holzheim (b. NM)	de:09373:17131:0:1	49.293595	11.459844	bus	MATCHED	n205382393	8.7	1.0	Abzweig Holzheim	512,518	Loderbach Ort / Abzw. Loderbach		LINESTRING(11.459844 49.293595,11.4599588 49.2935717)
898	Neumarkt i.d. OPf.	Abzw. Holzheim (b. NM)	de:09373:17131:0:2	49.293179	11.459727	bus	MATCHED	n755101695	12.3	1.0	Abzweig Holzheim	512,518	Neumarkt Altdorfer Str. / Neumarkt Neuer Markt	Altdorfer Straße	LINESTRING(11.459727 49.293179,11.4596724 49.2932841)
899	Neumarkt i.d. OPf.	Abzw. Iberlsmühle	de:09373:17142:0:1	49.310905	11.501481	bus	MATCHED	n1768037472	1.6	1.0	Iberlsmühle, Abzw.	522	Rödelberg	Pilsach, Hauptstr. / Friedlmühle, Abzw.	LINESTRING(11.501481 49.310905,11.5014751 49.3109192)
900	Neumarkt i.d. OPf.	Abzw. Iberlsmühle	de:09373:17142:0:2	49.310424	11.501005		MATCHED	n10044525044	8.2	1.0	Iberlsmühle, Abzw.				LINESTRING(11.501005 49.310424,11.5009072 49.3103871)
901	Neumarkt i.d. OPf.	Abzw. Ischhofen	de:09373:17160:0:1	49.310026	11.515531	bus	MATCHED	n10026792024	32.4	1.0	Abzweig Ischhofen	521	Rödelberg		LINESTRING(11.515531 49.310026,11.515973200000001 49.3099919)
902	Neumarkt i.d. OPf.	Abzw. Ischhofen	de:09373:17160:0:2	49.310114	11.515558		NO_MATCH_AND_SEEMS_UNSERVED								POINT(11.515558 49.310114)
903	Neumarkt i.d. OPf.	Abzw. Nobelstr.	de:09373:17076	49.266339	11.472825		NO_MATCH_AND_SEEMS_UNSERVED								POINT(11.472825 49.266339)
904	Neumarkt i.d. OPf.	Abzw. Regerstr.	de:09373:16998:0:1	49.293894	11.477487	bus	MATCHED	n764716381	28.2	1.0	Regerstr., Abzw.	460E,521,523	Neumarkt EFA-Str. / Abzw. Friedlmühle / Neumarkt EFA-Str. / Neumarkt Pulveräcker		LINESTRING(11.477487 49.293894,11.477748400000001 49.294081500000004)
905	Neumarkt i.d. OPf.	Abzw. Regerstr.	de:09373:16998:0:2	49.294415	11.478565	bus	MATCHED	n7783653293	6.3	1.0	Regerstr., Abzw.	460E	Abzw. Friedlmühle	Friedlmühle, Abzw.	LINESTRING(11.478565 49.294415,11.478501000000001 49.2943775)
906	Neumarkt i.d. OPf.	Abzw. Rittershof	de:09373:17156	49.283494	11.411092		NO_MATCH_AND_SEEMS_UNSERVED								POINT(11.411092 49.283494)
907	Neumarkt i.d. OPf.	Abzw. Voggenthal	de:09373:17193:0:1	49.281203	11.52949	bus	MATCHED_THOUGH_REVERSED_DIR	n5224883233	3.3	1.0	Abzw. Voggenthal	575	Lippertshofen Ort	Abzw. Voggenthal	LINESTRING(11.52949 49.281203,11.5294562 49.281223000000004)
908	Neumarkt i.d. OPf.	Abzw. Voggenthal	de:09373:17193:0:2	49.281384	11.529239		MATCHED	n5224883234	8.2	1.0	Abzw. Voggenthal			Karhof	LINESTRING(11.529239 49.281384,11.5293474 49.281364100000005)
909	Neumarkt i.d. OPf.	Altdorfer Str.	de:09373:17002:0:1	49.288047	11.461066	bus	MATCHED	n755104761	52.3	1.0	Altdorfer Straße	512,518	Abzw. Holzheim (b.NM) / Neumarkt Landesgartenschau	Bahnhof Neumarkt / Milchhofstraße	LINESTRING(11.461066 49.288047,11.4607352 49.287629200000005)
910	Neumarkt i.d. OPf.	Altdorfer Str.	de:09373:17002:0:2	49.287824	11.460751	bus	MATCHED_THOUGH_REVERSED_DIR	n437365418	55.7	1.0	Altdorfer Straße	512,518	Neumarkt Neuer Markt / Neumarkt Milchhofstr. / Neumarkt Marktplatz	Landesgartenschau	LINESTRING(11.460751 49.287824,11.461137500000001 49.288256100000005)
911	Neumarkt i.d. OPf.	Altenhof (NM) Geschäftszentrum	de:09373:17113:0:1	49.292107	11.465036	bus	MATCHED	n753762091	10.5	1.0	Geschäftszentrum	563,573	Altenhof (b.NM) Joh.-Mois-Ring / Altenhof (b.NM) H.-Stehr-Str.	Johann-Mois-Ring	LINESTRING(11.465036 49.292107,11.4650131 49.2920134)
912	Neumarkt i.d. OPf.	Altenhof (NM) Geschäftszentrum	de:09373:17113:0:2	49.292008	11.464964		NO_MATCH_AND_SEEMS_UNSERVED								POINT(11.464964 49.292008)
913	Neumarkt i.d. OPf.	Altenhof (b. NM) Altenhofweg	de:09373:17119:0:1	49.293548	11.468746	bus	MATCHED	n751933758	2.0	1.0	Altenhofweg	563	Altenhof (b.NM) Breslauer Str.	Breslauer Straße	LINESTRING(11.468746 49.293548,11.468736100000001 49.2935315)
914	Neumarkt i.d. OPf.	Altenhof (b. NM) Altenhofweg	de:09373:17119:0:2	49.29349	11.4688		NO_MATCH_AND_SEEMS_UNSERVED								POINT(11.4688 49.29349)
915	Neumarkt i.d. OPf.	Altenhof (b. NM) Breslauer Str. 	de:09373:17111:0:1	49.29151	11.469195	bus	MATCHED	n751933747	13.7	1.0	Breslauer Straße	563	Altenhof (b.NM) H.-Stehr-Str.	Hermann-Stehr-Straße	LINESTRING(11.469195 49.29151,11.4693223 49.291601)
916	Neumarkt i.d. OPf.	Altenhof (b. NM) Breslauer Str. 	de:09373:17111:0:2	49.291574	11.469492		NO_MATCH_AND_SEEMS_UNSERVED								POINT(11.469492 49.291574)
917	Neumarkt i.d. OPf.	Altenhof (b. NM) Eichendorffstr	de:09373:17112:0:1	49.287935	11.462449	bus	MATCHED	n747848240	4.1	1.0	Eichendorffstraße	563	Neumarkt Neuer Markt / Neumarkt Milchhofstr. / Neumarkt Kornstr.	Kornstraße	LINESTRING(11.462449 49.287935,11.4623921 49.287932700000006)
918	Neumarkt i.d. OPf.	Altenhof (b. NM) Eichendorffstr	de:09373:17112:0:2	49.287918	11.462539		NO_MATCH_AND_SEEMS_UNSERVED								POINT(11.462539 49.287918)
919	Neumarkt i.d. OPf.	Altenhof (b. NM) H. -Stehr-Str. 	de:09373:17115:0:1	49.289992	11.466527	bus	MATCHED	n753788814	1.0	1.0	Hermann-Stehr-Straße	563	Altenhof (b.NM) Eichendorffstr	Eichendorffstraße	LINESTRING(11.466527 49.289992,11.4665409 49.289992500000004)
920	Neumarkt i.d. OPf.	Altenhof (b. NM) H. -Stehr-Str. 	de:09373:17115:0:2	49.289892	11.466456		NO_MATCH_AND_SEEMS_UNSERVED								POINT(11.466456 49.289892)
921	Neumarkt i.d. OPf.	Altenhof (b. NM) Joh. -Mois-Ring	de:09373:17116:0:1	49.294427	11.466393	bus	MATCHED	n753766412	6.4	1.0	Johann-Mois-Ring	563,573	Altenhof (b.NM) Koppenmühlweg / Koppenmühle	Koppenmühlweg / Koppenmühle	LINESTRING(11.466393 49.294427,11.466382900000001 49.2943696)
922	Neumarkt i.d. OPf.	Altenhof (b. NM) Joh. -Mois-Ring	de:09373:17116:0:2	49.294486	11.466339		NO_MATCH_AND_SEEMS_UNSERVED								POINT(11.466339 49.294486)
923	Neumarkt i.d. OPf.	Altenhof (b. NM) Koppenmühlweg	de:09373:17117:0:1	49.297163	11.465656	bus	MATCHED	n450092633	5.0	1.0	Koppenmühlweg	563	Altenhof (b.NM) Altenhofweg	Altenhofweg	LINESTRING(11.465656 49.297163,11.4657247 49.2971645)
924	Neumarkt i.d. OPf.	Altenhof (b. NM) Koppenmühlweg	de:09373:17117:0:2	49.297222	11.465791		NO_MATCH_AND_SEEMS_UNSERVED								POINT(11.465791 49.297222)
925	Neumarkt i.d. OPf.	Am Evangelienstein	de:09373:17003:0:1	49.28408	11.462719	bus	MATCHED	n753408825	0.7	1.0	Am Evangelienstein	460E,521,523	Neumarkt Hallenbad / Neumarkt Marktplatz / Neumarkt Kornstr. / Neumarkt Neuer Markt / Neumarkt Neuer Markt / Neumarkt Pulveräcker / Neumarkt Florianstr.	Kornstraße / Pulveräcker	LINESTRING(11.462719 49.28408,11.462718500000001 49.284073400000004)
926	Neumarkt i.d. OPf.	Am Evangelienstein	de:09373:17003:0:2	49.284156	11.462629	bus	MATCHED	n753800020	8.7	1.0	Am Evangelienstein	460E	Neumarkt Neuer Markt / Neumarkt Pulveräcker	Marktplatz / Neuer Markt	LINESTRING(11.462629 49.284156,11.4626823 49.284226200000006)
927	Neumarkt i.d. OPf.	Am Evangelienstein	de:09373:17003:0:41	49.285088	11.464902		NO_MATCH_AND_SEEMS_UNSERVED								POINT(11.464902 49.285088)
928	Neumarkt i.d. OPf.	Am Evangelienstein	de:09373:17003:0:42	49.285228	11.465009		NO_MATCH_AND_SEEMS_UNSERVED								POINT(11.465009 49.285228)
929	Neumarkt i.d. OPf.	Am Lohgraben	de:09373:17005:0:1	49.283465	11.486263	bus	MATCHED	n10060752614	9.8	1.0	Neumarkt Am Lohgraben	565	Neumarkt Kettelerstr.		LINESTRING(11.486263 49.283465,11.486395100000001 49.2834804)
930	Neumarkt i.d. OPf.	Am Lohgraben	de:09373:17005:0:2	49.283306	11.486434		MATCHED	n192407254	21.0	0.31	Am Lohgraben			Siedlung	LINESTRING(11.486434 49.283306,11.486183800000001 49.283399300000006)
931	Neumarkt i.d. OPf.	Am Lohgraben	de:09373:17005:0:41	49.283306	11.485796		NO_MATCH_AND_SEEMS_UNSERVED								POINT(11.485796 49.283306)
932	Neumarkt i.d. OPf.	Amberger Str.	de:09373:17006:0:1	49.286154	11.466788	bus	MATCHED	n764716382	1.7	1.0	Amberger Straße	564	Neumarkt Museum Lothar Fischer	Museum Lothar Fischer	LINESTRING(11.466788 49.286154,11.466773700000001 49.2861417)
933	Neumarkt i.d. OPf.	Amberger Str.	de:09373:17006:0:2	49.286096	11.466941		NO_MATCH_AND_SEEMS_UNSERVED								POINT(11.466941 49.286096)
934	Neumarkt i.d. OPf.	Autobahnmeisterei	de:09373:17724:0:1	49.314934	11.475942		NO_MATCH_AND_SEEMS_UNSERVED								POINT(11.475942 49.314934)
935	Neumarkt i.d. OPf.	Autobahnmeisterei	de:09373:17724:0:2	49.314986	11.476121		NO_MATCH_AND_SEEMS_UNSERVED								POINT(11.476121 49.314986)
936	Neumarkt i.d. OPf.	Badstr.	de:09373:17011:0:1	49.276321	11.465988	bus	MATCHED_THOUGH_REVERSED_DIR	n2656206814	13.6	1.0	Badstraße	566	Neumarkt Ziegelhüttenweg	Badstraße	LINESTRING(11.465988 49.276321,11.465800900000001 49.27632860000001)
937	Neumarkt i.d. OPf.	Badstr.	de:09373:17011:0:2	49.276456	11.465755	bus	MATCHED	n2656206805	6.7	1.0	Badstraße	566	Neumarkt Theo-Betz-Platz	Mariahilfstraße	LINESTRING(11.465755 49.276456,11.465846500000001 49.276447600000004)
938	Neumarkt i.d. OPf.	Berufsschule	de:09373:17010:0:1	49.263783	11.473058	bus	MATCHED	n10041330038	1.2	1.0	Berufsschule	505,512,513,514,515,516,517,518,523,581,583,587	Neumarkt Marktplatz / Neumarkt (Oberpf) / Neumarkt (Oberpf) / Neumarkt (Oberpf) / Neumarkt Ärztehaus / Tauernfeld Gewerbepark / Neumarkt Seelstr. / Neumarkt Finanzamt / Neumarkt Finanzamt / Neumarkt Theo-Betz-Platz / Sengenthal Max-Bögl-Str. / Neumarkt Mariahilfstr. / Tauernfeld Gewerbepark		LINESTRING(11.473058 49.263783,11.473045800000001 49.2637763)
939	Neumarkt i.d. OPf.	Berufsschule	de:09373:17010:0:2	49.263713	11.47313		MATCHED	n5275220703	2.8	1.0	Berufsschule			Ärztehaus / Staadorf / Predlfing	LINESTRING(11.47313 49.263713,11.4730954 49.263702800000004)
940	Neumarkt i.d. OPf.	Berufsschulzentr.	de:09373:17013:0:1	49.263883	11.472205	bus	MATCHED	n5275220701	1.5	1.0	Berufsschulzentrum	521,568	Neumarkt Hasenheide Försterst. / Neumarkt Kerschensteinerstr. / Neumarkt Theo-Betz-Platz / Neumarkt Fa. Bionorica / Neumarkt Regensburger Str.	Berufsschulzentrum	LINESTRING(11.472205 49.263883,11.4722103 49.2638699)
941	Neumarkt i.d. OPf.	Berufsschulzentr.	de:09373:17013:0:2	49.263965	11.472313	bus	MATCHED	n5275220700	0.7	1.0	Berufsschulzentrum	568	Neumarkt Deininger Weg/Sportz. / Neumarkt (Oberpf)	Ärztehaus	LINESTRING(11.472313 49.263965,11.4723149 49.2639592)
942	Neumarkt i.d. OPf.	Birkenweg	de:09373:17012:0:1	49.282416	11.474702	bus	MATCHED	n5275125268	1.0	1.0	Birkenweg	565	Neumarkt Ginsterweg	Birkenweg	LINESTRING(11.474702 49.282416,11.4746886 49.282418400000005)
943	Neumarkt i.d. OPf.	Birkenweg	de:09373:17012:0:2	49.282498	11.474675	bus	MATCHED_THOUGH_REVERSED_DIR	n5275125269	0.1	1.0	Birkenweg	565	Neumarkt Karl-Speier-Str.	Ginsterweg	LINESTRING(11.474675 49.282498,11.4746752 49.282498800000006)
944	Neumarkt i.d. OPf.	Blomenhofstr.	de:09373:17020:0:1	49.298909	11.461362	bus	MATCHED	n755091001	8.1	1.0	Blomenhofstraße	573	Abzw. Holzheim (b.NM)	Abzweig Holzheim	LINESTRING(11.461362 49.298909,11.461312000000001 49.298844200000005)
945	Neumarkt i.d. OPf.	Blomenhofstr.	de:09373:17020:0:2	49.298557	11.461641		NO_MATCH_AND_SEEMS_UNSERVED								POINT(11.461641 49.298557)
946	Neumarkt i.d. OPf.	Bodenhof (b. Neumarkt)	de:09373:17140	49.30018	11.513743		NO_MATCH_AND_SEEMS_UNSERVED								POINT(11.513743 49.30018)
947	Neumarkt i.d. OPf.	Bodenmühle (b. Neumarkt)	de:09373:17139:0:1	49.304532	11.496055	bus	MATCHED	n10041418045	8.1	1.0	Bodenmühle (b. Neumarkt)	522	Rödelberg / Abzw. Iberlsmühle / Friedlmühle		LINESTRING(11.496055 49.304532,11.4960793 49.3044613)
948	Neumarkt i.d. OPf.	Bodenmühle (b. Neumarkt)	de:09373:17139:0:2	49.304474	11.496055		NO_MATCH_AND_SEEMS_UNSERVED								POINT(11.496055 49.304474)
949	Neumarkt i.d. OPf.	Dammstr.	de:09373:17014:0:1	49.282556	11.458101	bus	MATCHED	n5275084637	138.7	0.06	Landratsamt	460E,523,587	Neumarkt Altdorfer Str. / Neumarkt Florianstr. / Neumarkt Florianstr. / Neumarkt Marktplatz / Neumarkt Milchhofstr. / Neumarkt Am Evangelienstein	Landratsamt	LINESTRING(11.458101 49.282556,11.4562062 49.282692700000005)
950	Neumarkt i.d. OPf.	Dammstr.	de:09373:17014:0:2	49.282603	11.457517	bus	MATCHED	n5275084636	88.5	0.22	Landratsamt	514	Neumarkt Florianstr. / Neumarkt Marktplatz / Neumarkt Florianstr. / Neumarkt Rathaus / Neumarkt Am Evangelienstein / Neumarkt Florianstr.	Rathaus	LINESTRING(11.457517 49.282603,11.456359500000001 49.2828481)
951	Neumarkt i.d. OPf.	Deininger Weg/Sportz.	de:09373:17015:0:1	49.266632	11.469636	bus	MATCHED	n10041880505	4.8	1.0	Neumarkt Deininger Weg/Sportz.	568	Neumarkt Berufsschulzentr.		LINESTRING(11.469636 49.266632,11.4696528 49.2666739)
952	Neumarkt i.d. OPf.	Deininger Weg/Sportz.	de:09373:17015:0:2	49.266574	11.469833	bus	MATCHED	n10041880504	2.6	1.0	Neumarkt Deininger Weg/Sportz.	568	Neumarkt Ludwig-Wifling-Str.		LINESTRING(11.469833 49.266574,11.4698674 49.2665811)
953	Neumarkt i.d. OPf.	Dientzenhoferstr.	de:09373:17016:0:1	49.272617	11.473795	bus	MATCHED	n10042277853	3.6	1.0	Dientzenhoferstraße	567	Neumarkt Oberer Lährer Weg		LINESTRING(11.473795 49.272617,11.4738223 49.272590300000005)
954	Neumarkt i.d. OPf.	Dientzenhoferstr.	de:09373:17016:0:2	49.272916	11.473966	bus	MATCHED	n10042277854	2.2	1.0	Dientzenhoferstraße	567	Neumarkt Wildbadstr.		LINESTRING(11.473966 49.272916,11.473996600000001 49.2729149)
955	Neumarkt i.d. OPf.	EFA-Str.	de:09373:17018:0:1	49.284994	11.466941	bus	MATCHED	n278805174	6.8	1.0	EFA-Str.	460E,523	Neumarkt Faberpark / Neumarkt Am Evangelienstein	Pulveräcker / Faberpark	LINESTRING(11.466941 49.284994,11.467003100000001 49.2849481)
956	Neumarkt i.d. OPf.	EFA-Str.	de:09373:17018:0:2	49.285012	11.466896	bus	NO_MATCH_BUT_OTHER_PLATFORM_MATCHED					564	Neumarkt Museum Lothar Fischer		POINT(11.466896 49.285012)
957	Neumarkt i.d. OPf.	Egerländer Str.	de:09373:17019:0:1	49.280107	11.475268	bus	MATCHED	n10042337032	11.3	1.0	Egerländer Straße	565	Neumarkt Karl-Speier-Str. / Neumarkt Saarlandstr.		LINESTRING(11.475268 49.280107,11.4751232 49.280071500000005)
958	Neumarkt i.d. OPf.	Egerländer Str.	de:09373:17019:0:2	49.280107	11.475268		MATCHED	n10042337033	3.4	1.0	Egerländer Straße				LINESTRING(11.475268 49.280107,11.4752331 49.280127500000006)
959	Neumarkt i.d. OPf.	Egerländer Str.	de:09373:17019:0:3	49.280605	11.471702		NO_MATCH_AND_SEEMS_UNSERVED								POINT(11.471702 49.280605)
960	Neumarkt i.d. OPf.	Egerländer Str.	de:09373:17019:0:4	49.280623	11.471531		NO_MATCH_AND_SEEMS_UNSERVED								POINT(11.471531 49.280623)
961	Neumarkt i.d. OPf.	Fa. Aptiv	de:09373:17120:0:1	49.260747	11.445094	bus	NO_MATCH					569	Stauf (b.NM) A.-Senefelder-S. / Neumarkt (Oberpf)		POINT(11.445094 49.260747)
962	Neumarkt i.d. OPf.	Fa. Bionorica	de:09373:17021:0:1	49.262406	11.468405	bus	MATCHED_THOUGH_REVERSED_DIR	n5275238509	4.8	1.0	Fa. Bionorica	568	Neumarkt Hasenheide Försterst. / Neumarkt Regensburger Str. / Neumarkt Schönwerthstr.	Deiniger Weg/Sportplatz	LINESTRING(11.468405 49.262406,11.4684706 49.262410100000004)
963	Neumarkt i.d. OPf.	Fa. Bionorica	de:09373:17021:0:2	49.262499	11.468558		NO_MATCH_AND_SEEMS_UNSERVED								POINT(11.468558 49.262499)
964	Neumarkt i.d. OPf.	Fa. Dehn	de:09373:17022:0:1	49.266544	11.461434	bus	MATCHED	n5274971534	33.5	1.0	Firma Dehn	515	Neumarkt (Oberpf) / Neumarkt Fa. Pfleiderer	Regensburger Straße / Fa. Pfleiderer	LINESTRING(11.461434 49.266544,11.4614171 49.2668454)
965	Neumarkt i.d. OPf.	Fa. Dehn	de:09373:17022:0:2	49.26682	11.461596	bus	MATCHED	n9410702175	2.7	1.0	Firma Dehn	568	Neumarkt Stadtwerke	Bahnhof Neumarkt	LINESTRING(11.461596 49.26682,11.4615977 49.266844400000004)
966	Neumarkt i.d. OPf.	Fa. Pfleiderer	de:09373:17025:0:1	49.263783	11.461111	bus	MATCHED	n5275167880	43.1	1.0	Fa. Pfleiderer	514	Weichselstein / Neumarkt Ingolstädter Str.	Bahnhof Neumarkt / Ingolstädter Straße / Weichselstein / Firma Dehn	LINESTRING(11.461111 49.263783,11.4609661 49.2634069)
967	Neumarkt i.d. OPf.	Fa. Pfleiderer	de:09373:17025:0:2	49.263783	11.461254		MATCHED	n9410692855	0.4	1.0	Fa. Pfleiderer			Firma Dehn	LINESTRING(11.461254 49.263783,11.4612575 49.2637797)
968	Neumarkt i.d. OPf.	Faberpark	de:09373:17027:0:1	49.287467	11.471037	bus	NO_MATCH_BUT_OTHER_PLATFORM_MATCHED					564	Neumarkt Pelchenhofener Str. / Neumarkt Kohlenbrunnermühlstr.		POINT(11.471037 49.287467)
969	Neumarkt i.d. OPf.	Faberpark	de:09373:17027:0:2	49.287467	11.470992		MATCHED	n764716379	4.2	1.0	Faberpark			Kohlenbrunnermühlstraße	LINESTRING(11.470992 49.287467,11.471049200000001 49.287470600000006)
970	Neumarkt i.d. OPf.	Finanzamt	de:09373:17028:0:1	49.276327	11.46059	bus	MATCHED	n5275003077	4.4	1.0	Finanzamt	514	Neumarkt Seelstr. / Neumarkt Stadtwerke / Neumarkt Ärztehaus / Neumarkt Friedhof / Neumarkt Florianstr. / Neumarkt Berufsschule / Neumarkt Theo-Betz-Platz / Neumarkt (Oberpf) / Neumarkt Friedhof / Neumarkt Florianstr. / Neumarkt Fa. Pfleiderer	Ärztehaus / Bahnhof Neumarkt / Finanzamt	LINESTRING(11.46059 49.276327,11.4605841 49.2763664)
971	Neumarkt i.d. OPf.	Finanzamt	de:09373:17028:0:2	49.276128	11.460877	bus	MATCHED	n5275003076	35.0	1.0	Finanzamt	514	Neumarkt (Oberpf) / Neumarkt (Oberpf) / Neumarkt (Oberpf) / Neumarkt (Oberpf) / Neumarkt (Oberpf) / Neumarkt Seelstr. / Neumarkt Florianstr. / Neumarkt (Oberpf)	Finanzamt / Bahnhof Neumarkt	LINESTRING(11.460877 49.276128,11.460844400000001 49.276441600000005)
972	Neumarkt i.d. OPf.	Florianstr.	de:09373:17031:0:1	49.282533	11.449909	bus	MATCHED	n8042568318	3.3	1.0	Florianstraße	505,514,516	Neumarkt (Oberpf) / Neumarkt Berufsschulzentr. / Neumarkt Finanzamt / Postbauer-Heng Hauptstr. / Neumarkt Berufsschule / Neumarkt (Oberpf) / Neuricht (b. Berngau) Ort / Freystadt, Am Badgraben / Neumarkt Klebl Bauzentr. / Dillberg / Weichselstein / Abzw. Mittelricht / Neumarkt (Oberpf) / Postbauer-Heng Gh Stiegler / Tyrolsberg / Sengenthal Am Anger / Fuchsberg / Neumarkt Neuer Markt / Neumarkt Am Evangelienstein / Berngau Reifenstein / Postbauer-Heng / Neumarkt Marktplatz / Neumarkt Marktplatz / Neumarkt Klinikum / Buchberg Waldstr. / Sengenthal Max-Bögl-Str. / Neumarkt Theo-Betz-Platz	Theo-Betz-Platz / Marktplatz / Postbauer-Heng Hauptstraße / Gasthof Stiegler / Berufsschule / Tyrolsberg / Dillberg	LINESTRING(11.449909 49.282533,11.4498917 49.282506000000005)
973	Neumarkt i.d. OPf.	Florianstr.	de:09373:17031:0:2	49.282445	11.44972	bus	MATCHED	n8042568330	3.4	1.0	Florianstraße	513,581,583,587	Neumarkt (Oberpf) / Tauernfeld Gewerbepark / Sengenthal Max-Bögl-Str. / Neumarkt Marktplatz / Neumarkt Klinikum	Bahnhof Neumarkt / Sengenthal, Am Anger / Finanzamt / Sengenthal, Max-Bögl-Straße	LINESTRING(11.44972 49.282445,11.4497002 49.2824176)
974	Neumarkt i.d. OPf.	Florianstr.	de:09373:17031:0:3	49.282351	11.449522	bus	MATCHED	n8042568331	2.6	1.0	Florianstraße	581,587	Neumarkt (Oberpf)		LINESTRING(11.449522 49.282351,11.4495094 49.2823294)
975	Neumarkt i.d. OPf.	Florianstr.	de:09373:17031:0:4	49.28217	11.449459	bus	MATCHED	n8042568332	4.7	1.0	Florianstraße	518	Neumarkt Altdorfer Str. / Neumarkt Marktplatz		LINESTRING(11.449459 49.28217,11.4494048 49.282147800000004)
976	Neumarkt i.d. OPf.	Florianstr.	de:09373:17031:0:41	49.281888	11.450789	bus	NO_MATCH_BUT_OTHER_PLATFORM_MATCHED					RE22,S3	Pölling Fliederweg / Neumarkt (Oberpf) / Neumarkt (Oberpf)		POINT(11.450789 49.281888)
977	Neumarkt i.d. OPf.	Florianstr.	de:09373:17031:0:42	49.282211	11.450528		NO_MATCH_AND_SEEMS_UNSERVED								POINT(11.450528 49.282211)
978	Neumarkt i.d. OPf.	Florianstr.	de:09373:17031:0:5	49.281994	11.449666	bus	MATCHED	n8042568333	1.7	1.0	Florianstraße	512	Abzw. Loderbach / Neumarkt Altdorfer Str. / Neumarkt Marktplatz		LINESTRING(11.449666 49.281994,11.449644800000002 49.282001)
979	Neumarkt i.d. OPf.	Florianstr.	de:09373:17031:0:6	49.282023	11.450061		MATCHED	n8042568334	2.4	1.0	Florianstraße				LINESTRING(11.450061 49.282023,11.450039700000001 49.282006900000006)
980	Neumarkt i.d. OPf.	Florianstr.	de:09373:17031:0:7	49.282111	11.450394		MATCHED	n8042568335	2.8	1.0	Florianstraße				LINESTRING(11.450394 49.282111,11.4503559 49.28211)
981	Neumarkt i.d. OPf.	Flugplatz	de:09373:17033:0:1	49.286904	11.447753	bus	MATCHED	n10042679308	23.1	1.0	Flugplatz	561	Neumarkt Nürnberger Str.		LINESTRING(11.447753 49.286904,11.4480114 49.2867836)
982	Neumarkt i.d. OPf.	Flugplatz	de:09373:17033:0:2	49.286676	11.447618	bus	MATCHED	n205382308	19.0	1.0	Flugplatz	561	Neumarkt Klinikum	Klinikum	LINESTRING(11.447618 49.286676,11.447878900000001 49.28667)
983	Neumarkt i.d. OPf.	Freystädter Str.	de:09373:17034:0:1	49.275735	11.452963	bus	MATCHED	n10042773279	4.7	1.0	Freystädter Straße	516	Neumarkt Klebl Bauzentr.		LINESTRING(11.452963 49.275735,11.4529186 49.2757042)
984	Neumarkt i.d. OPf.	Freystädter Str.	de:09373:17034:0:2	49.275624	11.453107	bus	MATCHED	n5275807347	10.6	1.0	Freystädter Straße	516	Neumarkt Gansbrauerei		LINESTRING(11.453107 49.275624,11.4529735 49.27558560000001)
985	Neumarkt i.d. OPf.	Frickenhofen	de:09373:17121:0:1	49.282609	11.57155	bus	MATCHED	n10044159045	5.5	1.0	Frickenhofen	583	Niederhofen (b. Pilsach) / Krondorf (b. Velburg)		LINESTRING(11.57155 49.282609,11.5714775 49.282596000000005)
986	Neumarkt i.d. OPf.	Frickenhofen	de:09373:17121:0:2	49.28248	11.571199	bus	MATCHED	n10044159046	17.5	1.0	Frickenhofen	583	Lippertshofen Ort / Neumarkt Mariahilfstr.		LINESTRING(11.571199 49.28248,11.571387600000001 49.282382500000004)
987	Neumarkt i.d. OPf.	Friedhof	de:09373:17035:0:1	49.274346	11.462431	bus	MATCHED_THOUGH_REVERSED_DIR	n5275013866	3.5	1.0	Friedhof	518	Neumarkt Schweningerstr. / Neumarkt Ärztehaus / Neumarkt Berufsschule / Neumarkt Finanzamt	Friedhof	LINESTRING(11.462431 49.274346,11.4624701 49.2743277)
988	Neumarkt i.d. OPf.	Friedhof	de:09373:17035:0:2	49.27461	11.462404	bus	MATCHED	n5275013865	24.7	1.0	Friedhof	513	Neumarkt Finanzamt / Neumarkt Ärztehaus	Finanzamt	LINESTRING(11.462404 49.27461,11.462603900000001 49.27443)
989	Neumarkt i.d. OPf.	Friedlmühle	de:09373:17124:0:1	49.304784	11.49212	bus	MATCHED	n10044149563	5.9	1.0	Friedlmühle	522	Pilsach Schule		LINESTRING(11.49212 49.304784,11.4921994 49.3047752)
990	Neumarkt i.d. OPf.	Friedlmühle	de:09373:17124:0:2	49.304848	11.492111		NO_MATCH_AND_SEEMS_UNSERVED								POINT(11.492111 49.304848)
991	Neumarkt i.d. OPf.	Fuchsberg	de:09373:17144:0:1	49.285258	11.505973	bus	MATCHED	n288616713	4.3	1.0	Fuchsberg	583	Neumarkt Theo-Betz-Platz / Karhof	Pelchenhofen	LINESTRING(11.505973 49.285258,11.506025600000001 49.285276)
992	Neumarkt i.d. OPf.	Fuchsberg	de:09373:17144:0:2	49.285545	11.505721	bus	MATCHED	n10044166129	4.8	1.0	Fuchsberg	583	Neumarkt Mariahilfstr.		LINESTRING(11.505721 49.285545,11.505692300000002 49.285584300000004)
993	Neumarkt i.d. OPf.	Föhrenweg	de:09373:17032:0:1	49.281759	11.478673		MATCHED	n10042679311	4.6	1.0	Föhrenweg EKM				LINESTRING(11.478673 49.281759,11.478712000000002 49.2817911)
994	Neumarkt i.d. OPf.	Föhrenweg	de:09373:17032:0:2	49.28149	11.478439	bus	MATCHED	n10042679310	2.5	1.0	Föhrenweg EKM	565	Neumarkt Egerländer Str.		LINESTRING(11.478439 49.28149,11.478461800000002 49.2815072)
995	Neumarkt i.d. OPf.	Gansbrauerei	de:09373:17038:0:1	49.277001	11.459	bus	MATCHED	n10044182646	2.2	1.0	Gansbrauerei	516	Neumarkt Fa. Aptiv / Neumarkt Klebl Bauzentr. / Neumarkt Freystädter Str.		LINESTRING(11.459 49.277001,11.4590232 49.2770142)
996	Neumarkt i.d. OPf.	Gansbrauerei	de:09373:17038:0:2	49.276895	11.459575	bus	MATCHED	n205339904	3.7	1.0	Gansbrauerei	516	Neumarkt (Oberpf) / Neumarkt (Oberpf) / Neumarkt (Oberpf) / Neumarkt (Oberpf) / Neumarkt (Oberpf) / Neumarkt (Oberpf) / Neumarkt (Oberpf)	Johanneszentrum	LINESTRING(11.459575 49.276895,11.459622900000001 49.276884800000005)
997	Neumarkt i.d. OPf.	Ginsterweg	de:09373:17037:0:1	49.281982	11.478215	bus	MATCHED	n5275125196	2.1	1.0	Ginsterweg	565	Neumarkt Zedernweg	Ginsterweg	LINESTRING(11.478215 49.281982,11.4782077 49.282000200000006)
998	Neumarkt i.d. OPf.	Ginsterweg	de:09373:17037:0:2	49.28207	11.478242	bus	MATCHED	n5275125197	0.2	1.0	Ginsterweg	565	Neumarkt Birkenweg	Karl-Speier-Straße	LINESTRING(11.478242 49.28207,11.478242600000002 49.282071900000005)
999	Neumarkt i.d. OPf.	Hallenbad	de:09373:16994:0:1	49.281642	11.466689	bus	NO_MATCH					521	Neumarkt Marktplatz / Neumarkt Am Evangelienstein		POINT(11.466689 49.281642)
1000	Neumarkt i.d. OPf.	Hallenbad	de:09373:16994:0:2	49.28163	11.466716		NO_MATCH_AND_SEEMS_UNSERVED								POINT(11.466716 49.28163)
1001	Neumarkt i.d. OPf.	Hasenheide Försterst.	de:09373:17110:0:1	49.256115	11.463563	bus	MATCHED	n10044227495	10.9	1.0	Hasenheide, Förstersteig	568	Neumarkt Hasenheide Schule		LINESTRING(11.463563 49.256115,11.4636268 49.2562038)
1002	Neumarkt i.d. OPf.	Hasenheide Försterst.	de:09373:17110:0:2	49.256109	11.463608		NO_MATCH_AND_SEEMS_UNSERVED								POINT(11.463608 49.256109)
1003	Neumarkt i.d. OPf.	Hasenheide Kirche	de:09373:17044:0:1	49.257592	11.461165	bus	MATCHED_THOUGH_REVERSED_DIR	n355681646	3.1	1.0	Hasenheide, Kirche	568	Neumarkt Ingolstädter Str. / Neumarkt Regensburger Str.	Hasenheide, Schule	LINESTRING(11.461165 49.257592,11.4612022 49.257579)
1004	Neumarkt i.d. OPf.	Hasenheide Kirche	de:09373:17044:0:2	49.257592	11.461147		NO_MATCH_AND_SEEMS_UNSERVED								POINT(11.461147 49.257592)
1005	Neumarkt i.d. OPf.	Hasenheide Schule	de:09373:17046:0:1	49.254239	11.46129	bus	MATCHED	n10044297163	1.2	1.0	Hasenheide, Schule	568	Neumarkt Hasenheide Kirche		LINESTRING(11.46129 49.254239,11.4613004 49.2542307)
1006	Neumarkt i.d. OPf.	Hasenheide Schule	de:09373:17046:0:2	49.254291	11.461281		NO_MATCH_AND_SEEMS_UNSERVED								POINT(11.461281 49.254291)
1007	Neumarkt i.d. OPf.	Heideweg	de:09373:17047:0:1	49.284701	11.473364		MATCHED	n764621372	25.1	1.0	Heideweg			Karl-Speier-Straße	LINESTRING(11.473364 49.284701,11.473453000000001 49.2849191)
1008	Neumarkt i.d. OPf.	Heideweg	de:09373:17047:0:2	49.284637	11.473498	bus	MATCHED	n764621373	31.7	1.0	Heideweg	564	Neumarkt Karl-Speier-Str. / Neumarkt Pelchenhofener Str.	Pelchenhofener Straße	LINESTRING(11.473498 49.284637,11.4735881 49.2849159)
1009	Neumarkt i.d. OPf.	Helena	de:09373:17126:0:1	49.267488	11.505191	bus	MATCHED_THOUGH_OSM_NO_NAME	n10204042771	0.4	0.35		566	Voggenthal Ort / Höhenberg (b.NM) Gotenstr.		LINESTRING(11.505191 49.267488,11.5051857 49.2674875)
1010	Neumarkt i.d. OPf.	Holzheim (b. NM) Am Sand	de:09373:17133:0:1	49.293138	11.45873	bus	MATCHED	n10060776808	4.5	1.0	Holzheim (b.NM) Am Sand	562	Holzheim (b.NM) Heiligenwiesen		LINESTRING(11.45873 49.293138,11.458780500000001 49.2931612)
1011	Neumarkt i.d. OPf.	Holzheim (b. NM) Am Sand	de:09373:17133:0:2	49.293232	11.458712		NO_MATCH_AND_SEEMS_UNSERVED								POINT(11.458712 49.293232)
1012	Neumarkt i.d. OPf.	Holzheim (b. NM) Am Sand	de:09373:17133:0:42	49.294626	11.458685		NO_MATCH_AND_SEEMS_UNSERVED								POINT(11.458685 49.294626)
1013	Neumarkt i.d. OPf.	Holzheim (b. NM) Heiligenwiesen	de:09373:17135:0:1	49.296302	11.456619	bus	MATCHED	n759802176	1.1	1.0	Heiligenwiesen	562	Holzheim (b.NM) Triftstr.	Am Sand	LINESTRING(11.456619 49.296302,11.456633100000001 49.2962976)
1014	Neumarkt i.d. OPf.	Holzheim (b. NM) Heiligenwiesen	de:09373:17135:0:2	49.296226	11.456673		NO_MATCH_AND_SEEMS_UNSERVED								POINT(11.456673 49.296226)
1015	Neumarkt i.d. OPf.	Holzheim (b. NM) Maienbreite	de:09373:17138:0:1	49.291633	11.448319	bus	MATCHED_THOUGH_REVERSED_DIR	n753944923	0.9	1.0	Sparkasse	562,573	Holzheim (b.NM) Schule	Sankt-Anna-Straße	LINESTRING(11.448319 49.291633,11.4483292 49.2916382)
1016	Neumarkt i.d. OPf.	Holzheim (b. NM) Maienbreite	de:09373:17138:0:2	49.291592	11.448211	bus	MATCHED_THOUGH_NAMES_DIFFER	n10049021475	13.7	1.0	Sparkassse	562	Neumarkt St.-Anna-Str.		LINESTRING(11.448211 49.291592,11.4482461 49.291712700000005)
1017	Neumarkt i.d. OPf.	Holzheim (b. NM) Schule	de:09373:17136:0:1	49.291996	11.454382	bus	MATCHED	n753944979	0.3	1.0	Holzheim (b.NM) Schule	562,573	Abzw. Holzheim (b.NM) / Holzheim (b.NM) Am Sand	Sparkasse	LINESTRING(11.454382 49.291996,11.4543864 49.2919971)
1018	Neumarkt i.d. OPf.	Holzheim (b. NM) Schule	de:09373:17136:0:2	49.292101	11.454328	bus	MATCHED	n760586269	1.2	1.0	Holzheim (b.NM) Schule	562	Holzheim (b.NM) Maienbreite	Holzheim (b.NM) Schule	LINESTRING(11.454328 49.292101,11.4543122 49.292103100000006)
1019	Neumarkt i.d. OPf.	Holzheim (b. NM) Triftstr. 	de:09373:17134:0:1	49.29356	11.456098	bus	MATCHED_THOUGH_NAMES_DIFFER	n760584287	2.5	1.0	Triftstraße	562	Holzheim (b.NM) Schule	Heiligenwiesen	LINESTRING(11.456098 49.29356,11.4561154 49.293540400000005)
1020	Neumarkt i.d. OPf.	Holzheim (b. NM) Triftstr. 	de:09373:17134:0:2	49.293543	11.45626		MATCHED_THOUGH_NAMES_DIFFER	n10017392204	1.6	0.33	Triftstraße				LINESTRING(11.45626 49.293543,11.456281 49.293539)
1021	Neumarkt i.d. OPf.	Holzheim (b. NM) Triftstr. 	de:09373:17134:0:41	49.294521	11.456062		NO_MATCH_AND_SEEMS_UNSERVED								POINT(11.456062 49.294521)
1022	Neumarkt i.d. OPf.	Hutäcker	de:09373:17049:0:1	49.286646	11.480002	bus	MATCHED_THOUGH_REVERSED_DIR	n352759510	1.4	1.0	Hutäcker	565	Wolfstein Hl. Kreuz	Zedernweg	LINESTRING(11.480002 49.286646,11.4800023 49.286658800000005)
1023	Neumarkt i.d. OPf.	Hutäcker	de:09373:17049:0:2	49.286676	11.479912		NO_MATCH_AND_SEEMS_UNSERVED								POINT(11.479912 49.286676)
1024	Neumarkt i.d. OPf.	Höhenberg (b. NM) Gotenstr. 	de:09373:17129:0:1	49.273414	11.49734	bus	MATCHED	n1798181104	4.4	1.0	Gotenstraße	566	Höhenberg im Tal (b.NM) / Helena	Theo-Betz-Platz	LINESTRING(11.49734 49.273414,11.4973215 49.2734516)
1025	Neumarkt i.d. OPf.	Höhenberg (b. NM) Gotenstr. 	de:09373:17129:0:2	49.273355	11.497492		NO_MATCH_AND_SEEMS_UNSERVED								POINT(11.497492 49.273355)
1026	Neumarkt i.d. OPf.	Höhenberg (b. NM) Schlösseläcker	de:09373:17128:0:1	49.272195	11.49522		NO_MATCH_AND_SEEMS_UNSERVED								POINT(11.49522 49.272195)
1027	Neumarkt i.d. OPf.	Höhenberg (b. NM) Schlösseläcker	de:09373:17128:0:2	49.272166	11.495372		NO_MATCH_AND_SEEMS_UNSERVED								POINT(11.495372 49.272166)
1028	Neumarkt i.d. OPf.	Höhenberg im Tal (b. NM)	de:09373:17127:0:1	49.277194	11.487252	bus	MATCHED	n1798182656	6.2	1.0	Höhenberg im Tal	566	Höhenberg (b.NM) Gotenstr. / Voggenthal Ort	Gotenstraße	LINESTRING(11.487252 49.277194,11.487325700000001 49.2771665)
1029	Neumarkt i.d. OPf.	Höhenberg im Tal (b. NM)	de:09373:17127:0:2	49.277294	11.487099	bus	MATCHED	n10044456249	7.5	1.0	Höhenberg im Tal	566	Neumarkt Sturmwiese		LINESTRING(11.487099 49.277294,11.4869965 49.2772851)
1030	Neumarkt i.d. OPf.	Iberlsmühle	de:09373:17141:0:1	49.310717	11.506161	bus	MATCHED	n5275517826	1.1	1.0	Iberlsmühle	521	Rödelberg / Pilsach Schule / Abzw. Friedlmühle	Rödelberg	LINESTRING(11.506161 49.310717,11.5061684 49.3107084)
1031	Neumarkt i.d. OPf.	Iberlsmühle	de:09373:17141:0:2	49.31067	11.506269		NO_MATCH_AND_SEEMS_UNSERVED								POINT(11.506269 49.31067)
1032	Neumarkt i.d. OPf.	Impfzentrum	de:09373:17327:0:1	49.312562	11.472798		NO_MATCH_AND_SEEMS_UNSERVED								POINT(11.472798 49.312562)
1033	Neumarkt i.d. OPf.	Ingolstädter Str.	de:09373:17050:0:1	49.259908	11.459242	bus	MATCHED	n355681643	3.3	1.0	Ingolstädter Straße	514	Sengenthal Max-Bögl-Str. / Buchberg Waldstr. / Neumarkt Fa. Dehn / Neumarkt Hasenheide Försterst. / Rocksdorf / Sengenthal Am Anger	Sengenthal, Max-Bögl-Straße / Sengenthal, Am Anger / Fa. Pfleiderer	LINESTRING(11.459242 49.259908,11.459268100000001 49.2598842)
1034	Neumarkt i.d. OPf.	Ingolstädter Str.	de:09373:17050:0:2	49.259855	11.459422	bus	MATCHED	n355681645	2.1	1.0	Ingolstädter Straße	514	Neumarkt Fa. Dehn / Neumarkt Theo-Betz-Platz / Neumarkt (Oberpf) / Neumarkt Finanzamt	Fa. Pfleiderer / Ingolstädter Straße	LINESTRING(11.459422 49.259855,11.459438500000001 49.2598399)
1035	Neumarkt i.d. OPf.	Ischhofen Feuerwehrhaus	de:09373:17143:0:1	49.310325	11.517794	bus	MATCHED	n9857821164	22.5	1.0	Ischhofen, Feuerwehrhaus	521,522	Rödelberg / Tartsberg / Abzw. Pfeffertshofen / Abzw. Friedlmühle / Inzenhof b. Pilsach / Rödelberg		LINESTRING(11.517794 49.310325,11.51806 49.3102218)
1036	Neumarkt i.d. OPf.	Ischhofen Feuerwehrhaus	de:09373:17143:0:2	49.310231	11.517758		NO_MATCH_AND_SEEMS_UNSERVED								POINT(11.517758 49.310231)
1037	Neumarkt i.d. OPf.	Johanneszentrum	de:09373:17051:0:1	49.281009	11.452936	bus	MATCHED_THOUGH_REVERSED_DIR	n281117027	0.5	1.0	Johanneszentrum	561,569,570	Neumarkt Volksfestplatz / Neumarkt Klebl Bauzentr.	Gasthof Feihl / Johanneszentrum / Rathaus	LINESTRING(11.452936 49.281009,11.452940900000002 49.2810058)
1038	Neumarkt i.d. OPf.	Johanneszentrum	de:09373:17051:0:2	49.280886	11.453394	bus	MATCHED	n281117026	17.7	1.0	Johanneszentrum	561,563,565,569,570	Neumarkt Theo-Betz-Platz / Neumarkt Neuer Markt / Neumarkt Rathaus	Kettelerstraße / Johanneszentrum	LINESTRING(11.453394 49.280886,11.4531673 49.2808282)
1039	Neumarkt i.d. OPf.	Johanneszentrum	de:09373:17051:0:41	49.280412	11.453655		NO_MATCH_AND_SEEMS_UNSERVED								POINT(11.453655 49.280412)
1040	Neumarkt i.d. OPf.	Kapuzinerhölzl	de:09373:17061:0:1	49.292201	11.477792	bus	MATCHED	n2178115410	1.9	1.0	Kapuzinerhölzl	564	Neumarkt Wilhelm-Busch-Str.		LINESTRING(11.477792 49.292201,11.4778178 49.292198600000006)
1041	Neumarkt i.d. OPf.	Kapuzinerhölzl	de:09373:17061:0:2	49.292183	11.477999		NO_MATCH_AND_SEEMS_UNSERVED								POINT(11.477999 49.292183)
1042	Neumarkt i.d. OPf.	Karhof	de:09373:17145:0:1	49.281748	11.518145	bus	MATCHED	n10044648683	3.0	1.0	Karhof	583	Fuchsberg / Pelchenhofen		LINESTRING(11.518145 49.281748,11.5181847 49.2817561)
1043	Neumarkt i.d. OPf.	Karhof	de:09373:17145:0:2	49.281671	11.518181	bus	NO_MATCH_BUT_OTHER_PLATFORM_MATCHED					583	Fuchsberg		POINT(11.518181 49.281671)
1044	Neumarkt i.d. OPf.	Karhof	de:09373:17145:0:3	49.281865	11.517731		MATCHED	n5224883962	0.7	1.0	Karhof			Theo-Betz-Platz	LINESTRING(11.517731 49.281865,11.5177381 49.281860200000004)
1045	Neumarkt i.d. OPf.	Karl-Speier-Str.	de:09373:17053:0:1	49.282193	11.471298	bus	MATCHED	n764621362	2.7	1.0	Karl-Speier-Straße	564,565	Neumarkt Birkenweg / Neumarkt Heideweg	Heideweg / Schlossbad	LINESTRING(11.471298 49.282193,11.471263200000001 49.282202500000004)
1046	Neumarkt i.d. OPf.	Karl-Speier-Str.	de:09373:17053:0:2	49.282263	11.471037	bus	MATCHED	n764621360	6.8	1.0	Karl-Speier-Straße	564,565	Neumarkt Schlossbad	Karl-Speier-Straße / Schlossbad	LINESTRING(11.471037 49.282263,11.4711257 49.2822821)
1047	Neumarkt i.d. OPf.	Karl-Speier-Str.	de:09373:17053:0:3	49.282105	11.47163		NO_MATCH_AND_SEEMS_UNSERVED								POINT(11.47163 49.282105)
1048	Neumarkt i.d. OPf.	Karl-Speier-Str.	de:09373:17053:0:4	49.282105	11.471477		NO_MATCH_AND_SEEMS_UNSERVED								POINT(11.471477 49.282105)
1049	Neumarkt i.d. OPf.	Kerschensteinerstr.	de:09373:17054:0:1	49.2641	11.47454	bus	MATCHED	n5275210099	2.6	1.0	Kerschensteinerstraße	515,517,567,568,587	Tauernfeld Gewerbepark / Neumarkt Ärztehaus / Neumarkt Regensburger Str.	Kerschensteinerstraße / Regensburger Straße	LINESTRING(11.47454 49.2641,11.474575300000001 49.264103600000006)
1050	Neumarkt i.d. OPf.	Kerschensteinerstr.	de:09373:17054:0:2	49.264147	11.474729	bus	MATCHED	n5275210098	4.1	1.0	Kerschensteinerstraße	513,567,568	Neumarkt Ärztehaus / Neumarkt Ärztehaus / Neumarkt Berufsschulzentr.	Schönwerthstraße / Ärztehaus	LINESTRING(11.474729 49.264147,11.474785200000001 49.264143000000004)
1051	Neumarkt i.d. OPf.	Kettelerstr.	de:09373:17055:0:1	49.282386	11.482032	bus	MATCHED_THOUGH_REVERSED_DIR	n5275836254	3.5	1.0	Kettelerstraße	565	Neumarkt Föhrenweg / Neumarkt Ginsterweg	Am Lohgraben	LINESTRING(11.482032 49.282386,11.482003 49.282360600000004)
1052	Neumarkt i.d. OPf.	Kettelerstr.	de:09373:17055:0:2	49.282105	11.481817		NO_MATCH_AND_SEEMS_UNSERVED								POINT(11.481817 49.282105)
1053	Neumarkt i.d. OPf.	Klebl Bauzentr.	de:09373:17056:0:1	49.274592	11.447771	bus	MATCHED_THOUGH_REVERSED_DIR	n5275064705	8.7	1.0	Klebl-Bauzentrum	516	Stauf (b.NM) Kirche / Stauf (b.NM) Moosweiherstr. / Neumarkt Max-Künzel-Str. / Berngau Reifenstein	Gansbrauerei	LINESTRING(11.447771 49.274592,11.447878600000001 49.274625500000006)
1054	Neumarkt i.d. OPf.	Klebl Bauzentr.	de:09373:17056:0:2	49.274569	11.448166	bus	MATCHED	n5275064706	0.8	1.0	Klebl-Bauzentrum	516	Neumarkt Florianstr. / Neumarkt Johanneszentrum / Neumarkt Gansbrauerei / Neumarkt Freystädter Str.	Klebl-Bauzentrum	LINESTRING(11.448166 49.274569,11.448158900000001 49.2745739)
1055	Neumarkt i.d. OPf.	Klebl Bauzentr.	de:09373:17056:0:41	49.273021	11.447483		NO_MATCH_AND_SEEMS_UNSERVED								POINT(11.447483 49.273021)
1056	Neumarkt i.d. OPf.	Klebl Bauzentr.	de:09373:17056:0:42	49.273033	11.447591		NO_MATCH_AND_SEEMS_UNSERVED								POINT(11.447591 49.273033)
1057	Neumarkt i.d. OPf.	Klinikum	de:09373:17062:0:1	49.284953	11.452002	bus	MATCHED_THOUGH_REVERSED_DIR	n1708593271	7.3	1.0	Klinikum	506	Neumarkt Flugplatz / Tyrolsberg / Neumarkt St.-Anna-Str.	Klinikum	LINESTRING(11.452002 49.284953,11.4519123 49.284983000000004)
1058	Neumarkt i.d. OPf.	Klinikum	de:09373:17062:0:2	49.284601	11.45237	bus	MATCHED	n2689706272	6.9	1.0	Klinikum	506	Neumarkt Marktplatz / Neumarkt Landratsamt / Neumarkt Landratsamt	Landratsamt	LINESTRING(11.45237 49.284601,11.4523167 49.28455)
1059	Neumarkt i.d. OPf.	Klostertor	de:09373:17057:0:1	49.280324	11.462216	bus	MATCHED	n764621371	0.7	1.0	Klostertor	564,565	Neumarkt Museum Lothar Fischer	Museum Lothar Fischer / Theo-Betz-Platz	LINESTRING(11.462216 49.280324,11.4622173 49.2803301)
1060	Neumarkt i.d. OPf.	Klostertor	de:09373:17057:0:2	49.280371	11.462054	bus	MATCHED	n764621366	4.2	1.0	Klostertor	564,565	Neumarkt Theo-Betz-Platz	Klostertor / Bahnhof Neumarkt	LINESTRING(11.462054 49.280371,11.4620993 49.280347600000006)
1061	Neumarkt i.d. OPf.	Kohlenbrunnermühlstr.	de:09373:17059:0:1	49.29322	11.475933	bus	MATCHED	n10048902482	51.7	1.0	Neumarkt Kohlenbrunnermühlstraße	564	Neumarkt Sachsenstr.		LINESTRING(11.475933 49.29322,11.475319 49.293454200000006)
1062	Neumarkt i.d. OPf.	Kohlenbrunnermühlstr.	de:09373:17059:0:2	49.293121	11.476023		MATCHED	n764716380	20.3	0.27	Kohlenbrunnermühlstraße			Sachsenstraße	LINESTRING(11.476023 49.293121,11.475970400000001 49.2933)
1063	Neumarkt i.d. OPf.	Koppenmühle	de:09373:17150:0:1	49.297802	11.46562	bus	MATCHED	n295207320	1.7	1.0	Koppenmühle	573	Neumarkt Blomenhofstr.	Blomenhofstraße	LINESTRING(11.46562 49.297802,11.465596900000001 49.2978029)
1064	Neumarkt i.d. OPf.	Koppenmühle	de:09373:17150:0:2	49.297813	11.465521		NO_MATCH_AND_SEEMS_UNSERVED								POINT(11.465521 49.297813)
1065	Neumarkt i.d. OPf.	Koppenmühle Dr. -O. -Schedl-Str. 	de:09373:17152	49.298124	11.466905		NO_MATCH_AND_SEEMS_UNSERVED								POINT(11.466905 49.298124)
1066	Neumarkt i.d. OPf.	Kornstr.	de:09373:17060:0:1	49.286553	11.463868	bus	MATCHED	n753707986	4.8	1.0	Kornstraße	563	Neumarkt Altdorfer Str.	Altdorfer Straße	LINESTRING(11.463868 49.286553,11.463932900000001 49.2865623)
1067	Neumarkt i.d. OPf.	Kornstr.	de:09373:17060:0:2	49.286535	11.46377	bus	MATCHED	n753792600	1.5	1.0	Kornstraße	563	Neumarkt Am Evangelienstein	Am Evangelienstein	LINESTRING(11.46377 49.286535,11.4637896 49.286531200000006)
1068	Neumarkt i.d. OPf.	Labersricht	de:09373:17146:0:1	49.298136	11.489066	bus	MATCHED	n10048937463	10.1	1.0	Labersricht	521	Abzw. Friedlmühle / Neumarkt Abzw. EFA-Str.		LINESTRING(11.489066 49.298136,11.4891424 49.2980607)
1069	Neumarkt i.d. OPf.	Labersricht	de:09373:17146:0:2	49.298159	11.48921		MATCHED	n352759513	4.0	1.0	Labersricht				LINESTRING(11.48921 49.298159,11.4892409 49.298188800000005)
1070	Neumarkt i.d. OPf.	Lampertshofen	de:09373:17151:0:1	49.293291	11.550861	bus	MATCHED	n921756861	68.7	1.0	Lampertshofen	583	Lippertshofen Ort / Pelchenhofen	Lippertshofen, Ort	LINESTRING(11.550861 49.293291,11.5516009 49.2929073)
1071	Neumarkt i.d. OPf.	Lampertshofen	de:09373:17151:0:2	49.29291	11.551553	bus	MATCHED	n10048984082	59.8	1.0	Lampertshofen	583	Pelchenhofen		LINESTRING(11.551553 49.29291,11.5519108 49.293393800000004)
1072	Neumarkt i.d. OPf.	Landesgartenschau	de:09373:17063:0:1	49.290109	11.461003	bus	MATCHED	n699547807	0.8	1.0	Landesgartenschau	563,573	Altenhof (NM) Geschäftszentrum	Geschäftszentrum	LINESTRING(11.461003 49.290109,11.4610035 49.290101500000006)
1073	Neumarkt i.d. OPf.	Landesgartenschau	de:09373:17063:0:2	49.290209	11.461165		NO_MATCH_AND_SEEMS_UNSERVED								POINT(11.461165 49.290209)
1074	Neumarkt i.d. OPf.	Landratsamt	de:09373:17065:0:1	49.282791	11.45643	bus	MATCHED_THOUGH_REVERSED_DIR	n293225477	122.8	1.0	Neuer Markt	513	Neumarkt Klinikum / Neumarkt Marktplatz	Rathaus / Florianstraße	LINESTRING(11.45643 49.282791,11.4581158 49.2828425)
1075	Neumarkt i.d. OPf.	Landratsamt	de:09373:17065:0:2	49.282633	11.456233	bus	MATCHED_THOUGH_REVERSED_DIR	n293225478	133.2	1.0	Neuer Markt	513	Neumarkt Rathaus / Neumarkt Marktplatz	Am Evangelienstein / Milchhofstraße	LINESTRING(11.456233 49.282633,11.4580613 49.2825703)
1076	Neumarkt i.d. OPf.	Leipziger Str.	de:09373:17066:0:1	49.295493	11.475915	bus	MATCHED	n763448071	5.5	1.0	Leipziger Straße	564	Neumarkt Abzw. Regerstr. / Neumarkt Kapuzinerhölzl		LINESTRING(11.475915 49.295493,11.475942900000002 49.2955392)
1077	Neumarkt i.d. OPf.	Leipziger Str.	de:09373:17066:0:2	49.295628	11.476023		NO_MATCH_AND_SEEMS_UNSERVED								POINT(11.476023 49.295628)
1078	Neumarkt i.d. OPf.	Lippertshofen Aussiedlerhof	de:09373:17158:0:1	49.279111	11.54336		MATCHED	n9991408193	7.9	1.0	Lippertshofen Aussiedlerhof				LINESTRING(11.54336 49.279111,11.543468500000001 49.2791105)
1079	Neumarkt i.d. OPf.	Lippertshofen Aussiedlerhof	de:09373:17158:0:2	49.27904	11.54336		NO_MATCH_AND_SEEMS_UNSERVED								POINT(11.54336 49.27904)
1080	Neumarkt i.d. OPf.	Lippertshofen Ort	de:09373:17153:0:1	49.281759	11.549316	bus	MATCHED	n921756984	2.2	1.0	Lippertshofen, Ort	583	Niederhofen (b. Pilsach) / Lampertshofen / Frickenhofen	Abzw. Voggenthal	LINESTRING(11.549316 49.281759,11.5493395 49.281771000000006)
1081	Neumarkt i.d. OPf.	Lippertshofen Ort	de:09373:17153:0:2	49.28183	11.549208	bus	NO_MATCH_BUT_OTHER_PLATFORM_MATCHED					583	Lampertshofen		POINT(11.549208 49.28183)
1082	Neumarkt i.d. OPf.	Ludwig-Wifling-Str.	de:09373:17067:0:1	49.267676	11.468288	bus	MATCHED	n10048993878	36.4	1.0	Ludwig-Wifling-Straße	568	Neumarkt Deininger Weg/Sportz. / Neumarkt Ärztehaus		LINESTRING(11.468288 49.267676,11.4687207 49.267511400000004)
1083	Neumarkt i.d. OPf.	Ludwig-Wifling-Str.	de:09373:17067:0:2	49.267705	11.46854	bus	MATCHED	n5275177046	29.4	1.0	Ludwig-Wifling-Straße	568	Neumarkt Medererstr.	Berufsschulzentrum	LINESTRING(11.46854 49.267705,11.468853500000002 49.2675385)
1084	Neumarkt i.d. OPf.	Lähr	de:09373:17149:0:1	49.262212	11.489183	bus	MATCHED	n1186247707	3.7	1.0	Lähr	567	Lähr Fa. Klebl	Fa. Klebl	LINESTRING(11.489183 49.262212,11.4892207 49.2621898)
1085	Neumarkt i.d. OPf.	Lähr	de:09373:17149:0:2	49.262365	11.48912		NO_MATCH_AND_SEEMS_UNSERVED								POINT(11.48912 49.262365)
1086	Neumarkt i.d. OPf.	Lähr Fa. Klebl	de:09373:17148:0:1	49.258443	11.484368	bus	MATCHED_THOUGH_REVERSED_DIR	n5275036381	4.9	1.0	Fa. Klebl	567	Lähr	Regensburger Straße	LINESTRING(11.484368 49.258443,11.4844278 49.258462900000005)
1087	Neumarkt i.d. OPf.	Lähr Fa. Klebl	de:09373:17148:0:2	49.258507	11.484287	bus	MATCHED	n10042410111	7.7	1.0	Fa. Klebl	567	Neumarkt Regensburger Str.		LINESTRING(11.484287 49.258507,11.4842159 49.2584559)
1088	Neumarkt i.d. OPf.	Mariahilfstr.	de:09373:17068:0:1	49.276397	11.476139	bus	MATCHED	n2656206818	3.3	1.0	Mariahilfstraße	505	Neumarkt (Oberpf) / Neumarkt Berufsschule / Neumarkt Sturmwiese / Fuchsberg / Frickenhofen / Neumarkt Seelstr. / Neumarkt (Oberpf)	Mariahilfstraße	LINESTRING(11.476139 49.276397,11.4761182 49.276371100000006)
1089	Neumarkt i.d. OPf.	Mariahilfstr.	de:09373:17068:0:2	49.276497	11.476041	bus	MATCHED_THOUGH_REVERSED_DIR	n2656206817	1.9	1.0	Mariahilfstraße	566	Neumarkt Ziegelhüttenweg	Sturmwiese	LINESTRING(11.476041 49.276497,11.476053100000001 49.276481600000004)
1090	Neumarkt i.d. OPf.	Marktplatz	de:09373:17070:0:1	49.279749	11.45882	bus	MATCHED	n7783653295	2.2	1.0	Marktplatz	505,506,516	Neumarkt Florianstr. / Neumarkt (Oberpf) / Berg Raiffeisenbank / Neumarkt (Oberpf) / Neumarkt Altdorfer Str. / Neumarkt Florianstr. / Neumarkt Klinikum / Neumarkt Florianstr. / Neumarkt Theo-Betz-Platz	Am Evangelienstein / Florianstraße	LINESTRING(11.45882 49.279749,11.458846900000001 49.2797575)
1091	Neumarkt i.d. OPf.	Marktplatz	de:09373:17070:0:2	49.279404	11.45882	bus	MATCHED	n5275045163	2.3	1.0	Marktplatz	505,506	Neumarkt (Oberpf) / Neumarkt (Oberpf) / Neumarkt Am Evangelienstein / Neumarkt Friedhof / Neumarkt (Oberpf) / Neumarkt Ärztehaus / Neumarkt Theo-Betz-Platz / Neumarkt Finanzamt / Neumarkt Neuer Markt / Neumarkt Hallenbad / Neumarkt (Oberpf) / Neumarkt (Oberpf) / Neumarkt Seelstr. / Neumarkt (Oberpf) / Neumarkt Berufsschule	Bahnhof Neumarkt / Theo-Betz-Platz	LINESTRING(11.45882 49.279404,11.458826100000001 49.279424600000006)
1092	Neumarkt i.d. OPf.	Max-Künzel-Str.	de:09373:17071:0:1	49.27495	11.445624	bus	MATCHED	n10053308317	6.1	1.0	Max-Künzel-Straße	569	Neumarkt Wallensteinstr.		LINESTRING(11.445624 49.27495,11.445673900000001 49.2749055)
1093	Neumarkt i.d. OPf.	Max-Künzel-Str.	de:09373:17071:0:2	49.274762	11.445597	bus	MATCHED	n190138459	3.5	1.0	Max-Künzel-Straße	569	Neumarkt Klebl Bauzentr.	Klebl-Bauzentrum	LINESTRING(11.445597 49.274762,11.4456448 49.2747577)
1094	Neumarkt i.d. OPf.	Medererstr.	de:09373:17072:0:1	49.269833	11.46606	bus	MATCHED	n10053311130	11.5	0.34	Medererstraße	568	Neumarkt Ludwig-Wifling-Str.		LINESTRING(11.46606 49.269833,11.4661726 49.2699056)
1095	Neumarkt i.d. OPf.	Medererstr.	de:09373:17072:0:2	49.26988	11.46615	bus	MATCHED	n5275594878	4.7	0.61	Medererstraße	568	Neumarkt Stadtwerke	Neumarkt Stadtwerke	LINESTRING(11.46615 49.26988,11.4660855 49.2698838)
1096	Neumarkt i.d. OPf.	Milchhofstr.	de:09373:17077:0:1	49.285973	11.460608	bus	MATCHED	n755058898	11.3	1.0	Milchhofstraße	563,573	Neumarkt Altdorfer Str.	Altdorfer Straße	LINESTRING(11.460608 49.285973,11.460590600000002 49.2858724)
1097	Neumarkt i.d. OPf.	Milchhofstr.	de:09373:17077:0:2	49.285967	11.46041	bus	MATCHED	n755107810	0.5	1.0	Milchhofstraße	563,573	Neumarkt Neuer Markt	Milchhofstraße / Neuer Markt	LINESTRING(11.46041 49.285967,11.4604102 49.285962600000005)
1098	Neumarkt i.d. OPf.	Museum Lothar Fischer	de:09373:17097:0:1	49.281754	11.463294	bus	MATCHED	n764621368	5.8	1.0	Museum Lothar Fischer	564,565	Neumarkt EFA-Str. / Neumarkt Schlossbad	Klostertor / EFA-Str. / Schlossbad	LINESTRING(11.463294 49.281754,11.463269700000001 49.281704700000006)
1099	Neumarkt i.d. OPf.	Museum Lothar Fischer	de:09373:17097:0:2	49.281671	11.463069	bus	MATCHED	n764621370	7.0	1.0	Museum Lothar Fischer	564,565	Neumarkt Klostertor	Klostertor / Museum Lothar Fischer	LINESTRING(11.463069 49.281671,11.4631333 49.281717400000005)
1100	Neumarkt i.d. OPf.	Münchener Ring	de:09373:17074	49.260108	11.445992		NO_MATCH_AND_SEEMS_UNSERVED								POINT(11.445992 49.260108)
1101	Neumarkt i.d. OPf.	Nobelstr.	de:09373:17075:0:1	49.267453	11.474325	bus	MATCHED	n10063964430	1.4	1.0	Nobelstraße	567	Neumarkt Ärztehaus		LINESTRING(11.474325 49.267453,11.474329200000001 49.267440500000006)
1102	Neumarkt i.d. OPf.	Nobelstr.	de:09373:17075:0:2	49.267388	11.474442	bus	MATCHED	n265746779	15.1	1.0	Nobelstraße	567	Neumarkt Oberer Lährer Weg	Oberer Lährer Weg	LINESTRING(11.474442 49.267388,11.4742578 49.267325400000004)
1103	Neumarkt i.d. OPf.	Nürnberger Str.	de:09373:17078:0:1	49.287977	11.445103	bus	MATCHED_AMBIGUOUSLY	n10053132242	20.1	1.0	Nürnberger Straße	561	Pölling Siegfriedstr. / Pölling Siedlerstr. / Pölling Fliederweg		LINESTRING(11.445103 49.287977,11.444896400000001 49.2878576)
1104	Neumarkt i.d. OPf.	Nürnberger Str.	de:09373:17078:0:1	49.287977	11.445103	bus	MATCHED_AMBIGUOUSLY	n3657456603	1.1	1.0	Nürnberger Straße	561	Pölling Siegfriedstr. / Pölling Siedlerstr. / Pölling Fliederweg	Flugplatz	LINESTRING(11.445103 49.287977,11.445116500000001 49.2879723)
1105	Neumarkt i.d. OPf.	Nürnberger Str.	de:09373:17078:0:2	49.287807	11.444968	bus	NO_MATCH_BUT_OTHER_PLATFORM_MATCHED					561	Neumarkt Flugplatz		POINT(11.444968 49.287807)
1106	Neumarkt i.d. OPf.	Oberer Lährer Weg	de:09373:17081:0:1	49.270038	11.472097	bus	MATCHED	n10053199365	3.9	1.0	Oberer Lährer Weg	567	Neumarkt Nobelstr.		LINESTRING(11.472097 49.270038,11.4721387 49.270059800000006)
1107	Neumarkt i.d. OPf.	Oberer Lährer Weg	de:09373:17081:0:2	49.270114	11.472214	bus	MATCHED	n10053199364	5.3	1.0	Oberer Lährer Weg	567	Neumarkt Dientzenhoferstr.		LINESTRING(11.472214 49.270114,11.4722554 49.2700746)
1108	Neumarkt i.d. OPf.	Oberer Markt	de:09373:17080:0:1	49.277675	11.460284	bus	MATCHED	n345303442	3.3	1.0	Oberer Markt	561,562,563,569,570,573	Neumarkt Rathaus	Oberer Markt / Bahnhof Neumarkt / Rathaus	LINESTRING(11.460284 49.277675,11.4603202 49.2776566)
1109	Neumarkt i.d. OPf.	Oberer Markt	de:09373:17080:0:2	49.277528	11.46023	bus	MATCHED	n753823142	9.4	1.0	Oberer Markt	561,562,563,569,570,573	Neumarkt (Oberpf) / Neumarkt (Oberpf) / Neumarkt (Oberpf) / Neumarkt (Oberpf) / Neumarkt (Oberpf) / Neumarkt (Oberpf) / Neumarkt (Oberpf) / Neumarkt (Oberpf) / Neumarkt (Oberpf)	Bahnhof Neumarkt / Oberer Markt	LINESTRING(11.46023 49.277528,11.4602125 49.277611400000005)
1110	Neumarkt i.d. OPf.	Parkstr.	de:09373:17082	49.288375	11.472483		NO_MATCH_AND_SEEMS_UNSERVED								POINT(11.472483 49.288375)
1111	Neumarkt i.d. OPf.	Pelchenhofen	de:09373:17154:0:1	49.286605	11.530964	bus	MATCHED	n5224879722	1.4	1.0	Pelchenhofen	583	Lampertshofen / Karhof	Lampertshofen	LINESTRING(11.530964 49.286605,11.530982900000001 49.2866069)
1112	Neumarkt i.d. OPf.	Pelchenhofen	de:09373:17154:0:2	49.286541	11.531098	bus	NO_MATCH_BUT_OTHER_PLATFORM_MATCHED					583	Karhof		POINT(11.531098 49.286541)
1113	Neumarkt i.d. OPf.	Pelchenhofener Str.	de:09373:17083:0:1	49.287754	11.474496	bus	MATCHED	n10019938125	12.0	1.0	Pelchenhofener Straße	564	Neumarkt Kohlenbrunnermühlstr. / Neumarkt Schillerstr.		LINESTRING(11.474496 49.287754,11.474616200000002 49.287680300000005)
1114	Neumarkt i.d. OPf.	Pelchenhofener Str.	de:09373:17083:0:2	49.287941	11.473831	bus	MATCHED	n764621375	54.1	1.0	Pelchenhofener Straße	564	Neumarkt Schillerstr. / Neumarkt Heideweg	Heideweg	LINESTRING(11.473831 49.287941,11.4744299 49.2876521)
1115	Neumarkt i.d. OPf.	Pelchenhofener Str.	de:09373:17083:0:3	49.287801	11.474073		NO_MATCH_AND_SEEMS_UNSERVED								POINT(11.474073 49.287801)
1116	Neumarkt i.d. OPf.	Pelchenhofener Str.	de:09373:17083:0:4	49.288949	11.472735		MATCHED	n764621364	3.4	0.53	Pelchenhofener Straße			Schillerstraße	LINESTRING(11.472735 49.288949,11.472781300000001 49.2889525)
1117	Neumarkt i.d. OPf.	Pfarrkirche	de:09373:17085	49.279497	11.458146		NO_MATCH_AND_SEEMS_UNSERVED								POINT(11.458146 49.279497)
1118	Neumarkt i.d. OPf.	Pulveräcker	de:09373:17084:0:1	49.287742	11.469797	bus	MATCHED	n763439915	3.8	1.0	Pulveräcker	460E,521,523	Neumarkt Am Evangelienstein / Neumarkt Abzw. Regerstr. / Labersricht / Neumarkt Amberger Str.	Am Evangelienstein / Amberger Straße	LINESTRING(11.469797 49.287742,11.4698349 49.287765500000006)
1119	Neumarkt i.d. OPf.	Pulveräcker	de:09373:17084:0:2	49.288551	11.471037	bus	MATCHED	n7783653294	3.4	1.0	Pulveräcker	460E	Neumarkt Abzw. Regerstr.	Regerstr., Abzw.	LINESTRING(11.471037 49.288551,11.471078 49.288565000000006)
1120	Neumarkt i.d. OPf.	Pölling	de:09373:17172:1:1	49.288299	11.413455	train	MATCHED	n34003192	35.9	0.47	Pölling	S3	Neumarkt (Oberpf)	Neumarkt (Oberpf)	LINESTRING(11.413455 49.288299,11.4130231 49.2884546)
1121	Neumarkt i.d. OPf.	Pölling	de:09373:17172:2:2	49.28834	11.413491	train	MATCHED	n533715614	36.1	0.47	Pölling	S3	Postbauer-Heng	Postbauer-Heng	LINESTRING(11.413491 49.28834,11.413055 49.2884943)
1122	Neumarkt i.d. OPf.	Pölling Bergstr. 	de:09373:17171:0:1	49.290308	11.414093	bus	MATCHED	n265605328	2.6	1.0	Bergstraße	561	Rittershof Kapellenweg / Pölling Gasthof Feihl	Siedlerstraße	LINESTRING(11.414093 49.290308,11.414121300000001 49.290294300000006)
1123	Neumarkt i.d. OPf.	Pölling Bergstr. 	de:09373:17171:0:2	49.290314	11.41394		NO_MATCH_AND_SEEMS_UNSERVED								POINT(11.41394 49.290314)
1124	Neumarkt i.d. OPf.	Pölling Fliederweg	de:09373:17174:0:1	49.291035	11.424405	bus	MATCHED	n7932545993	3.9	1.0	Fliederweg	561	Pölling Marienbader Str. / Pölling Gasthof Feihl		LINESTRING(11.424405 49.291035,11.424352 49.291035300000004)
1125	Neumarkt i.d. OPf.	Pölling Fliederweg	de:09373:17174:0:2	49.290924	11.423741	bus	MATCHED	n265605986	23.1	1.0	Fliederweg	561	Neumarkt Florianstr. / Neumarkt Pöllinger Höhe / Neumarkt (Oberpf) / Neumarkt Nürnberger Str.	Siegfriedstraße	LINESTRING(11.423741 49.290924,11.424058 49.2909267)
1126	Neumarkt i.d. OPf.	Pölling Gasthof Feihl	de:09373:17175:0:1	49.292998	11.416581	bus	MATCHED	n265605980	10.1	1.0	Gasthof Feihl	561	Pölling Fliederweg / Postbauer-Heng / Neumarkt Nürnberger Str. / Neumarkt Pöllinger Höhe	Ahntweg	LINESTRING(11.416581 49.292998,11.4166627 49.293071600000005)
1127	Neumarkt i.d. OPf.	Pölling Gasthof Feihl	de:09373:17175:0:2	49.293097	11.416779		MATCHED	n7929430409	5.0	1.0	Gasthof Feihl				LINESTRING(11.416779 49.293097,11.4167927 49.2931408)
1128	Neumarkt i.d. OPf.	Pölling Marienbader Str. 	de:09373:17176:0:1	49.290332	11.421279	bus	MATCHED_THOUGH_REVERSED_DIR	n265605042	2.3	1.0	Marienbaderstraße	561	Pölling Siedlerstr. / Pölling Fliederweg	Nibelungenstraße	LINESTRING(11.421279 49.290332,11.4213017 49.2903463)
1129	Neumarkt i.d. OPf.	Pölling Marienbader Str. 	de:09373:17176:0:2	49.290461	11.4218		NO_MATCH_AND_SEEMS_UNSERVED								POINT(11.4218 49.290461)
1130	Neumarkt i.d. OPf.	Pölling Nibelungenstr. 	de:09373:17178:0:1	49.289359	11.424316	bus	MATCHED	n265604916	3.4	1.0	Nibelungenstraße	561	Pölling Marienbader Str.	Fliederweg	LINESTRING(11.424316 49.289359,11.4243614 49.28935370000001)
1131	Neumarkt i.d. OPf.	Pölling Nibelungenstr. 	de:09373:17178:0:2	49.289271	11.424262		NO_MATCH_AND_SEEMS_UNSERVED								POINT(11.424262 49.289271)
1132	Neumarkt i.d. OPf.	Pölling Siedlerstr. 	de:09373:17179:0:1	49.28892	11.417578	bus	MATCHED	n265605323	1.0	1.0	Siedlerstraße	561	Pölling Bergstr.	Marienbaderstraße	LINESTRING(11.417578 49.28892,11.417587000000001 49.2889269)
1133	Neumarkt i.d. OPf.	Pölling Siedlerstr. 	de:09373:17179:0:2	49.288797	11.417686		NO_MATCH_AND_SEEMS_UNSERVED								POINT(11.417686 49.288797)
1134	Neumarkt i.d. OPf.	Pölling Siegfriedstr. 	de:09373:17180:0:1	49.290355	11.427963	bus	MATCHED	n265604513	5.6	1.0	Siegfriedstraße	561	Pölling Stadtweg	Pöllinger Höhe	LINESTRING(11.427963 49.290355,11.427976200000002 49.290404200000005)
1135	Neumarkt i.d. OPf.	Pölling Siegfriedstr. 	de:09373:17180:0:2	49.290051	11.428187		NO_MATCH_AND_SEEMS_UNSERVED								POINT(11.428187 49.290051)
1136	Neumarkt i.d. OPf.	Pölling Stadtweg	de:09373:17173:0:1	49.288609	11.427738	bus	NO_MATCH_BUT_OTHER_PLATFORM_MATCHED					561	Pölling Nibelungenstr.		POINT(11.427738 49.288609)
1137	Neumarkt i.d. OPf.	Pölling Stadtweg	de:09373:17173:0:2	49.288615	11.427873		MATCHED	n9990761451	72.9	1.0	Pölling Stadtweg				LINESTRING(11.427873 49.288615,11.426883 49.2887155)
1138	Neumarkt i.d. OPf.	Pöllinger Höhe	de:09373:17177:0:1	49.289301	11.440387		NO_MATCH_AND_SEEMS_UNSERVED								POINT(11.440387 49.289301)
1139	Neumarkt i.d. OPf.	Pöllinger Höhe	de:09373:17177:0:2	49.289225	11.440243	bus	MATCHED	n3657456602	5.9	1.0	Pöllinger Höhe	561	Neumarkt Nürnberger Str.	Nürnberger Straße	LINESTRING(11.440243 49.289225,11.4403156 49.2892007)
1140	Neumarkt i.d. OPf.	Rathaus	de:09373:17090:0:1	49.2804	11.458497	bus	MATCHED	n205339908	8.1	1.0	Rathaus	561,562,563,569,570,573	Neumarkt Johanneszentrum / Neumarkt Landratsamt / Neumarkt Neuer Markt	Neuer Markt / Oberer Markt / Rathaus	LINESTRING(11.458497 49.2804,11.4585571 49.280338900000004)
1141	Neumarkt i.d. OPf.	Rathaus	de:09373:17090:0:2	49.280335	11.458299	bus	MATCHED	n493872148	11.1	1.0	Rathaus	561,562,563,569,570,573	Neumarkt Oberer Markt	Oberer Markt / Rathaus	LINESTRING(11.458299 49.280335,11.4584323 49.280287300000005)
1142	Neumarkt i.d. OPf.	Regensburger Str.	de:09373:17086:0:1	49.26257	11.476175	bus	MATCHED	n5224859874	4.8	1.0	Regensburger Straße	515,517	Neumarkt Kerschensteinerstr. / Weichselstein / Sengenthal Max-Bögl-Str. / Lähr Fa. Klebl / Neumarkt Hasenheide Försterst. / Sengenthal Am Anger	Sengenthal, Max-Bögl-Straße / Sengenthal, Am Anger / Regensburger Straße	LINESTRING(11.476175 49.26257,11.4761746 49.262613200000004)
1143	Neumarkt i.d. OPf.	Regensburger Str.	de:09373:17086:0:2	49.262669	11.476319	bus	MATCHED_THOUGH_REVERSED_DIR	n5224859873	2.9	1.0	Regensburger Straße	567,568	Neumarkt Kerschensteinerstr.	Ärztehaus / Fa. Bionorica / Kerschensteinerstraße	LINESTRING(11.476319 49.262669,11.476346300000001 49.2626499)
1144	Neumarkt i.d. OPf.	Regerstr.	de:09373:17088:0:1	49.292845	11.480371	bus	MATCHED	n764621361	38.9	1.0	Regerstraße	564	Neumarkt Kapuzinerhölzl / Neumarkt Kohlenbrunnermühlstr.	Wilhelm-Busch-Straße	LINESTRING(11.480371 49.292845,11.4800413 49.2931199)
1145	Neumarkt i.d. OPf.	Regerstr.	de:09373:17088:0:2	49.292916	11.480272		NO_MATCH_AND_SEEMS_UNSERVED								POINT(11.480272 49.292916)
1146	Neumarkt i.d. OPf.	Rittershof Ahntweg	de:09373:17157:0:1	49.283242	11.408101	bus	MATCHED_THOUGH_REVERSED_DIR	n265605874	9.5	1.0	Ahntweg	561	Pölling Bergstr. / Pölling Gasthof Feihl / Neumarkt (Oberpf) / Woffenbach Meuselstr.	Kapellenweg	LINESTRING(11.408101 49.283242,11.408214300000001 49.2832838)
1147	Neumarkt i.d. OPf.	Rittershof Ahntweg	de:09373:17157:0:2	49.283459	11.407742		NO_MATCH_AND_SEEMS_UNSERVED								POINT(11.407742 49.283459)
1148	Neumarkt i.d. OPf.	Rittershof Kapellenweg	de:09373:17159:0:1	49.28582	11.405199	bus	MATCHED	n10044651702	53.5	1.0	Rittershof Kapellenweg	561	Rittershof Ahntweg		LINESTRING(11.405199 49.28582,11.405195 49.285339)
1149	Neumarkt i.d. OPf.	Rittershof Kapellenweg	de:09373:17159:0:2	49.285703	11.405424		MATCHED	n265605515	34.9	0.11	Kapellenweg			Bergstraße	LINESTRING(11.405424 49.285703,11.405513000000001 49.2853949)
1150	Neumarkt i.d. OPf.	Rosengasse	de:09373:17093	49.278964	11.461533		NO_MATCH_AND_SEEMS_UNSERVED								POINT(11.461533 49.278964)
1151	Neumarkt i.d. OPf.	Rödelberg	de:09373:17161:0:1	49.310922	11.510653	bus	NO_MATCH_BUT_OTHER_PLATFORM_MATCHED					521,522	Pilsach An der Muschel / Iberlsmühle / Ischhofen Feuerwehrhaus		POINT(11.510653 49.310922)
1152	Neumarkt i.d. OPf.	Rödelberg	de:09373:17161:0:2	49.310987	11.51068	bus	MATCHED_THOUGH_REVERSED_DIR	n5275521670	37.7	1.0	Rödelberg	574	Iberlsmühle	Friedlmühle, Abzw.	LINESTRING(11.51068 49.310987,11.510167500000001 49.310937900000006)
1153	Neumarkt i.d. OPf.	Saarlandstr.	de:09373:17089:0:1	49.279398	11.471324	bus	MATCHED	n10057843193	6.4	1.0	Saarlandstraße	565	Neumarkt Birkenweg		LINESTRING(11.471324 49.279398,11.471358 49.279451200000004)
1154	Neumarkt i.d. OPf.	Saarlandstr.	de:09373:17089:0:2	49.279427	11.471136	bus	MATCHED	n10057843192	10.2	1.0	Saarlandstraße	565	Neumarkt Turnerheim		LINESTRING(11.471136 49.279427,11.471242700000001 49.2794858)
1155	Neumarkt i.d. OPf.	Saarlandstr.	de:09373:17089:0:3	49.279415	11.471271		NO_MATCH_AND_SEEMS_UNSERVED								POINT(11.471271 49.279415)
1156	Neumarkt i.d. OPf.	Saarlandstr.	de:09373:17089:0:4	49.279433	11.471145		NO_MATCH_AND_SEEMS_UNSERVED								POINT(11.471145 49.279433)
1157	Neumarkt i.d. OPf.	Sachsenstr.	de:09373:17091:0:1	49.294468	11.471315	bus	MATCHED	n764716383	1.7	1.0	Sachsenstraße	564	Neumarkt Leipziger Str.	Leipziger Straße	LINESTRING(11.471315 49.294468,11.471338000000001 49.294470600000004)
1158	Neumarkt i.d. OPf.	Sachsenstr.	de:09373:17091:0:2	49.294386	11.471405		MATCHED	n763448068	70.6	1.0	Sachsenstraße				LINESTRING(11.471405 49.294386,11.472040000000002 49.294866400000004)
1159	Neumarkt i.d. OPf.	Schafhof (b. NM)	de:09373:17163:0:1	49.290484	11.48347	bus	MATCHED	n282060367	16.1	1.0	Schafhof	564	Neumarkt Regerstr.		LINESTRING(11.48347 49.290484,11.483685300000001 49.2905193)
1160	Neumarkt i.d. OPf.	Schafhof (b. NM)	de:09373:17163:0:2	49.290432	11.483578		NO_MATCH_AND_SEEMS_UNSERVED								POINT(11.483578 49.290432)
1161	Neumarkt i.d. OPf.	Schillerstr.	de:09373:17092:0:1	49.288867	11.477828	bus	MATCHED	n764621359	6.4	1.0	Schillerstraße	564	Schafhof (b.NM)	Regerstraße	LINESTRING(11.477828 49.288867,11.477886900000001 49.288909600000004)
1162	Neumarkt i.d. OPf.	Schillerstr.	de:09373:17092:0:2	49.288867	11.477855		NO_MATCH_AND_SEEMS_UNSERVED								POINT(11.477855 49.288867)
1163	Neumarkt i.d. OPf.	Schlossbad	de:09373:17009:0:1	49.282088	11.467399	bus	MATCHED	n764621365	54.7	1.0	Schlossbad	564,565	Neumarkt Karl-Speier-Str.	Karl-Speier-Straße / Schlossbad	LINESTRING(11.467399 49.282088,11.4666513 49.2821392)
1164	Neumarkt i.d. OPf.	Schlossbad	de:09373:17009:0:2	49.282164	11.467363	bus	MATCHED	n414003465	2.5	1.0	Schlossbad	564,565	Neumarkt Museum Lothar Fischer	Museum Lothar Fischer	LINESTRING(11.467363 49.282164,11.4673288 49.2821671)
1165	Neumarkt i.d. OPf.	Schweningerstr.	de:09373:16993:0:1	49.273156	11.465225	bus	MATCHED_THOUGH_REVERSED_DIR	n5275189416	4.8	1.0	Schweningerstraße	567	Neumarkt Weinberger S./Schule	Friedhof	LINESTRING(11.465225 49.273156,11.465288800000002 49.273168600000005)
1166	Neumarkt i.d. OPf.	Schweningerstr.	de:09373:16993:0:2	49.273244	11.465225	bus	MATCHED	n10017733194	2.6	1.0	Schweningerstraße	567	Neumarkt Friedhof		LINESTRING(11.465225 49.273244,11.4652553 49.273257)
1167	Neumarkt i.d. OPf.	Schönwerthstr.	de:09373:17114:0:1	49.269762	11.4703	bus	MATCHED	n5275252974	165.9	1.0	Schönwerthstraße	567,568	Neumarkt (Oberpf) / Neumarkt (Oberpf) / Neumarkt Friedhof / Neumarkt Finanzamt	Medererstraße / Nobelstraße	LINESTRING(11.4703 49.269762,11.4712112 49.268394400000005)
1168	Neumarkt i.d. OPf.	Schönwerthstr.	de:09373:17114:0:2	49.269575	11.470381		MATCHED	n5275252973	151.8	0.05	Schönwerthstraße			Schönwerthstraße	LINESTRING(11.470381 49.269575,11.4714539 49.268404000000004)
1169	Neumarkt i.d. OPf.	Seelstr.	de:09373:17094:0:1	49.281062	11.466429	bus	MATCHED	n9990766222	50.8	1.0	Neumarkt Seelstr.	505,514,516	Neumarkt Marktplatz / Neumarkt (Oberpf) / Neumarkt Pulveräcker / Neumarkt Neuer Markt / Neumarkt Florianstr. / Neumarkt Berufsschule / Neumarkt Mariahilfstr.		LINESTRING(11.466429 49.281062,11.466613200000001 49.281502800000005)
1170	Neumarkt i.d. OPf.	Seelstr.	de:09373:17094:0:2	49.280921	11.466285	bus	MATCHED	n437365419	17.1	0.28	Seelstraße	513,581,583,587	Neumarkt Florianstr. / Neumarkt Florianstr. / Neumarkt (Oberpf) / Neumarkt Neuer Markt	Theo-Betz-Platz / Florianstraße / Mariahilfstraße / Neuer Markt / Bahnhof Neumarkt	LINESTRING(11.466285 49.280921,11.4663853 49.2810603)
1171	Neumarkt i.d. OPf.	St. -Anna-Str.	de:09373:17095:0:1	49.28865	11.449909	bus	MATCHED	n10017650773	2.5	1.0	Neumarkt St.-Anna-Str.	562,573	Holzheim (b.NM) Maienbreite		LINESTRING(11.449909 49.28865,11.449938600000001 49.2886609)
1172	Neumarkt i.d. OPf.	St. -Anna-Str.	de:09373:17095:0:2	49.288609	11.449801	bus	MATCHED	n10017650772	1.9	1.0	Neumarkt St.-Anna-Str.	562	Neumarkt Klinikum		LINESTRING(11.449801 49.288609,11.449824600000001 49.2886162)
1173	Neumarkt i.d. OPf.	Stadtwerke	de:09373:17098:0:1	49.272728	11.460652	bus	MATCHED_THOUGH_REVERSED_DIR	n5275024972	1.0	1.0	Neumarkt Stadtwerke	568	Neumarkt Medererstr. / Neumarkt Fa. Dehn	Finanzamt	LINESTRING(11.460652 49.272728,11.4606645 49.2727237)
1174	Neumarkt i.d. OPf.	Stadtwerke	de:09373:17098:0:2	49.273097	11.460886	bus	MATCHED	n9409406676	18.4	1.0	Neumarkt Stadtwerke	568	Neumarkt (Oberpf) / Neumarkt (Oberpf) / Neumarkt (Oberpf) / Neumarkt (Oberpf) / Neumarkt (Oberpf) / Neumarkt (Oberpf)		LINESTRING(11.460886 49.273097,11.4608523 49.272932600000004)
1175	Neumarkt i.d. OPf.	Stauf (b. NM) A. -Senefelder-S. 	de:09373:17167:0:1	49.25985	11.442614	bus	MATCHED	n5274952038	4.2	0.61	Alois-Senefelder-Straße	569	Stauf (b.NM) Renauweg	Stauf, Renauweg	LINESTRING(11.442614 49.25985,11.4426673 49.2598362)
1176	Neumarkt i.d. OPf.	Stauf (b. NM) A. -Senefelder-S. 	de:09373:17167:0:2	49.25982	11.442578		NO_MATCH_AND_SEEMS_UNSERVED								POINT(11.442578 49.25982)
1177	Neumarkt i.d. OPf.	Stauf (b. NM) Kirche	de:09373:17166:0:1	49.263103	11.433721	bus	MATCHED	n10044739310	10.3	1.0	Stauf, Kirche	516	Berngau Reifenstein		LINESTRING(11.433721 49.263103,11.4338118 49.2631742)
1178	Neumarkt i.d. OPf.	Stauf (b. NM) Kirche	de:09373:17166:0:2	49.262869	11.433595	bus	MATCHED	n417701956	4.3	1.0	Stauf, Kirche	516	Neumarkt Klebl Bauzentr. / Stauf (b.NM) Moosweiherstr.	Stauf, Moosweiherstraße	LINESTRING(11.433595 49.262869,11.4336532 49.2628641)
1179	Neumarkt i.d. OPf.	Stauf (b. NM) Moosweiherstr. 	de:09373:17168:0:1	49.265513	11.434862	bus	MATCHED	n10063673154	17.3	1.0	Stauf, Moosweiherstraße	569	Stauf (b.NM) Renauweg		LINESTRING(11.434862 49.265513,11.434891400000001 49.265667500000006)
1180	Neumarkt i.d. OPf.	Stauf (b. NM) Moosweiherstr. 	de:09373:17168:0:2	49.265952	11.435006	bus	MATCHED	n417701957	1.3	1.0	Stauf, Moosweiherstraße	569	Neumarkt Klebl Bauzentr. / Woffenbach Schloßstr.	Schloßstraße	LINESTRING(11.435006 49.265952,11.4349954 49.265961000000004)
1181	Neumarkt i.d. OPf.	Stauf (b. NM) Renauweg	de:09373:17169:0:1	49.261257	11.430694		MATCHED	n10019964399	14.6	1.0	Stauf Renauweg				LINESTRING(11.430694 49.261257,11.430880100000001 49.2613065)
1182	Neumarkt i.d. OPf.	Stauf (b. NM) Renauweg	de:09373:17169:0:2	49.261204	11.430748	bus	MATCHED	n10019964400	10.0	1.0	Stauf Renauweg	569	Stauf (b.NM) Kirche		LINESTRING(11.430748 49.261204,11.430682500000001 49.2611246)
1183	Neumarkt i.d. OPf.	Sturmwiese	de:09373:17096:0:1	49.276743	11.480945	bus	MATCHED	n2656206819	2.6	1.0	Sturmwiese	566	Höhenberg im Tal (b.NM)	Höhenberg im Tal	LINESTRING(11.480945 49.276743,11.480912400000001 49.276752300000005)
1184	Neumarkt i.d. OPf.	Sturmwiese	de:09373:17096:0:2	49.276884	11.480344	bus	MATCHED_THOUGH_REVERSED_DIR	n370371682	3.7	1.0	Sturmwiese	566	Neumarkt Mariahilfstr.	Sturmwiese	LINESTRING(11.480344 49.276884,11.480293300000001 49.2768895)
1185	Neumarkt i.d. OPf.	Theo-Betz-Platz	de:09373:17030:0:1	49.2771	11.46129	bus	MATCHED	n2656190646	13.2	1.0	Theo-Betz-Platz	505,514,515,516,517,518,521,523,564,565,566,574,575,581,583	Neumarkt Marktplatz / Neumarkt Klostertor / Neumarkt Badstr. / Neumarkt Seelstr. / Neumarkt Weißenfeldplatz / Neumarkt Seelstr. / Neumarkt Mariahilfstr. / Abzw. Voggenthal / Ischhofen Feuerwehrhaus / Neumarkt (Oberpf)	Theo-Betz-Platz / Berufsschule / Seelstraße / Bahnhof Neumarkt	LINESTRING(11.46129 49.2771,11.4614499 49.277155900000004)
1186	Neumarkt i.d. OPf.	Theo-Betz-Platz	de:09373:17030:0:2	49.277347	11.461677	bus	MATCHED	n2656190651	24.8	1.0	Theo-Betz-Platz	564,565,566,574,575	Neumarkt (Oberpf) / Neumarkt (Oberpf) / Neumarkt (Oberpf) / Neumarkt (Oberpf) / Neumarkt (Oberpf) / Neumarkt (Oberpf) / Neumarkt (Oberpf) / Neumarkt (Oberpf)	Weinberger Straße/Schule / Theo-Betz-Platz / Bahnhof Neumarkt / Seelstraße	LINESTRING(11.461677 49.277347,11.4613549 49.2772738)
1187	Neumarkt i.d. OPf.	Turnerheim	de:09373:17008:0:1	49.277769	11.469546	bus	MATCHED	n10017390966	4.7	1.0	Turnerheim	565	Neumarkt Saarlandstr.		LINESTRING(11.469546 49.277769,11.469481100000001 49.2777727)
1188	Neumarkt i.d. OPf.	Turnerheim	de:09373:17008:0:2	49.277938	11.469115	bus	MATCHED	n5275094008	7.3	1.0	Turnerheim	565	Neumarkt Weißenfeldplatz	Weißenfeldplatz	LINESTRING(11.469115 49.277938,11.4692103 49.277918)
1189	Neumarkt i.d. OPf.	Turnerheim	de:09373:17008:0:41	49.277499	11.470327		NO_MATCH_AND_SEEMS_UNSERVED								POINT(11.470327 49.277499)
1190	Neumarkt i.d. OPf.	Turnerheim	de:09373:17008:0:42	49.277517	11.470238		NO_MATCH_AND_SEEMS_UNSERVED								POINT(11.470238 49.277517)
1191	Neumarkt i.d. OPf.	Ungenricht	de:09373:17182	49.313347	11.482491		NO_MATCH_AND_SEEMS_UNSERVED								POINT(11.482491 49.313347)
1192	Neumarkt i.d. OPf.	Voggenthal Ort	de:09373:17197:0:1	49.276051	11.528008	bus	MATCHED	n322658127	7.9	1.0	Voggenthal	566	Höhenberg im Tal (b.NM) / Helena		LINESTRING(11.528008 49.276051,11.528106600000001 49.2760806)
1193	Neumarkt i.d. OPf.	Voggenthal Ort	de:09373:17197:0:2	49.276145	11.528206		NO_MATCH_AND_SEEMS_UNSERVED								POINT(11.528206 49.276145)
1194	Neumarkt i.d. OPf.	Volksfestplatz	de:09373:17099:0:1	49.282076	11.446863	bus	MATCHED	n2834656570	11.1	1.0	Volksfestplatz	561,570	Neumarkt Woffenbacher Str.		LINESTRING(11.446863 49.282076,11.4467292 49.282124800000005)
1195	Neumarkt i.d. OPf.	Volksfestplatz	de:09373:17099:0:2	49.281642	11.445794	bus	MATCHED	n345377639	3.0	1.0	Volksfestplatz	561,565,570	Neumarkt Johanneszentrum	Johanneszentrum	LINESTRING(11.445794 49.281642,11.445797800000001 49.281615200000005)
1196	Neumarkt i.d. OPf.	Wallensteinstr.	de:09373:17101:0:1	49.277399	11.442444	bus	MATCHED	n10017459044	7.1	1.0	Wallensteinstraße	569	Woffenbach Rebhuhnstr.		LINESTRING(11.442444 49.277399,11.4425343 49.277375500000005)
1197	Neumarkt i.d. OPf.	Wallensteinstr.	de:09373:17101:0:2	49.277317	11.442363	bus	MATCHED	n190138451	2.5	1.0	Wallensteinstraße	569	Neumarkt Max-Künzel-Str.	Max-Künzel-Straße	LINESTRING(11.442363 49.277317,11.442385000000002 49.2772997)
1198	Neumarkt i.d. OPf.	Weinberger S. /Schule	de:09373:17102:0:1	49.273812	11.467812	bus	MATCHED_THOUGH_REVERSED_DIR	n5275194119	10.5	1.0	Weinberger Straße/Schule	567	Neumarkt Wildbadstr.	Weinberger Straße/Schule / Schweningerstraße	LINESTRING(11.467812 49.273812,11.467953600000001 49.273828400000006)
1199	Neumarkt i.d. OPf.	Weinberger S. /Schule	de:09373:17102:0:2	49.273906	11.468126	bus	MATCHED	n5275194118	10.6	1.0	Weinberger Straße/Schule	567	Neumarkt Schweningerstr.	Weinberger Straße/Schule / Berufsschule	LINESTRING(11.468126 49.273906,11.4682594 49.2738686)
1200	Neumarkt i.d. OPf.	Weißenfeldplatz	de:09373:17079:0:1	49.278882	11.46368	bus	MATCHED_THOUGH_REVERSED_DIR	n5275105350	6.6	1.0	Weißenfeldplatz	565	Neumarkt Turnerheim	Birkenweg	LINESTRING(11.46368 49.278882,11.4637694 49.2788751)
1201	Neumarkt i.d. OPf.	Weißenfeldplatz	de:09373:17079:0:2	49.279017	11.46359	bus	MATCHED	n10017473683	1.8	1.0	Weißenfeldplatz	565	Neumarkt Theo-Betz-Platz		LINESTRING(11.46359 49.279017,11.463576300000001 49.279003700000004)
1202	Neumarkt i.d. OPf.	Wildbadstr.	de:09373:17103:0:1	49.273279	11.471307	bus	MATCHED	n10017479969	2.2	1.0	Wildbadstraße	567	Neumarkt Dientzenhoferstr.		LINESTRING(11.471307 49.273279,11.4713171 49.2732973)
1203	Neumarkt i.d. OPf.	Wildbadstr.	de:09373:17103:0:2	49.273326	11.471513	bus	MATCHED	n10017479968	1.4	1.0	Wildbadstraße	567	Neumarkt Weinberger S./Schule		LINESTRING(11.471513 49.273326,11.471525000000002 49.273335800000005)
1204	Neumarkt i.d. OPf.	Wilhelm-Busch-Str.	de:09373:17105:0:1	49.290724	11.475538	bus	MATCHED	n278805175	70.8	1.0	Wilhelm-Busch-Straße	564	Neumarkt Museum Lothar Fischer / Neumarkt Pelchenhofener Str.	Pelchenhofener Straße	LINESTRING(11.475538 49.290724,11.4748576 49.290269200000004)
1205	Neumarkt i.d. OPf.	Wilhelm-Busch-Str.	de:09373:17105:0:2	49.290765	11.475663		NO_MATCH_AND_SEEMS_UNSERVED								POINT(11.475663 49.290765)
1206	Neumarkt i.d. OPf.	Woffenbach Am Letten	de:09373:17183:0:1	49.274686	11.429454	bus	MATCHED_THOUGH_REVERSED_DIR	n5275072510	10.8	1.0	Am Letten	570	Woffenbach Kirche	Woffenbacher Straße	LINESTRING(11.429454 49.274686,11.429437100000001 49.2747821)
1207	Neumarkt i.d. OPf.	Woffenbach Am Letten	de:09373:17183:0:2	49.274727	11.429436		NO_MATCH_AND_SEEMS_UNSERVED								POINT(11.429436 49.274727)
1208	Neumarkt i.d. OPf.	Woffenbach BRK-Altenheim	de:09373:17185:0:1	49.279023	11.432598	bus	MATCHED	n7963828462	4.0	1.0	BRK-Altenheim	570	Woffenbach Tyrolsberger Str.		LINESTRING(11.432598 49.279023,11.432643200000001 49.279043800000004)
1209	Neumarkt i.d. OPf.	Woffenbach BRK-Altenheim	de:09373:17185:0:2	49.278542	11.432733		NO_MATCH_AND_SEEMS_UNSERVED								POINT(11.432733 49.278542)
1210	Neumarkt i.d. OPf.	Woffenbach Kirche	de:09373:17186:0:1	49.276901	11.434413	bus	MATCHED	n190125864	1.9	1.0	Woffenbach, Kirche	570	Woffenbach Kreuzstr.	Am Letten	LINESTRING(11.434413 49.276901,11.4343921 49.2768912)
1211	Neumarkt i.d. OPf.	Woffenbach Kirche	de:09373:17186:0:2	49.276954	11.43444		NO_MATCH_AND_SEEMS_UNSERVED								POINT(11.43444 49.276954)
1212	Neumarkt i.d. OPf.	Woffenbach Kreuzstr. 	de:09373:17187:0:1	49.280083	11.435536	bus	MATCHED	n10048932177	3.5	1.0	Kreuzstraße	561,570	Woffenbach Meuselstr.		LINESTRING(11.435536 49.280083,11.435582 49.280093)
1213	Neumarkt i.d. OPf.	Woffenbach Kreuzstr. 	de:09373:17187:0:2	49.280031	11.435616	bus	MATCHED	n5275737063	1.2	1.0	Kreuzstraße	561,570	Neumarkt Woffenbacher Str.		LINESTRING(11.435616 49.280031,11.4356156 49.280020400000005)
1214	Neumarkt i.d. OPf.	Woffenbach Kreuzstr. 	de:09373:17187:0:41	49.27948	11.433182		NO_MATCH_AND_SEEMS_UNSERVED								POINT(11.433182 49.27948)
1215	Neumarkt i.d. OPf.	Woffenbach Meuselstr. 	de:09373:17189:0:1	49.280306	11.432329	bus	MATCHED	n190138409	2.4	1.0	Meuselstraße	561,570	Rittershof Kapellenweg / Woffenbach Kreuzstr. / Woffenbach BRK-Altenheim		LINESTRING(11.432329 49.280306,11.4323598 49.2802992)
1216	Neumarkt i.d. OPf.	Woffenbach Meuselstr. 	de:09373:17189:0:2	49.280347	11.432454		MATCHED	n10063150176	1.4	1.0	Meuselstraße				LINESTRING(11.432454 49.280347,11.4324667 49.280337100000004)
1217	Neumarkt i.d. OPf.	Woffenbach Rebhuhnstr. 	de:09373:17188:0:1	49.277645	11.437871	bus	MATCHED_THOUGH_REVERSED_DIR	n190138447	1.0	1.0	Rebhuhnstraße	569	Woffenbach Zentrum	Wallensteinstraße	LINESTRING(11.437871 49.277645,11.4378585 49.277649200000006)
1218	Neumarkt i.d. OPf.	Woffenbach Rebhuhnstr. 	de:09373:17188:0:2	49.277593	11.437979	bus	MATCHED	n10019958523	1.8	1.0	Rebhuhnstraße	569	Neumarkt Wallensteinstr.		LINESTRING(11.437979 49.277593,11.4379732 49.27760910000001)
1219	Neumarkt i.d. OPf.	Woffenbach Schloßstr. 	de:09373:17191:0:1	49.272781	11.440881	bus	MATCHED	n10017656377	8.0	1.0	Schloßstraße	569	Stauf (b.NM) Moosweiherstr.		LINESTRING(11.440881 49.272781,11.440823100000001 49.2728423)
1220	Neumarkt i.d. OPf.	Woffenbach Schloßstr. 	de:09373:17191:0:2	49.272816	11.441087	bus	MATCHED	n190125841	6.7	1.0	Schloßstraße	569	Woffenbach Schule	Woffenbach, Schule	LINESTRING(11.441087 49.272816,11.4410118 49.2728504)
1221	Neumarkt i.d. OPf.	Woffenbach Schule	de:09373:17192:0:1	49.275096	11.438554	bus	MATCHED_THOUGH_REVERSED_DIR	n190125849	6.3	1.0	Woffenbach, Schule	569	Woffenbach Schloßstr.	Woffenbach, Zentrum	LINESTRING(11.438554 49.275096,11.4386393 49.275088600000004)
1222	Neumarkt i.d. OPf.	Woffenbach Schule	de:09373:17192:0:2	49.27519	11.438662	bus	MATCHED	n10017632297	7.6	1.0	Woffenbach, Schule	569	Woffenbach Zentrum		LINESTRING(11.438662 49.27519,11.4387229 49.275134300000005)
1223	Neumarkt i.d. OPf.	Woffenbach Tyrolsberger Str. 	de:09373:17190:0:1	49.276889	11.430514	bus	MATCHED	n10017640293	7.9	1.0	Tyrolsberger Straße	570	Woffenbach Am Letten		LINESTRING(11.430514 49.276889,11.4306119 49.276918800000004)
1224	Neumarkt i.d. OPf.	Woffenbach Tyrolsberger Str. 	de:09373:17190:0:2	49.276884	11.431143		NO_MATCH_AND_SEEMS_UNSERVED								POINT(11.431143 49.276884)
1225	Neumarkt i.d. OPf.	Woffenbach Tyrolsberger Str. 	de:09373:17190:0:41	49.276837	11.432778		NO_MATCH_AND_SEEMS_UNSERVED								POINT(11.432778 49.276837)
1226	Neumarkt i.d. OPf.	Woffenbach Zentrum	de:09373:17194:0:1	49.276843	11.43514	bus	MATCHED	n10020018606	0.8	1.0	Woffenbach, Zentrum	569	Woffenbach Schule		LINESTRING(11.43514 49.276843,11.435131400000001 49.2768479)
1227	Neumarkt i.d. OPf.	Woffenbach Zentrum	de:09373:17194:0:2	49.276807	11.435419	bus	MATCHED	n5275276537	1.1	1.0	Woffenbach, Zentrum	569	Woffenbach Rebhuhnstr.	Rebhuhnstraße	LINESTRING(11.435419 49.276807,11.4354305 49.276813800000006)
1228	Neumarkt i.d. OPf.	Woffenbacher Str.	de:09373:17106:0:1	49.281203	11.440881	bus	MATCHED	n10017500528	4.1	1.0	Woffenbacher Straße	561,570	Woffenbach Kreuzstr.		LINESTRING(11.440881 49.281203,11.440937100000001 49.281204900000006)
1229	Neumarkt i.d. OPf.	Woffenbacher Str.	de:09373:17106:0:2	49.281097	11.440773	bus	MATCHED	n345327833	6.2	1.0	Woffenbacher Straße	561,570	Neumarkt Volksfestplatz	Volksfestplatz	LINESTRING(11.440773 49.281097,11.440857300000001 49.2811043)
1230	Neumarkt i.d. OPf.	Wolfstein Burgruine	de:09373:17195:0:1	49.292629	11.492085		NO_MATCH_AND_SEEMS_UNSERVED								POINT(11.492085 49.292629)
1231	Neumarkt i.d. OPf.	Wolfstein Burgruine	de:09373:17195:0:2	49.292652	11.492201		NO_MATCH_AND_SEEMS_UNSERVED								POINT(11.492201 49.292652)
1232	Neumarkt i.d. OPf.	Wolfstein Hl. Kreuz	de:09373:17196:0:1	49.286143	11.489794	bus	MATCHED_THOUGH_REVERSED_DIR	n10044376066	5.6	1.0	Heilig Kreuz	565	Wolfstein Siedlung	Hutäcker	LINESTRING(11.489794 49.286143,11.4898404 49.286182700000005)
1233	Neumarkt i.d. OPf.	Wolfstein Hl. Kreuz	de:09373:17196:0:2	49.286172	11.489857		NO_MATCH_AND_SEEMS_UNSERVED								POINT(11.489857 49.286172)
1234	Neumarkt i.d. OPf.	Wolfstein Siedlung	de:09373:17198:0:1	49.28449	11.490162	bus	MATCHED_THOUGH_REVERSED_DIR	n2604392110	2.5	1.0	Siedlung	565	Neumarkt Am Lohgraben	Heilig Kreuz	LINESTRING(11.490162 49.28449,11.490179000000001 49.2845096)
1235	Neumarkt i.d. OPf.	Wolfstein Siedlung	de:09373:17198:0:2	49.28449	11.490189		NO_MATCH_AND_SEEMS_UNSERVED								POINT(11.490189 49.28449)
1236	Neumarkt i.d. OPf.	Zedernweg	de:09373:17107:0:1	49.284883	11.480038	bus	MATCHED_THOUGH_REVERSED_DIR	n5275148984	6.5	1.0	Zedernweg	565	Neumarkt Hutäcker	Egerländer Straße	LINESTRING(11.480038 49.284883,11.4800853 49.284932600000005)
1237	Neumarkt i.d. OPf.	Zedernweg	de:09373:17107:0:2	49.284976	11.480047		NO_MATCH_AND_SEEMS_UNSERVED								POINT(11.480047 49.284976)
1238	Neumarkt i.d. OPf.	Ziegelhüttenweg	de:09373:17108:0:1	49.275184	11.471863	bus	MATCHED	n2656206816	0.9	1.0	Ziegelhüttenweg	566	Neumarkt Mariahilfstr.	Ziegelhüttenweg	LINESTRING(11.471863 49.275184,11.471871400000001 49.275189700000006)
1239	Neumarkt i.d. OPf.	Ziegelhüttenweg	de:09373:17108:0:2	49.275284	11.472016	bus	MATCHED	n2656206815	1.5	1.0	Ziegelhüttenweg	566	Neumarkt Badstr.	Badstraße	LINESTRING(11.472016 49.275284,11.4720212 49.275270500000005)
1240	Neumarkt i.d. OPf.	Ärztehaus	de:09373:16999:0:1	49.266363	11.472843	bus	MATCHED	n5275052589	14.5	1.0	Ärztehaus	506	Graßahof / Neumarkt Marktplatz / Neumarkt Finanzamt / Neumarkt Theo-Betz-Platz / Neumarkt Friedhof / Neumarkt Finanzamt / Neumarkt Berufsschule / Tauernfeld Gewerbepark / Neumarkt Kerschensteinerstr.	Kerschensteinerstraße / Ärztehaus	LINESTRING(11.472843 49.266363,11.472715200000001 49.266463)
1241	Neumarkt i.d. OPf.	Ärztehaus	de:09373:16999:0:2	49.266275	11.473085	bus	MATCHED	n5275052588	39.0	1.0	Ärztehaus	506	Neumarkt Schönwerthstr. / Neumarkt Nobelstr. / Neumarkt Ludwig-Wifling-Str.	Theo-Betz-Platz / Finanzamt / Kerschensteinerstraße	LINESTRING(11.473085 49.266275,11.472833900000001 49.266585000000006)
1242	Parsberg	Abzw. Eichensee	de:09373:17733:0:1	49.210655	11.765451	bus	MATCHED	n10026469796	3.7	1.0	Abzweig Eichensee	548	Abzw. Oedenthurn		LINESTRING(11.765451 49.210655,11.765410600000001 49.210675800000004)
1243	Parsberg	Abzw. Eichensee	de:09373:17733:0:2	49.210813	11.765307	bus	MATCHED	n10026469797	2.1	1.0	Abzweig Eichensee	548	Abzw. Hörmannsdorf / Hörmannsdorf Abzw. Ziegelhütte		LINESTRING(11.765307 49.210813,11.765334800000002 49.2108165)
1244	Parsberg	Abzw. Hackenhofen	de:09373:17735:0:1	49.177586	11.719754		MATCHED	n10026580403	4.7	1.0	Abzweig Hackenhofen				LINESTRING(11.719754 49.177586,11.7197115 49.1776172)
1245	Parsberg	Abzw. Hackenhofen	de:09373:17735:0:2	49.177722	11.719781	bus	NO_MATCH_BUT_OTHER_PLATFORM_MATCHED					548	Hackenhofen GewGeb. Pars/Lup		POINT(11.719781 49.177722)
1246	Parsberg	Abzw. Haid (b. Parsberg)	de:09373:17739:0:1	49.196856	11.751159	bus	MATCHED	n10026581561	0.3	1.0	Abzweig Haid	548	Haid (b. Parsberg) Ort / Pöllenhaid / Abzw. Hörmannsdorf		LINESTRING(11.751159 49.196856,11.7511627 49.1968545)
1247	Parsberg	Abzw. Haid (b. Parsberg)	de:09373:17739:0:2	49.196985	11.751096	bus	MATCHED	n10026581560	7.5	1.0	Abzweig Haid	548	Wolfsquiga		LINESTRING(11.751096 49.196985,11.7509964 49.1970035)
1248	Parsberg	Abzw. Hörmannsdorf	de:09373:17771:0:1	49.2066	11.761229	bus	MATCHED	n10026767720	1.8	1.0	Abzweig Hörmannsdorf	548	Abzw. Eichensee		LINESTRING(11.761229 49.2066,11.7612451 49.2066127)
1249	Parsberg	Abzw. Hörmannsdorf	de:09373:17771:0:2	49.207104	11.761229	bus	MATCHED	n10026767719	5.2	1.0	Abzweig Hörmannsdorf	548	Abzw. Haid (b. Parsberg)		LINESTRING(11.761229 49.207104,11.7612371 49.2071507)
1250	Parsberg	Abzw. Möbelhof	de:09373:17760:0:1	49.157046	11.709522	bus	MATCHED	n10026881893	0.7	1.0	Parsberg Abzweig Möbelhof	531,534,535,537,547	Kerschhofen -11- / Winn (b. Seubersd.) / Daßwang Breitenbrunner Str. / Eglwang / Schöndorf / Daßwang Kirche		LINESTRING(11.709522 49.157046,11.7095134 49.157043400000006)
1251	Parsberg	Abzw. Möbelhof	de:09373:17760:0:2	49.156682	11.709127	bus	MATCHED	n10026881892	5.9	1.0	Parsberg Abzweig Möbelhof	531,534,535,547	Parsberg Lindlbergstr.		LINESTRING(11.709127 49.156682,11.709051700000002 49.156702300000006)
1252	Parsberg	Abzw. Oedenthurn	de:09373:17787:0:1	49.212644	11.7765	bus	MATCHED	n9838689821	2.5	1.0	Abzw. Oedenthurn	548,589	Kühnhausen / Großbissendorf		LINESTRING(11.7765 49.212644,11.7765287 49.212656200000005)
1253	Parsberg	Abzw. Oedenthurn	de:09373:17787:0:2	49.212814	11.776473	bus	MATCHED	n9838689820	1.1	1.0	Abzw. Oedenthurn	548,589	Abzw. Eichensee / Hörmannsdorf Mitte		LINESTRING(11.776473 49.212814,11.7764836 49.212821000000005)
1254	Parsberg	Aktiv-Markt	de:09373:17761:0:1	49.166034	11.720823	bus	MATCHED	n5255762933	1.5	1.0	Parsberg, Aktiv-Markt	542,543,548	Rudolfshöhe / Hammermühle (b. Parsberg) / Hammermühle (b. Parsberg)	Parsberg, Bahnhof (2)	LINESTRING(11.720823 49.166034,11.720816200000002 49.166046900000005)
1255	Parsberg	Aktiv-Markt	de:09373:17761:0:2	49.166134	11.720517	bus	MATCHED	n5255762935	9.0	1.0	Parsberg, Aktiv-Markt	543,548	Parsberg Post / Parsberg / Parsberg Schulzentrum	Parsberg, Aktiv-Markt	LINESTRING(11.720517 49.166134,11.7206392 49.166144300000006)
1256	Parsberg	Auf der Breiten	de:09373:17770:0:1	49.166757	11.714112	bus	NO_MATCH					541,542	Steinmühle b. Parsberg / Velburg Hauptschule		POINT(11.714112 49.166757)
1257	Parsberg	Auf der Breiten	de:09373:17770:0:2	49.166604	11.713977	bus	NO_MATCH					541,542	Parsberg		POINT(11.713977 49.166604)
1258	Parsberg	Bogenmühle	de:09373:17772:0:1	49.166046	11.67871	bus	NO_MATCH_BUT_OTHER_PLATFORM_MATCHED					537	Kerschhofen		POINT(11.67871 49.166046)
1259	Parsberg	Bogenmühle	de:09373:17772:0:2	49.166152	11.678548	bus	MATCHED	n10041401173	13.7	1.0	Bogenmühle	537	Kerschhofen		LINESTRING(11.678548 49.166152,11.6787323 49.1661276)
1260	Parsberg	Breitenthal (b. Parsberg)	de:09373:17727:0:1	49.213307	11.741169	bus	NO_MATCH					548,589	Hörmannsdorf Mitte		POINT(11.741169 49.213307)
1261	Parsberg	Breitenthal (b. Parsberg)	de:09373:17727:0:2	49.213495	11.741349	bus	NO_MATCH					548,589	Holzheim/b.Parsberg Samainhof / Freudenricht		POINT(11.741349 49.213495)
1262	Parsberg	Darshofen	de:09373:17729:0:1	49.170333	11.688896	bus	MATCHED	n9839766626	16.6	1.0	Darshofen	537	Katzenfels		LINESTRING(11.688896 49.170333,11.6888944 49.1704823)
1263	Parsberg	Darshofen	de:09373:17729:0:2	49.170469	11.689148	bus	MATCHED	n9839766625	29.2	1.0	Darshofen	537	Parsberg / Parsberg Darshofener Str. 25 / Parsberg Post		LINESTRING(11.689148 49.170469,11.688865000000002 49.1702833)
1264	Parsberg	Darshofener Str. 25	de:09373:17769:0:1	49.163931	11.704725		NO_MATCH_AND_SEEMS_UNSERVED								POINT(11.704725 49.163931)
1265	Parsberg	Darshofener Str. 25	de:09373:17769:0:2	49.163872	11.704572	bus	NO_MATCH					537	Parsberg Schulzentrum / Parsberg		POINT(11.704572 49.163872)
1266	Parsberg	Edith-Stein-Str.	de:09373:17752:0:1	49.157904	11.729159		NO_MATCH_AND_SEEMS_UNSERVED								POINT(11.729159 49.157904)
1267	Parsberg	Edith-Stein-Str.	de:09373:17752:0:2	49.157904	11.729159		NO_MATCH_AND_SEEMS_UNSERVED								POINT(11.729159 49.157904)
1268	Parsberg	Eglwang	de:09373:17731:0:1	49.153163	11.689732	bus	MATCHED	n10042330283	6.8	1.0	Eglwang	537	Bogenmühle		LINESTRING(11.689732 49.153163,11.6896664 49.1531201)
1269	Parsberg	Eglwang	de:09373:17731:0:2	49.153169	11.689579	bus	NO_MATCH_BUT_OTHER_PLATFORM_MATCHED					537	Bogenmühle		POINT(11.689579 49.153169)
1270	Parsberg	Eichensee Ortsmitte	de:09373:17734:0:1	49.221651	11.766179	bus	MATCHED	n10019930319	3.9	1.0	Eichensee Ortsmitte	548	Hörmannsdorf Ziegelhütte / Oedenthurn		LINESTRING(11.766179 49.221651,11.7661764 49.22168610000001)
1271	Parsberg	Eichensee Ortsmitte	de:09373:17734:0:2	49.221651	11.766179		NO_MATCH_AND_SEEMS_UNSERVED								POINT(11.766179 49.221651)
1272	Parsberg	Freizeitzentrum	de:09373:17755:0:1	49.158891	11.708426	bus	MATCHED	n10042736973	1.3	1.0	Parsberg Freizeitzentrum	536	Parsberg Jahnstr.		LINESTRING(11.708426 49.158891,11.708407600000001 49.158892200000004)
1273	Parsberg	Freizeitzentrum	de:09373:17755:0:2	49.15882	11.708614		NO_MATCH_AND_SEEMS_UNSERVED								POINT(11.708614 49.15882)
1274	Parsberg	Geigerhaid	de:09373:17736:0:1	49.180746	11.695921	bus	NO_MATCH_BUT_OTHER_PLATFORM_MATCHED					541,542	Klapfenberg Ort / Abzw. Pathal		POINT(11.695921 49.180746)
1275	Parsberg	Geigerhaid	de:09373:17736:0:2	49.18081	11.695733	bus	MATCHED	n9839745498	12.8	1.0	Geigerhaid	541,542	Steinmühle b. Parsberg		LINESTRING(11.695733 49.18081,11.6955573 49.1808174)
1276	Parsberg	Grundschule	de:09373:17756:0:1	49.159055	11.722871	bus	MATCHED	n5252908711	89.6	1.0	Parsberg, Grundschule	545	Parsberg Schulzentrum / Parsberg Rathaus / Parsberg Post		LINESTRING(11.722871 49.159055,11.724069700000001 49.159232)
1277	Parsberg	Grundschule	de:09373:17756:0:2	49.159038	11.723311	bus	NO_MATCH_BUT_OTHER_PLATFORM_MATCHED					534,535	Parsberg Schulzentrum		POINT(11.723311 49.159038)
1278	Parsberg	Hackenhofen GewGeb. Pars/Lup	de:09373:17738:0:1	49.175972	11.730515	bus	MATCHED	n286992427	10.1	0.54	Hackenhofen GewGeb. Parsb/Lupb	548	Wolfsquiga / Neuhaid (b. Parsberg)	Parsberg, Aktiv-Markt	LINESTRING(11.730515 49.175972,11.730377200000001 49.175964500000006)
1279	Parsberg	Hackenhofen GewGeb. Pars/Lup	de:09373:17738:0:2	49.175872	11.730273	bus	NO_MATCH_BUT_OTHER_PLATFORM_MATCHED					548	Hammermühle (b. Parsberg) / Rudolfshöhe		POINT(11.730273 49.175872)
1280	Parsberg	Hackenhofen Ortsmitte	de:09373:17737:0:1	49.176576	11.720212	bus	NO_MATCH_BUT_OTHER_PLATFORM_MATCHED					542,548	Rudenshofen		POINT(11.720212 49.176576)
1281	Parsberg	Hackenhofen Ortsmitte	de:09373:17737:0:2	49.176529	11.720185	bus	MATCHED	n9883304341	8.2	1.0	Hackenhofen Ortsmitte	542,548	Parsberg Post / Hackenhofen GewGeb. Pars/Lup		LINESTRING(11.720185 49.176529,11.720150700000001 49.176599200000005)
1282	Parsberg	Hackenhofen Rudenshofener Str. 	de:09373:17763:0:1	49.174544	11.728674		NO_MATCH_AND_SEEMS_UNSERVED								POINT(11.728674 49.174544)
1283	Parsberg	Hackenhofen Rudenshofener Str. 	de:09373:17763:0:2	49.174544	11.728674		NO_MATCH_AND_SEEMS_UNSERVED								POINT(11.728674 49.174544)
1284	Parsberg	Haid (b. Parsberg) Ort	de:09373:17740:0:1	49.198159	11.745733	bus	MATCHED	n10056439461	7.2	1.0	Haid (b. Parsberg) Ort	548	Weiherstetten		LINESTRING(11.745733 49.198159,11.7456347 49.198162)
1285	Parsberg	Haid (b. Parsberg) Ort	de:09373:17740:0:2	49.198059	11.745643	bus	NO_MATCH_BUT_OTHER_PLATFORM_MATCHED					548	Abzw. Haid (b. Parsberg) / Pöllenhaid		POINT(11.745643 49.198059)
1286	Parsberg	Hammermühle (b. Parsberg)	de:09373:17742:0:1	49.170844	11.726653	bus	MATCHED	n9889413609	4.1	1.0	Hammermühle (bei Parsberg)	542,548	Hackenhofen Ortsmitte / Rudolfshöhe / Hackenhofen GewGeb. Pars/Lup		LINESTRING(11.726653 49.170844,11.7267063 49.170855700000004)
1287	Parsberg	Hammermühle (b. Parsberg)	de:09373:17742:0:2	49.170228	11.725269	bus	MATCHED	n9889413608	5.2	1.0	Hammermühle (bei Parsberg)	543,548	Parsberg Aktiv-Markt / Rudolfshöhe		LINESTRING(11.725269 49.170228,11.725339700000001 49.170234400000005)
1288	Parsberg	Haus der Gesundheit	de:09373:17741:0:1	49.159191	11.72491	bus	NO_MATCH					531,548	Parsberg / Parsberg Schulzentrum		POINT(11.72491 49.159191)
1289	Parsberg	Herrnried Am Holzberg	de:09373:17749:0:1	49.104668	11.717948	bus	NO_MATCH_BUT_OTHER_PLATFORM_MATCHED					545	Herrnried Ortsmitte		POINT(11.717948 49.104668)
1290	Parsberg	Herrnried Am Holzberg	de:09373:17749:0:2	49.104762	11.718083		MATCHED	n5249136441	3.6	0.69	Herrnried, Am Holzberg				LINESTRING(11.718083 49.104762,11.718042800000001 49.1047808)
1291	Parsberg	Herrnried Engelhöfe	de:09373:17745:0:1	49.103697	11.741133		MATCHED	n5894446880	113.7	0.08	Herrenried, Engelhöfe			Willenhofen, Buchenweg	LINESTRING(11.741133 49.103697,11.7426896 49.1036693)
1292	Parsberg	Herrnried Engelhöfe	de:09373:17745:0:2	49.103744	11.741133	bus	MATCHED	n9839773839	13.8	1.0	Herrnried Engelhöfe	545	Herrnried Haus Nr. 20		LINESTRING(11.741133 49.103744,11.741322400000001 49.1037471)
1293	Parsberg	Herrnried Haus Nr. 20	de:09373:17746:0:1	49.105056	11.729896	bus	NO_MATCH_BUT_OTHER_PLATFORM_MATCHED					531	Willenhofen Buchenweg		POINT(11.729896 49.105056)
1294	Parsberg	Herrnried Haus Nr. 20	de:09373:17746:0:2	49.105103	11.729833	bus	MATCHED	n5249177379	3.4	1.0	Herrnried, Haus Nr. 20	545	Willenhofen Kellerhofweg / Herrnried Am Holzberg / Herrnried Ortsmitte		LINESTRING(11.729833 49.105103,11.729802900000001 49.105125900000004)
1295	Parsberg	Herrnried Ortsmitte	de:09373:17744:0:1	49.105485	11.720337	bus	MATCHED	n5249150121	3.9	0.82	Herrnried, Ortsmitte	545	Herrnried Haus Nr. 20 / Willenhofen Kellerhofweg	Willenhofen, Kellerhofweg	LINESTRING(11.720337 49.105485,11.7203394 49.1054498)
1296	Parsberg	Herrnried Ortsmitte	de:09373:17744:0:2	49.10555	11.720293	bus	NO_MATCH_BUT_OTHER_PLATFORM_MATCHED					545	Oberreiselberg Abzw. / Willenhofen Buchenweg / Eckerding / Willenhofen Kellerhofweg / Grünstaude		POINT(11.720293 49.10555)
1297	Parsberg	Holzheim (b. Parsberg) Kapelle	de:09373:17747:0:1	49.206993	11.730659	bus	NO_MATCH_BUT_OTHER_PLATFORM_MATCHED					548	Holzheim/b.Parsberg Samainhof		POINT(11.730659 49.206993)
1298	Parsberg	Holzheim (b. Parsberg) Kapelle	de:09373:17747:0:2	49.207046	11.73065	bus	MATCHED	n9838889811	2.9	1.0	Holzheim (b. Parsberg) Kapelle	548	Weiherstetten		LINESTRING(11.73065 49.207046,11.7306346 49.2070701)
1299	Parsberg	Holzheim/b. Parsberg Samainhof	de:09373:17748:0:1	49.208935	11.740038	bus	MATCHED	n10017673417	2.5	0.75	Holzheim b. Parsberg, Samainhof	548	Breitenthal (b. Parsberg)		LINESTRING(11.740038 49.208935,11.7400114 49.2089494)
1300	Parsberg	Holzheim/b. Parsberg Samainhof	de:09373:17748:0:2	49.209018	11.739984	bus	MATCHED	n10017645316	3.7	1.0	Holzheim b. Parsberg, Samainhof	548	Holzheim (b. Parsberg) Kapelle		LINESTRING(11.739984 49.209018,11.7400061 49.2090484)
1301	Parsberg	Hörmannsdorf Abzw. Ziegelhütte	de:09373:17776:0:1	49.207198	11.7598	bus	MATCHED_AMBIGUOUSLY	n10060350958	1.8	1.0	Hörmannsdorf Abzweigung Ziegelhütte	548	Abzw. Eichensee / Hörmannsdorf Ziegelhütte		LINESTRING(11.7598 49.207198,11.7598195 49.207188300000006)
1302	Parsberg	Hörmannsdorf Abzw. Ziegelhütte	de:09373:17776:0:1	49.207198	11.7598	bus	MATCHED_AMBIGUOUSLY	n9026468718	33.2	1.0	Hörmannsdorf Abzweigung Ziegelhütte	548	Abzw. Eichensee / Hörmannsdorf Ziegelhütte		LINESTRING(11.7598 49.207198,11.7601042 49.207419800000004)
1303	Parsberg	Hörmannsdorf Abzw. Ziegelhütte	de:09373:17776:0:2	49.207415	11.76007	bus	NO_MATCH_BUT_OTHER_PLATFORM_MATCHED					548	Hörmannsdorf Mitte		POINT(11.76007 49.207415)
1304	Parsberg	Hörmannsdorf Mitte	de:09373:17774:0:1	49.209364	11.754159	bus	MATCHED	n10063291994	7.3	1.0	Hörmannsdorf Mitte	548,589	Hörmannsdorf Abzw. Ziegelhütte / Abzw. Oedenthurn		LINESTRING(11.754159 49.209364,11.754258 49.2093761)
1305	Parsberg	Hörmannsdorf Mitte	de:09373:17774:0:2	49.209464	11.754204	bus	MATCHED	n9026468717	5.3	1.0	Hörmannsdorf Mitte	548,589	Breitenthal (b. Parsberg)		LINESTRING(11.754204 49.209464,11.754268300000001 49.209486000000005)
1306	Parsberg	Hörmannsdorf Ziegelhütte	de:09373:17775:0:1	49.210191	11.761965	bus	MATCHED	n10020019703	4.3	1.0	Hörmannsdorf Ziegelhütte	548	Eichensee Ortsmitte		LINESTRING(11.761965 49.210191,11.761925100000001 49.210162000000004)
1307	Parsberg	Hörmannsdorf Ziegelhütte	de:09373:17775:0:2	49.210244	11.761831	bus	MATCHED	n10020019702	1.8	1.0	Hörmannsdorf Ziegelhütte	548	Hörmannsdorf Abzw. Ziegelhütte		LINESTRING(11.761831 49.210244,11.7618285 49.210260100000006)
1308	Parsberg	Jahnstr.	de:09373:17751:0:1	49.158838	11.711417	bus	MATCHED	n9889425362	2.4	1.0	Parsberg Jahnstraße	536	Parsberg Lindlbergstr.		LINESTRING(11.711417 49.158838,11.7114439 49.1588251)
1309	Parsberg	Jahnstr.	de:09373:17751:0:2	49.158738	11.71139		NO_MATCH_AND_SEEMS_UNSERVED								POINT(11.71139 49.158738)
1310	Parsberg	Kath. Kindergarten	de:09373:17753:0:1	49.15882	11.714498	bus	MATCHED	n5216690564	6.5	1.0	Kath. Kindergarten	536	Parsberg Möbelhof		LINESTRING(11.714498 49.15882,11.7144084 49.15882250000001)
1311	Parsberg	Kath. Kindergarten	de:09373:17753:0:2	49.158903	11.714454	bus	NO_MATCH_BUT_OTHER_PLATFORM_MATCHED					545			POINT(11.714454 49.158903)
1312	Parsberg	Katzenfels	de:09373:17777:0:1	49.176001	11.679689	bus	MATCHED	n10044680643	2.5	1.0	Katzenfels	537	Abzw. Gastelshof		LINESTRING(11.679689 49.176001,11.679678500000001 49.17598)
1313	Parsberg	Katzenfels	de:09373:17777:0:2	49.175919	11.679608	bus	NO_MATCH_BUT_OTHER_PLATFORM_MATCHED					537	Darshofen		POINT(11.679608 49.175919)
1314	Parsberg	Kerschhofen	de:09373:17778:0:1	49.168736	11.680749	bus	MATCHED	n10044680606	3.6	1.0	Kerschhofen	537	Darshofen		LINESTRING(11.680749 49.168736,11.680711800000001 49.168714900000005)
1315	Parsberg	Kerschhofen	de:09373:17778:0:2	49.168777	11.680722	bus	NO_MATCH_BUT_OTHER_PLATFORM_MATCHED					537	Darshofen		POINT(11.680722 49.168777)
1316	Parsberg	Kerschhofen -11-	de:09373:17782:0:1	49.1654	11.673616	bus	NO_MATCH					535	Krappenhofen / Parsberg Abzw. Möbelhof		POINT(11.673616 49.1654)
1317	Parsberg	Klapfenberg Ort	de:09373:17780:0:1	49.18876	11.679096	bus	MATCHED	n10056497224	25.0	1.0	Klapfenberg Ort	542	Geigerhaid / Klapfenberg Polstermühlstr. 30		LINESTRING(11.679096 49.18876,11.6794284 49.1888141)
1318	Parsberg	Klapfenberg Ort	de:09373:17780:0:2	49.188837	11.679033	bus	MATCHED	n10056497225	4.9	1.0	Klapfenberg Ort	542	Geigerhaid / Parsberg Schulzentrum		LINESTRING(11.679033 49.188837,11.679099800000001 49.188840400000004)
1319	Parsberg	Klapfenberg Polstermühlstr. 30	de:09373:17779:0:1	49.191708	11.672691	bus	NO_MATCH					542	Polstermühle		POINT(11.672691 49.191708)
1320	Parsberg	Klapfenberg Polstermühlstr. 30	de:09373:17779:0:2	49.191708	11.672691	bus	NO_MATCH					542	Klapfenberg Ort		POINT(11.672691 49.191708)
1321	Parsberg	Krankenhaus	de:09373:17754:0:1	49.158456	11.724937	bus	NO_MATCH					543	Lupburg Parsberger Str.		POINT(11.724937 49.158456)
1322	Parsberg	Krankenhaus	de:09373:17754:0:2	49.158591	11.72482	bus	NO_MATCH					543	Parsberg Post		POINT(11.72482 49.158591)
1323	Parsberg	Kühnhausen	de:09373:17781:0:1	49.204645	11.7697	bus	MATCHED	n10048951313	5.5	1.0	Kühnhausen	548	Kühnhausen Höhenberg / Großbissendorf / Abzw. Oedenthurn / Oedenthurn		LINESTRING(11.7697 49.204645,11.769773200000001 49.204658300000006)
1324	Parsberg	Kühnhausen	de:09373:17781:0:2	49.204716	11.769332		MATCHED	n10048951312	18.8	1.0	Kühnhausen				LINESTRING(11.769332 49.204716,11.7695895 49.204717900000006)
1325	Parsberg	Kühnhausen Höhenberg	de:09373:17773:0:1	49.198441	11.773563	bus	NO_MATCH					548	Großbissendorf / Kühnhausen		POINT(11.773563 49.198441)
1326	Parsberg	Kühnhausen Höhenberg	de:09373:17773:0:2	49.198388	11.773545		NO_MATCH_AND_SEEMS_UNSERVED								POINT(11.773545 49.198388)
1327	Parsberg	Lindlbergstr.	de:09373:17759:0:1	49.15969	11.713591	bus	MATCHED	n5252969402	4.4	1.0	Parsberg, Lindlbergstraße	531,534,535,536,537,547	Parsberg Abzw. Möbelhof / Parsberg Post / Seubersd. OPf. Nürnberger Str.	Winn (b. Seubersdorf) / Parsberg, Bahnhof (2)	LINESTRING(11.713591 49.15969,11.7136466 49.1597056)
1328	Parsberg	Lindlbergstr.	de:09373:17759:0:2	49.159655	11.713888	bus	MATCHED	n10049005964	2.6	1.0	Parsberg, Lindlbergstraße	531,534,535,547	Parsberg / Parsberg Post / Parsberg (Opf) Nord		LINESTRING(11.713888 49.159655,11.7138518 49.159656500000004)
1329	Parsberg	Lohhof 1 (b. Parsberg)	de:09373:17783:0:1	49.149244	11.73657	bus	MATCHED	n9883602287	16.6	1.0	Lohhof 1	545	Lohhof 2 (b. Parsberg)	Lohhof 2	LINESTRING(11.73657 49.149244,11.736428 49.149361000000006)
1330	Parsberg	Lohhof 1 (b. Parsberg)	de:09373:17783:0:2	49.149297	11.736705	bus	MATCHED	n9883602288	14.2	1.0	Lohhof 1	545	Parsberg Schulzentrum / Parsberg / Lupburg Ziegelhüttestr.	Parsberg, Bahnhof (1) / H3 Parsberg Schulzentrum	LINESTRING(11.736705 49.149297,11.7365688 49.1493886)
1331	Parsberg	Lohhof 2 (b. Parsberg)	de:09373:17784:0:1	49.145953	11.741879	bus	MATCHED	n10048982362	4.3	1.0	Lohhof 2	545	Abzw. Dettenhofen (b. Lupburg)	Abzweig Dettenhofen	LINESTRING(11.741879 49.145953,11.7419212 49.1459266)
1332	Parsberg	Lohhof 2 (b. Parsberg)	de:09373:17784:0:2	49.146006	11.741969	bus	MATCHED	n10048982361	3.2	1.0	Lohhof 2	545	Lohhof 1 (b. Parsberg)	Lohhof 1	LINESTRING(11.741969 49.146006,11.742011000000002 49.146012600000006)
1333	Parsberg	Mannsdorf (b. Parsberg)	de:09373:17786:0:1	49.128486	11.705524	bus	MATCHED	n5894421513	2.7	1.0	Mannsdorf (b. Parsberg)	545	Willenhofen Buchenweg / Parsberg Grundschule / Daßwang Kirche	Mannsdorf (b. Parsberg) / Herrenried, Engelhöfe	LINESTRING(11.705524 49.128486,11.7054927 49.1284739)
1334	Parsberg	Mannsdorf (b. Parsberg)	de:09373:17786:0:2	49.128451	11.705381	bus	MATCHED	n5894421512	8.3	0.58	Mannsdorf (b. Parsberg)	531	Willenhofen Buchenweg / Eckerding	Grünstaude / Mannsdorf (b. Parsberg)	LINESTRING(11.705381 49.128451,11.705331800000002 49.128517800000004)
1335	Parsberg	Möbelhof	de:09373:17758:0:1	49.156159	11.70759	bus	MATCHED	n10063667346	4.8	1.0	Parsberg Möbelhof	536	Parsberg Freizeitzentrum		LINESTRING(11.70759 49.156159,11.707650600000001 49.1561764)
1336	Parsberg	Möbelhof	de:09373:17758:0:2	49.156089	11.707617		NO_MATCH_AND_SEEMS_UNSERVED								POINT(11.707617 49.156089)
1337	Parsberg	Neuhaid (b. Parsberg)	de:09373:17788:0:1	49.187827	11.729617	bus	MATCHED	n10063828475	25.4	1.0	Neuhaid (bei Parsberg)	548	Wolfsquiga		LINESTRING(11.729617 49.187827,11.729935000000001 49.187733800000004)
1338	Parsberg	Neuhaid (b. Parsberg)	de:09373:17788:0:2	49.187927	11.729653	bus	NO_MATCH_BUT_OTHER_PLATFORM_MATCHED					548	Rudenshofen / Hackenhofen GewGeb. Pars/Lup		POINT(11.729653 49.187927)
1339	Parsberg	Nord	de:09373:15702:0:41	49.166087	11.720508	bus	NO_MATCH					RE22	Regensburg Hbf / Neumarkt (Oberpf)		POINT(11.720508 49.166087)
1340	Parsberg	Nord	de:09373:15702:0:42	49.164965	11.719978	bus	NO_MATCH					RB51	Parsberg Schulzentrum / Parsberg Schulzentrum / Parsberg Lindlbergstr.		POINT(11.719978 49.164965)
1341	Parsberg	Oedenthurn	de:09373:17785:0:1	49.210461	11.776886	bus	MATCHED	n10053282072	1.3	1.0	Oedenthurn	548	Eichensee Ortsmitte		LINESTRING(11.776886 49.210461,11.7769025 49.2104572)
1342	Parsberg	Oedenthurn	de:09373:17785:0:2	49.210526	11.776815	bus	MATCHED	n10053282067	1.6	1.0	Oedenthurn	548	Kühnhausen		LINESTRING(11.776815 49.210526,11.7768113 49.210511600000004)
1343	Parsberg	Parsberg	de:09373:17750:1:1	49.164272	11.723571	trainish	MATCHED	n34003197	18.3	0.43	Parsberg			Beratzhausen	LINESTRING(11.723571 49.164272,11.723809800000002 49.164221100000006)
1344	Parsberg	Parsberg	de:09373:17750:23:2	49.164448	11.723005	trainish	MATCHED	n610313280	42.1	0.27	Parsberg			Neumarkt (Oberpf)	LINESTRING(11.723005 49.164448,11.7235528 49.1643282)
1345	Parsberg	Parsberg	de:09373:17750:23:3	49.164542	11.723059	train	MATCHED	n10304650138	40.1	0.28	Parsberg	RB51	Mausheim		LINESTRING(11.723059 49.164542,11.723584200000001 49.1644347)
1346	Parsberg	Parsberg	de:09373:17750:3:1	49.163996	11.723338	bus	MATCHED	w480231289	9.1	1.0	Parsberg, Bahnhof (1)	531,534,535,536,537,538,539,541,542,543,544,545,547,548,RB51,RE22,RE50	Regensburg Hbf / Parsberg Auf der Breiten / Parsberg Aktiv-Markt / Parsberg Lindlbergstr. / Beratzhausen / Mausheim / Parsberg Post / Parsberg Schulzentrum / Mausheim / Parsberg Grundschule / Parsberg Schulzentrum	Lupburg, Ziegelhüttenstraße	LINESTRING(11.723338 49.163996,11.723242904764135 49.164048798649794)
1347	Parsberg	Parsberg	de:09373:17750:3:2	49.163679	11.724326	bus	MATCHED	w480231287	15.7	1.0	Parsberg, Bahnhof (2)	531,534,535,536,537,538,539,541,542,543,544,545,547,548,RB51,RE22,RE50	Lupburg Parsberger Str. / Parsberg Schulzent/Bahnhofstr. / Parsberg Schulzentrum / Mausheim / Parsberg Schulzentrum / Abzw. Illkofen (Beratzhausen) / Seubersdorf / Neumarkt (Oberpf) / Parsberg Schulzentrum / Lohhof 1 (b. Parsberg) / Parsberg Aktiv-Markt / Parsberg Schulzentrum / Parsberg Schulzentrum / Parsberg Schulzentrum	Schulzentrum/Bahnhofsstraße / Lohhof 1	LINESTRING(11.724326 49.163679,11.72411857133456 49.16371613937498)
1348	Parsberg	Polstermühle	de:09373:17789:0:1	49.194238	11.67067	bus	NO_MATCH					542	Haumühle		POINT(11.67067 49.194238)
1349	Parsberg	Polstermühle	de:09373:17789:0:2	49.194238	11.67067	bus	NO_MATCH					542	Klapfenberg Polstermühlstr. 30		POINT(11.67067 49.194238)
1350	Parsberg	Post	de:09373:17762:0:1	49.160888	11.718586	bus	MATCHED	n5249244914	3.3	1.0	Parsberg, Post	545	Parsberg Krankenhaus / Klapfenberg Ort / Parsberg Rathaus / Parsberg Aktiv-Markt / Parsberg Lindlbergstr. / Parsberg	Parsberg, Post	LINESTRING(11.718586 49.160888,11.718623500000001 49.1608716)
1351	Parsberg	Post	de:09373:17762:0:2	49.161394	11.71828	bus	MATCHED_THOUGH_REVERSED_DIR	n5249244915	1.0	0.83	Parsberg, Post	545	Parsberg / Parsberg Haus der Gesundheit	Parsberg, Lindlbergstraße	LINESTRING(11.71828 49.161394,11.7182896 49.161387700000006)
1352	Parsberg	Rathaus	de:09373:17764:0:1	49.158257	11.72023	bus	MATCHED	n9883366426	9.4	1.0	Parsberg Rathaus	536	Parsberg Seniorenzentrum / Parsberg		LINESTRING(11.72023 49.158257,11.720253600000001 49.15834)
1353	Parsberg	Rathaus	de:09373:17764:0:2	49.158251	11.720346		NO_MATCH_AND_SEEMS_UNSERVED								POINT(11.720346 49.158251)
1354	Parsberg	Rudenshofen	de:09373:17790:0:1	49.187075	11.712199	bus	MATCHED	n10019961036	3.6	1.0	Rudenshofen	542,548	Neuhaid (b. Parsberg) / Steinmühle b. Parsberg		LINESTRING(11.712199 49.187075,11.7121902 49.187043100000004)
1355	Parsberg	Rudenshofen	de:09373:17790:0:2	49.187128	11.712118	bus	NO_MATCH_BUT_OTHER_PLATFORM_MATCHED					542,548	Hackenhofen Ortsmitte / Abzw. Hackenhofen		POINT(11.712118 49.187128)
1356	Parsberg	Rudolfshöhe	de:09373:17792:0:1	49.171285	11.734459	bus	MATCHED	n2623292346	3.4	1.0	Rudolfshöhe	543,548	Hackenhofen GewGeb. Pars/Lup / Degerndorf Brücke		LINESTRING(11.734459 49.171285,11.7345024 49.1712744)
1357	Parsberg	Rudolfshöhe	de:09373:17792:0:2	49.17135	11.734342	bus	MATCHED	n10019897703	12.3	1.0	Rudolfshöhe	543,548	Hammermühle (b. Parsberg) / Parsberg Aktiv-Markt		LINESTRING(11.734342 49.17135,11.734176300000001 49.171369500000004)
1358	Parsberg	Schulzent/Bahnhofstr.	de:09373:17765:0:1	49.161194	11.729923	bus	MATCHED_THOUGH_REVERSED_DIR	n4526607715	14.4	1.0	Schulzentrum/Bahnhofsstraße	545	Lohhof 1 (b. Parsberg) / Grünstaude / Lupburg Parsberger Str.	Lohhof 1	LINESTRING(11.729923 49.161194,11.730088100000001 49.161123800000006)
1359	Parsberg	Schulzent/Bahnhofstr.	de:09373:17765:0:2	49.161311	11.729976		NO_MATCH_AND_SEEMS_UNSERVED								POINT(11.729976 49.161311)
1360	Parsberg	Schulzentrum	de:09373:17767:53:1	49.162286	11.728413	bus	MATCHED	w1109022030	5.6	0.58	H1 Parsberg Schulzentrum	531,534,536,541	Parsberg / Parsberg Grundschule / Parsberg Grundschule		LINESTRING(11.728413 49.162286,11.7283991 49.162236650000004)
1361	Parsberg	Schulzentrum	de:09373:17767:53:10	49.161758	11.728072	bus	MATCHED	w1109022021	3.3	0.64	H10 Parsberg Schulzentrum	544	Lupburg Parsberger Str. / Parsberg / Lupburg Ziegelhüttestr.		LINESTRING(11.728072 49.161758,11.728086950000002 49.161729750000006)
1362	Parsberg	Schulzentrum	de:09373:17767:53:11	49.161693	11.728045	bus	MATCHED	w1109022020	2.2	0.72	H11 Parsberg Schulzentrum	RB51	Parsberg (Opf) Nord / Abzw. Mausheim		LINESTRING(11.728045 49.161693,11.7280501 49.1616736)
1363	Parsberg	Schulzentrum	de:09373:17767:53:12	49.161611	11.727991	bus	MATCHED	w1109022019	2.2	0.69	H12 Parsberg Schulzentrum	545	Parsberg (Opf) Nord / Abzw. Mausheim / Lupburg Ziegelhüttestr.		LINESTRING(11.727991 49.161611,11.7280206 49.161614)
1364	Parsberg	Schulzentrum	de:09373:17767:53:13	49.161188	11.727973		NO_MATCH_AND_SEEMS_UNSERVED								POINT(11.727973 49.161188)
1365	Parsberg	Schulzentrum	de:09373:17767:53:2	49.162222	11.728359	bus	MATCHED	w1109022029	1.8	0.74	H2 Parsberg Schulzentrum	547	Parsberg		LINESTRING(11.728359 49.162222,11.7283629 49.1622064)
1366	Parsberg	Schulzentrum	de:09373:17767:53:3	49.162169	11.728315	bus	MATCHED	w1109022028	2.4	0.71	H3 Parsberg Schulzentrum	538,539,545	Parsberg / Abzw. Illkofen (Beratzhausen) / Parsberg Kath. Kindergarten		LINESTRING(11.728315 49.162169,11.72832605 49.16214895)
1367	Parsberg	Schulzentrum	de:09373:17767:53:4	49.16211	11.728288	bus	MATCHED	w1109022027	2.7	0.69	H4 Parsberg Schulzentrum	548	Parsberg / Parsberg		LINESTRING(11.728288 49.16211,11.72829355 49.162086200000005)
1368	Parsberg	Schulzentrum	de:09373:17767:53:5	49.162046	11.728243		MATCHED	w1109022026	2.2	0.69	H5 Parsberg Schulzentrum				LINESTRING(11.728243 49.162046,11.728259300000001 49.16202925)
1369	Parsberg	Schulzentrum	de:09373:17767:53:6	49.161993	11.728216	bus	MATCHED	w1109022025	2.7	0.69	H6 Parsberg Schulzentrum	534	Parsberg		LINESTRING(11.728216 49.161993,11.728223100000001 49.161969600000006)
1370	Parsberg	Schulzentrum	de:09373:17767:53:7	49.161928	11.72818	bus	MATCHED	w1109022024	2.1	0.72	H7 Parsberg Schulzentrum	535,537	Mantlach b. Velburg / Parsberg / Seubersdorf i.d.OPf. Schule / Parsberg / Parsberg Grundschule		LINESTRING(11.72818 49.161928,11.72818895 49.1619104)
1371	Parsberg	Schulzentrum	de:09373:17767:53:8	49.161863	11.728153		MATCHED	w1109022023	1.1	0.76	H8 Parsberg Schulzentrum				LINESTRING(11.728153 49.161863,11.72815 49.1618534)
1372	Parsberg	Schulzentrum	de:09373:17767:53:9	49.161816	11.728108	bus	MATCHED	w1109022022	2.9	0.68	H9 Parsberg Schulzentrum	542	Parsberg / Hollerstetten Kirche		LINESTRING(11.728108 49.161816,11.728119150000001 49.16179115)
1373	Parsberg	Seniorenzentrum	de:09373:17768:0:1	49.155736	11.717517	bus	MATCHED	n10017655065	1.9	1.0	Parsberg Seniorenzentrum	536	Parsberg Kath. Kindergarten		LINESTRING(11.717517 49.155736,11.717525100000001 49.155751900000006)
1374	Parsberg	Seniorenzentrum	de:09373:17768:0:2	49.15566	11.71749		MATCHED	n10017655066	0.6	1.0	Parsberg Seniorenzentrum				LINESTRING(11.71749 49.15566,11.7174983 49.155660600000004)
1375	Parsberg	Steinmühle b. Parsberg	de:09373:17793:0:1	49.175243	11.701841	bus	MATCHED	n10017633464	0.8	1.0	Steinmühle b. Parsberg	541,542	Geigerhaid		LINESTRING(11.701841 49.175243,11.701838200000001 49.175236100000006)
1376	Parsberg	Steinmühle b. Parsberg	de:09373:17793:0:2	49.175126	11.701751	bus	MATCHED	n10017633463	11.3	1.0	Steinmühle b. Parsberg	541,542	Rudenshofen / Parsberg Auf der Breiten		LINESTRING(11.701751 49.175126,11.701611600000001 49.1751712)
1377	Parsberg	Weiherstetten	de:09373:17795:0:1	49.200877	11.733965	bus	NO_MATCH_BUT_OTHER_PLATFORM_MATCHED					548	Holzheim (b. Parsberg) Kapelle		POINT(11.733965 49.200877)
1378	Parsberg	Weiherstetten	de:09373:17795:0:2	49.200836	11.733758	bus	MATCHED	n9847089825	12.0	1.0	Weiherstetten	548	Haid (b. Parsberg) Ort		LINESTRING(11.733758 49.200836,11.733670400000001 49.200927)
1379	Parsberg	Willenhofen Buchenweg	de:09373:17797:0:1	49.115729	11.731647	bus	MATCHED_THOUGH_REVERSED_DIR	n5894433093	3.0	1.0	Willenhofen, Buchenweg	545	Mannsdorf (b. Parsberg)	Herrnried, Ortsmitte / Willenhofen, Buchenweg	LINESTRING(11.731647 49.115729,11.7316523 49.115701800000004)
1380	Parsberg	Willenhofen Buchenweg	de:09373:17797:0:2	49.11567	11.731513	bus	MATCHED_THOUGH_REVERSED_DIR	n5894433092	5.0	0.59	Willenhofen, Buchenweg	545	Herrnried Haus Nr. 20 / Herrnried Ortsmitte	Mannsdorf (b. Parsberg) / Willenhofen, Buchenweg	LINESTRING(11.731513 49.11567,11.731496700000001 49.115714100000005)
1381	Parsberg	Willenhofen Kellerhofweg	de:09373:17798:0:1	49.114547	11.735016	bus	MATCHED	n5894433090	16.9	1.0	Willenhofen, Kellerhofweg	545	Herrnried Engelhöfe / Oberreiselberg Abzw. / Herrnried Ortsmitte	Willenhofen, Kellerhofweg / Abzw. Bux	LINESTRING(11.735016 49.114547,11.735209000000001 49.114462800000005)
1382	Parsberg	Willenhofen Kellerhofweg	de:09373:17798:0:2	49.114547	11.735258	bus	MATCHED	n5894433091	10.3	1.0	Willenhofen, Kellerhofweg	545	See (b.Lupb) Niederhofener Weg / Abzw. Bux	Willenhofen, Kellerhofweg / Herrenried, Engelhöfe	LINESTRING(11.735258 49.114547,11.735141800000001 49.1145993)
1383	Parsberg	Wolfsquiga	de:09373:17799:0:1	49.187886	11.742526	bus	MATCHED	n10020050347	12.3	1.0	Wolfsquiga	548	Abzw. Haid (b. Parsberg)		LINESTRING(11.742526 49.187886,11.7426185 49.1879788)
1384	Parsberg	Wolfsquiga	de:09373:17799:0:2	49.187792	11.742247	bus	MATCHED	n10020050348	9.4	1.0	Wolfsquiga	548	Neuhaid (b. Parsberg) / Hackenhofen GewGeb. Pars/Lup		LINESTRING(11.742247 49.187792,11.7423342 49.187854300000005)
1385	Pilsach	Abzw. Ammelhofen	de:09373:17890:0:1	49.334156	11.53709	bus	NO_MATCH					522	Schneemühle (b. Pilsach) / Trautmannshofen Seeplatz / Danlohe		POINT(11.53709 49.334156)
1386	Pilsach	Abzw. Ammelhofen	de:09373:17890:0:2	49.334044	11.537126		NO_MATCH_AND_SEEMS_UNSERVED								POINT(11.537126 49.334044)
1387	Pilsach	Abzw. Bernthal	de:09373:17887	49.328266	11.500286		NO_MATCH_AND_SEEMS_UNSERVED								POINT(11.500286 49.328266)
1388	Pilsach	Abzw. Eispertshofen	de:09373:17891:0:1	49.350415	11.530937	bus	MATCHED	n10026470689	3.6	1.0	Abzweig Eispertshofen	523	Litzlohe Obere Dorfstr.		LINESTRING(11.530937 49.350415,11.5309366 49.350382700000004)
1389	Pilsach	Abzw. Eispertshofen	de:09373:17891:0:2	49.35028	11.530883		MATCHED	n10026470688	16.7	1.0	Abzweig Eispertshofen				LINESTRING(11.530883 49.35028,11.531106900000001 49.350315)
1390	Pilsach	Abzw. Laaber (b. Pilsach)	de:09373:17895:0:1	49.327049	11.54416	bus	MATCHED	n1628227202	1.3	1.0	Laaber (b. Pilsach), Abzw.	460E	Abzw. Tartsberg	Tartsberg, Abzw.	LINESTRING(11.54416 49.327049,11.5441631 49.3270379)
1391	Pilsach	Abzw. Laaber (b. Pilsach)	de:09373:17895:0:2	49.327084	11.545211	bus	MATCHED	n1628227184	22.5	1.0	Laaber (b. Pilsach), Abzw.	460E	Abzw. Hartenhof	Hartenhof, Abzw.	LINESTRING(11.545211 49.327084,11.5449275 49.3270033)
1392	Pilsach	Abzw. Pfeffertshofen	de:09373:17901:0:1	49.32257	11.532069	bus	MATCHED	n7783653292	4.0	1.0	Pfeffertshofen, Abzw.	460E,521,522,523	Trautmannshofen Seeplatz / Pilsach Hauptstr. / Laaber (b.Pilsach) Hauptstr. / Ischhofen Feuerwehrhaus / Lauterhofen Alter Bahnhof / Tartsberg	Pilsach, Hauptstr. / Tartsberg, Abzw.	LINESTRING(11.532069 49.32257,11.532108500000001 49.3225952)
1393	Pilsach	Abzw. Pfeffertshofen	de:09373:17901:0:2	49.32257	11.532069	bus	NO_MATCH_BUT_OTHER_PLATFORM_MATCHED					460E	Abzw. Tartsberg		POINT(11.532069 49.32257)
1394	Pilsach	Abzw. Schneemühle (b. Pilsach)	de:09373:17904:0:1	49.334284	11.537791	bus	NO_MATCH					521,522	Danlohe / Ammelhofen / Tartsberg		POINT(11.537791 49.334284)
1395	Pilsach	Abzw. Schneemühle (b. Pilsach)	de:09373:17904:0:2	49.334167	11.53771		NO_MATCH_AND_SEEMS_UNSERVED								POINT(11.53771 49.334167)
1396	Pilsach	Abzw. Tartsberg	de:09373:17908:0:1	49.324508	11.535734	bus	MATCHED	n7783653290	2.0	1.0	Tartsberg, Abzw.	460E,521	Abzw. Pfeffertshofen	Pfeffertshofen, Abzw.	LINESTRING(11.535734 49.324508,11.5357503 49.324493200000006)
1397	Pilsach	Abzw. Tartsberg	de:09373:17908:0:2	49.324595	11.536542	bus	MATCHED	n7783653291	5.7	1.0	Tartsberg, Abzw.	460E	Abzw. Laaber (b. Pilsach)	Laaber (b. Pilsach), Abzw.	LINESTRING(11.536542 49.324595,11.5365529 49.324645800000006)
1398	Pilsach	Abzw. Wimmersdorf	de:09373:17906:0:1	49.32795	11.505775	bus	MATCHED	n9991424321	28.2	1.0	Abzw. Wimmersdorf	521,523	Pilsach Bernthaler Str. / Wimmersdorf Ortsmitte / Wünn Ortsmitte		LINESTRING(11.505775 49.32795,11.5060222 49.3281458)
1399	Pilsach	Abzw. Wimmersdorf	de:09373:17906:0:2	49.328161	11.506026		NO_MATCH_AND_SEEMS_UNSERVED								POINT(11.506026 49.328161)
1400	Pilsach	Ammelhofen	de:09373:17885:0:1	49.336117	11.543001	bus	MATCHED	n9991432944	1.7	1.0	Ammelhofen	521,522	Laaber (b.Pilsach) Hauptstr. / Abzw. Schneemühle (b. Pilsach) / Abzw. Ammelhofen / Schneemühle (b. Pilsach)		LINESTRING(11.543001 49.336117,11.5430186 49.336106300000004)
1401	Pilsach	Ammelhofen	de:09373:17885:0:2	49.335964	11.542875		NO_MATCH_AND_SEEMS_UNSERVED								POINT(11.542875 49.335964)
1402	Pilsach	Ammelhofen	de:09373:17885:0:3	49.335964	11.542875		NO_MATCH_AND_SEEMS_UNSERVED								POINT(11.542875 49.335964)
1403	Pilsach	An der Muschel	de:09373:17165:0:1	49.312492	11.4991	bus	MATCHED	n9991396763	15.2	1.0	Pilsach An der Muschel	522	Pilsach Schule / Abzw. Friedlmühle		LINESTRING(11.4991 49.312492,11.4989901 49.3126083)
1404	Pilsach	An der Muschel	de:09373:17165:0:2	49.312585	11.499055		NO_MATCH_AND_SEEMS_UNSERVED								POINT(11.499055 49.312585)
1405	Pilsach	Anzenhofen	de:09373:17886:0:1	49.310454	11.566591	bus	MATCHED	n10060869213	0.8	1.0	Anzenhofen	521,522	Giggling / Laaber (b.Pilsach) Hauptstr. / Laaber (b. Pilsach) Kirchplatz / Eschertshofen		LINESTRING(11.566591 49.310454,11.5665986 49.3104596)
1406	Pilsach	Anzenhofen	de:09373:17886:0:2	49.310401	11.56642		MATCHED	n923141712	9.9	1.0	Anzenhofen				LINESTRING(11.56642 49.310401,11.566543300000001 49.310363100000004)
1407	Pilsach	B 299	de:09373:17881	49.319355	11.507347		NO_MATCH_AND_SEEMS_UNSERVED								POINT(11.507347 49.319355)
1408	Pilsach	Bernthal	de:09373:17930:0:1	49.328606	11.494726		NO_MATCH_AND_SEEMS_UNSERVED								POINT(11.494726 49.328606)
1409	Pilsach	Bernthal	de:09373:17930:0:2	49.328723	11.494726		NO_MATCH_AND_SEEMS_UNSERVED								POINT(11.494726 49.328723)
1410	Pilsach	Bernthaler Str.	de:09373:17884:0:1	49.325673	11.50555	bus	NO_MATCH_BUT_OTHER_PLATFORM_MATCHED					521,523	Lauterhofen Alter Bahnhof / Abzw. Wimmersdorf / Pilsach Rosenstr.		POINT(11.50555 49.325673)
1411	Pilsach	Bernthaler Str.	de:09373:17884:0:2	49.325521	11.505613		MATCHED	n10041327529	1.8	1.0	Pilsach, Bernthaler Straße				LINESTRING(11.505613 49.325521,11.5056226 49.3255363)
1412	Pilsach	Bräunertshof	de:09373:17137:0:1	49.369342	11.524271		NO_MATCH_AND_SEEMS_UNSERVED								POINT(11.524271 49.369342)
1413	Pilsach	Bräunertshof	de:09373:17137:0:2	49.369325	11.52428		NO_MATCH_AND_SEEMS_UNSERVED								POINT(11.52428 49.369325)
1414	Pilsach	Danlohe	de:09373:17888:0:1	49.334899	11.522079	bus	MATCHED	n10041880478	1.2	1.0	Danlohe	521,522	Ammelhofen / Abzw. Ammelhofen / Abzw. Schneemühle (b. Pilsach) / Klosterhof / Inzenhof b. Pilsach		LINESTRING(11.522079 49.334899,11.5220632 49.3348968)
1415	Pilsach	Danlohe	de:09373:17888:0:2	49.334817	11.522025		MATCHED	n10041880480	4.5	1.0	Danlohe				LINESTRING(11.522025 49.334817,11.5220819 49.3348334)
1416	Pilsach	Dietkirchen	de:09373:17889:0:1	49.291387	11.584809	bus	MATCHED	n921756565	1.7	1.0	Dietkirchen	521,522,583	Habertshofen / Niederhofen (b. Pilsach)		LINESTRING(11.584809 49.291387,11.5848238 49.2913991)
1417	Pilsach	Dietkirchen	de:09373:17889:0:2	49.291322	11.584773	bus	MATCHED	n10042296367	14.5	1.0	Dietkirchen	583	Niederhofen (b. Pilsach)		LINESTRING(11.584773 49.291322,11.5849677 49.291293700000004)
1418	Pilsach	Eispertshofen	de:09373:17911:0:1	49.343211	11.531898	bus	NO_MATCH_BUT_OTHER_PLATFORM_MATCHED					522,523	Abzw. Schneemühle (b. Pilsach) / Litzlohe Obere Dorfstr. / Schneemühle (b. Pilsach)		POINT(11.531898 49.343211)
1419	Pilsach	Eispertshofen	de:09373:17911:0:2	49.343416	11.531952		MATCHED	n9990495329	21.8	1.0	Eispertshofen				LINESTRING(11.531952 49.343416,11.5318807 49.343225600000004)
1420	Pilsach	Eschertshofen	de:09373:17892:0:1	49.305745	11.574757	bus	NO_MATCH_BUT_OTHER_PLATFORM_MATCHED					521,522	Niederhofen (b. Pilsach) / Anzenhofen		POINT(11.574757 49.305745)
1421	Pilsach	Eschertshofen	de:09373:17892:0:2	49.30554	11.574801		MATCHED	n9991431768	21.9	1.0	Eschertshofen				LINESTRING(11.574801 49.30554,11.574754500000001 49.305734900000004)
1422	Pilsach	Giggling	de:09373:17915:0:1	49.31556	11.581503	bus	MATCHED	n10209528089	38.2	1.0	Giggling	521,522	Eschertshofen		LINESTRING(11.581503 49.31556,11.5809799 49.315587400000005)
1423	Pilsach	Giggling	de:09373:17915:0:2	49.315502	11.581467		NO_MATCH_AND_SEEMS_UNSERVED								POINT(11.581467 49.315502)
1424	Pilsach	Habertshofen	de:09373:17893:0:1	49.29257	11.591887	bus	MATCHED	n921756567	11.1	1.0	Habertshofen	521,522,583	Hilzhofen / Dietkirchen / Abzw. Unterwiesenacker		LINESTRING(11.591887 49.29257,11.5920228 49.2925253)
1425	Pilsach	Habertshofen	de:09373:17893:0:2	49.292482	11.591986	bus	NO_MATCH_BUT_OTHER_PLATFORM_MATCHED					583	Dietkirchen		POINT(11.591986 49.292482)
1426	Pilsach	Hauptstr.	de:09373:17882:0:1	49.321094	11.50432	bus	MATCHED	n281522245	3.2	1.0	Pilsach, Hauptstr.	460E	Abzw. Tartsberg / Abzw. Pfeffertshofen / Abzw. Friedlmühle	Iberlsmühle, Abzw.	LINESTRING(11.50432 49.321094,11.5043547 49.32111140000001)
1427	Pilsach	Hauptstr.	de:09373:17882:0:2	49.320895	11.504679		MATCHED	n281522249	6.7	1.0	Pilsach, Hauptstr.			Pfeffertshofen, Abzw.	LINESTRING(11.504679 49.320895,11.5046146 49.3209376)
1428	Pilsach	Hilzhofen	de:09373:17894:0:1	49.301855	11.592831	bus	MATCHED	n921756600	18.9	1.0	Hilzhofen	521,522	Finsterhaid Ort / Habertshofen / Eschertshofen		LINESTRING(11.592831 49.301855,11.5930903 49.301858800000005)
1429	Pilsach	Hilzhofen	de:09373:17894:0:2	49.301838	11.593091		NO_MATCH_AND_SEEMS_UNSERVED								POINT(11.593091 49.301838)
1430	Pilsach	Inzenhof b. Pilsach	de:09373:17867:0:1	49.342555	11.509997	bus	MATCHED	n9991431767	64.0	1.0	Inzenhof b. Pilsach	522	Unterried / Bodenmühle (b. Neumarkt) / Eispertshofen		LINESTRING(11.509997 49.342555,11.509480900000002 49.3430218)
1431	Pilsach	Inzenhof b. Pilsach	de:09373:17867:0:2	49.342643	11.509853		NO_MATCH_AND_SEEMS_UNSERVED								POINT(11.509853 49.342643)
1432	Pilsach	Klosterhof	de:09373:17900:0:1	49.334571	11.513042	bus	MATCHED	n9991434896	9.3	1.0	Klosterhof	521,522	Raschhof / Danlohe / Wimmersdorf Ortsmitte		LINESTRING(11.513042 49.334571,11.513057 49.3344882)
1433	Pilsach	Klosterhof	de:09373:17900:0:2	49.334472	11.512961		NO_MATCH_AND_SEEMS_UNSERVED								POINT(11.512961 49.334472)
1434	Pilsach	Laaber (b. Pilsach) Flurstr. 	de:09373:17897	49.317991	11.564201		NO_MATCH_AND_SEEMS_UNSERVED								POINT(11.564201 49.317991)
1435	Pilsach	Laaber (b. Pilsach) Hauptstr. 	de:09373:17896:0:1	49.315853	11.561201	bus	MATCHED	n10044385435	1.2	1.0	Laaber, Hauptstraße	521,522	Ammelhofen / Abzw. Tartsberg / Anzenhofen / Abzw. Pfeffertshofen		LINESTRING(11.561201 49.315853,11.561217500000001 49.315853600000004)
1436	Pilsach	Laaber (b. Pilsach) Hauptstr. 	de:09373:17896:0:2	49.313862	11.561704		MATCHED	n10044385433	2.5	1.0	Laaber, Hauptstraße				LINESTRING(11.561704 49.313862,11.5617324 49.31387470000001)
1437	Pilsach	Laaber (b. Pilsach) Kirchplatz	de:09373:17162:0:1	49.313962	11.560159	bus	NO_MATCH					522	Laaber (b.Pilsach) Hauptstr.		POINT(11.560159 49.313962)
1438	Pilsach	Laaber (b. Pilsach) Kirchplatz	de:09373:17162:0:2	49.314026	11.560069		NO_MATCH_AND_SEEMS_UNSERVED								POINT(11.560069 49.314026)
1439	Pilsach	Langenmühle	de:09373:17922:0:1	49.336702	11.536291		NO_MATCH_AND_SEEMS_UNSERVED								POINT(11.536291 49.336702)
1440	Pilsach	Langenmühle	de:09373:17922:0:2	49.336702	11.536371		NO_MATCH_AND_SEEMS_UNSERVED								POINT(11.536371 49.336702)
1441	Pilsach	Litzlohe Obere Dorfstr. 	de:09373:17898:0:1	49.353604	11.50997	bus	MATCHED	n4407049170	1.4	1.0	Litzlohe Obere Dorfstr.	522,523	Inzenhof b. Pilsach / Abzw. Buschhof (b. Lauterh.) / Wünn Ortsmitte / Eispertshofen / Pilsach Bernthaler Str.		LINESTRING(11.50997 49.353604,11.5099719 49.353591800000004)
1442	Pilsach	Litzlohe Obere Dorfstr. 	de:09373:17898:0:2	49.353862	11.51094		MATCHED	n10053146380	2.3	1.0	Litzlohe Obere Dorfstr.				LINESTRING(11.51094 49.353862,11.510915200000001 49.353874600000005)
1443	Pilsach	Niederhofen (b. Pilsach)	de:09373:17899:0:1	49.294316	11.573813	bus	MATCHED	n921756855	3.1	1.0	Niederhofen (bei Pilsach)	521,522	Eschertshofen / Dietkirchen		LINESTRING(11.573813 49.294316,11.573805700000001 49.2943434)
1444	Pilsach	Niederhofen (b. Pilsach)	de:09373:17899:0:2	49.29407	11.573939	bus	MATCHED	n10063941983	16.2	1.0	Niederhofen (bei Pilsach)	583	Lippertshofen Ort / Frickenhofen / Dietkirchen		LINESTRING(11.573939 49.29407,11.573833800000001 49.2941985)
1445	Pilsach	Oberried	de:09373:17155:0:1	49.37084	11.514551	bus	NO_MATCH					522	Unterried		POINT(11.514551 49.37084)
1446	Pilsach	Oberried	de:09373:17155:0:2	49.370816	11.514489		NO_MATCH_AND_SEEMS_UNSERVED								POINT(11.514489 49.370816)
1447	Pilsach	Raschhof	de:09373:17912:0:1	49.332721	11.50979	bus	MATCHED	n9990667215	9.7	1.0	Raschhof	521	Klosterhof / Wimmersdorf Ortsmitte		LINESTRING(11.50979 49.332721,11.5098933 49.3326657)
1448	Pilsach	Raschhof	de:09373:17912:0:2	49.33268	11.509871		NO_MATCH_AND_SEEMS_UNSERVED								POINT(11.509871 49.33268)
1449	Pilsach	Rosenstr.	de:09373:17883:0:1	49.322927	11.503619	bus	MATCHED	n281522217	2.5	1.0	Pilsach, Schulstraße	521,523	Neumarkt EFA-Str. / Iberlsmühle / Abzw. Friedlmühle		LINESTRING(11.503619 49.322927,11.503623300000001 49.3229047)
1450	Pilsach	Rosenstr.	de:09373:17883:0:2	49.322734	11.503835		NO_MATCH_AND_SEEMS_UNSERVED								POINT(11.503835 49.322734)
1451	Pilsach	Schneemühle (b. Pilsach)	de:09373:17902:0:1	49.338844	11.534853	bus	NO_MATCH					522,523	Eispertshofen / Abzw. Ammelhofen / Tartsberg		POINT(11.534853 49.338844)
1452	Pilsach	Schneemühle (b. Pilsach)	de:09373:17902:0:2	49.338932	11.534988		NO_MATCH_AND_SEEMS_UNSERVED								POINT(11.534988 49.338932)
1453	Pilsach	Schule	de:09373:17880:0:1	49.321451	11.502541	bus	MATCHED	n10010984374	37.3	1.0	Pilsach Schule	521,522,523	Pilsach Bernthaler Str. / Wünn Ortsmitte / Abzw. Pfeffertshofen / Pilsach An der Muschel / Rödelberg / Inzenhof b. Pilsach / Klosterhof / Wimmersdorf Ortsmitte		LINESTRING(11.502541 49.321451,11.5022497 49.3217269)
1454	Pilsach	Schule	de:09373:17880:0:2	49.323249	11.502182		MATCHED	n10010984373	184.5	1.0	Pilsach Schule				LINESTRING(11.502182 49.323249,11.5022081 49.3215906)
1455	Pilsach	Schule	de:09373:17880:0:3	49.323249	11.502182		MATCHED	n10010984372	189.4	1.0	Pilsach Schule				LINESTRING(11.502182 49.323249,11.502727100000001 49.321583600000004)
1456	Pilsach	Tartsberg	de:09373:17903:0:1	49.329133	11.535195	bus	MATCHED	n9823209026	35.6	1.0	Tartsberg	522,523	Pilsach Schule / Abzw. Pfeffertshofen / Schneemühle (b. Pilsach) / Inzenhof b. Pilsach		LINESTRING(11.535195 49.329133,11.534999500000001 49.329426700000006)
1457	Pilsach	Tartsberg	de:09373:17903:0:2	49.329215	11.535302		NO_MATCH_AND_SEEMS_UNSERVED								POINT(11.535302 49.329215)
1458	Pilsach	Unterried	de:09373:17905:0:1	49.370009	11.508694	bus	MATCHED	n10017642154	5.4	1.0	Unterried	522	Litzlohe Obere Dorfstr. / Oberried		LINESTRING(11.508694 49.370009,11.5087661 49.369996300000004)
1459	Pilsach	Unterried	de:09373:17905:0:2	49.369746	11.509144		MATCHED	n10017628472	1.6	1.0	Unterried				LINESTRING(11.509144 49.369746,11.5091228 49.3697431)
1460	Pilsach	Wimmersdorf Ortsmitte	de:09373:17907:0:1	49.331539	11.508596	bus	MATCHED	n9990808723	9.9	1.0	Wimmersdorf Ortsmitte	521,522	Pilsach Bernthaler Str. / Raschhof / Pilsach Schule / Klosterhof		LINESTRING(11.508596 49.331539,11.508717800000001 49.331578900000004)
1461	Pilsach	Wimmersdorf Ortsmitte	de:09373:17907:0:2	49.331539	11.508703		NO_MATCH_AND_SEEMS_UNSERVED								POINT(11.508703 49.331539)
1462	Pilsach	Wünn Ortsmitte	de:09373:17909:0:1	49.347348	11.49778	bus	MATCHED	n10020057607	4.0	1.0	Wünn Ortsmitte	522,523	Abzw. Wimmersdorf / Litzlohe Obere Dorfstr. / Pilsach Schule		LINESTRING(11.49778 49.347348,11.4978306 49.347334700000005)
1463	Pilsach	Wünn Ortsmitte	de:09373:17909:0:2	49.347149	11.49778		MATCHED	n10020057606	3.5	1.0	Wünn Ortsmitte				LINESTRING(11.49778 49.347149,11.49782 49.347166800000004)
1464	Postbauer-Heng	Brandmühle (Postb. -Heng)	de:09373:17830:0:1	49.297333	11.332059	bus	NO_MATCH					505	Kemnath (Postb-Heng) FWH / Pyrbaum Neumarkter Str.		POINT(11.332059 49.297333)
1465	Postbauer-Heng	Buch (b. Postbauer-Heng)	de:09373:17831:0:1	49.319361	11.37224	bus	MATCHED	n1271397715	1.9	1.0	Buch	505,506	Dillberg / Postbauer-Heng / Pyrbaum Neumarkter Str. / Postbauer-Heng Hauptstr.	Florianstraße / Neumarkter Straße	LINESTRING(11.37224 49.319361,11.3722528 49.319375400000006)
1466	Postbauer-Heng	Buch (b. Postbauer-Heng)	de:09373:17831:0:2	49.319384	11.372303		NO_MATCH_AND_SEEMS_UNSERVED								POINT(11.372303 49.319384)
1467	Postbauer-Heng	Dillberg	de:09373:17833:0:1	49.319981	11.386784	bus	MATCHED	n468058701	4.7	1.0	Dillberg	505,506	Postbauer-Heng Gh Stiegler / Buch (b. Postbauer-Heng) / Neumarkt Florianstr.	Buch / Gemeindecentrum	LINESTRING(11.386784 49.319981,11.3868294 49.319951100000004)
1468	Postbauer-Heng	Dillberg	de:09373:17833:0:2	49.319952	11.386685		NO_MATCH_AND_SEEMS_UNSERVED								POINT(11.386685 49.319952)
1469	Postbauer-Heng	Gh Stiegler	de:09373:17847:0:1	49.294913	11.359143	bus	MATCHED	n796222013	1.4	1.0	Gasthof Stiegler	505,506	Postbauer-Heng / Dillberg / Postbauer-H Gemeindez. / Postbauer-Heng Weizenfeld / Pavelsbach An der Heide / Postbauer-Heng / Postbauer-H Gemeindez.	Gemeindecentrum / Bahnhof / Weizenfeld	LINESTRING(11.359143 49.294913,11.359162300000001 49.294910900000005)
1470	Postbauer-Heng	Gh Stiegler	de:09373:17847:0:2	49.294644	11.359026	bus	MATCHED	n796221892	3.9	1.0	Gasthof Stiegler	505,506	Postb.-Heng A-Köstlbacher Str.	An der Heide / Köstlbach / Gemeindecentrum / Florianstraße	LINESTRING(11.359026 49.294644,11.3590776 49.294655000000006)
1471	Postbauer-Heng	Hauptschule	de:09373:17844	49.303495	11.351426		NO_MATCH_AND_SEEMS_UNSERVED								POINT(11.351426 49.303495)
1472	Postbauer-Heng	Hauptstr.	de:09373:17845:0:1	49.312703	11.354966	bus	MATCHED	n10044307659	2.1	1.0	Postbauer-Heng Hauptstraße	RE22,S3	Postbauer-Heng / Ezelsdorf Hauptstr. / Oberferrieden Mitte	Bahnhof / Neumarkter Straße	LINESTRING(11.354966 49.312703,11.3549897 49.3126918)
1473	Postbauer-Heng	Hauptstr.	de:09373:17845:0:2	49.312433	11.353169	bus	MATCHED	n10044307660	4.6	1.0	Postbauer-Heng Hauptstraße	505	Neumarkt (Oberpf) / Postbauer-Heng / Pyrbaum Neumarkter Str. / Buch (b. Postbauer-Heng) / Neumarkt Florianstr. / Kemnath (Postb-Heng) Waldstr. / Neumarkt Florianstr.	Buch	LINESTRING(11.353169 49.312433,11.353150300000001 49.3124727)
1474	Postbauer-Heng	Heng A-Köstlbacher Str.	de:09373:17842:0:1	49.289904	11.360733	bus	MATCHED	n11063102513	31.6	0.23	Alte Köstlbacher Straße	505,506	Postbauer-Heng Gh Stiegler	Florianstraße / Gasthof Stiegler	LINESTRING(11.360733 49.289904,11.360519700000001 49.290151900000005)
1475	Postbauer-Heng	Heng A-Köstlbacher Str.	de:09373:17842:0:2	49.290478	11.360347	bus	MATCHED	n11373780672	66.7	1.0	Postb.-Heng A-Köstlbacher Str.	505,506	Neumarkt Florianstr. / Köstlbach		LINESTRING(11.360347 49.290478,11.360759100000001 49.2899423)
1476	Postbauer-Heng	Kago	de:09373:17849	49.311888	11.350645		NO_MATCH_AND_SEEMS_UNSERVED								POINT(11.350645 49.311888)
1477	Postbauer-Heng	Kemnath (Postb-Heng) FWH	de:09373:17836:0:1	49.300168	11.337502	bus	MATCHED_THOUGH_NAMES_DIFFER	n796222039	18.7	1.0	Feuerwehrhaus	505	Pyrbaum Neumarkter Str. / Seligenporten Mitte / Brandmühle (Postb.-Heng) / Dennenlohe (b. Pyrbaum)	Neumarkter Straße / Finkenweg	LINESTRING(11.337502 49.300168,11.337713 49.300263400000006)
1478	Postbauer-Heng	Kemnath (Postb-Heng) FWH	de:09373:17836:0:2	49.30025	11.337637	bus	MATCHED_THOUGH_NAMES_DIFFER	n796221919	23.7	1.0	Feuerwehrhaus	505	Kemnath (Postb-Heng) Finkenweg		LINESTRING(11.337637 49.30025,11.337692200000001 49.3000398)
1479	Postbauer-Heng	Kemnath (Postb-Heng) Finkenweg	de:09373:17835:0:1	49.298458	11.343548	bus	MATCHED_THOUGH_REVERSED_DIR	n799232644	3.9	1.0	Finkenweg	505	Seligenporten Mitte / Kemnath (Postb-Heng) FWH	Dennenlohe (b. Pyrbaum) / Weizenfeld	LINESTRING(11.343548 49.298458,11.3434954 49.298449700000006)
1480	Postbauer-Heng	Kemnath (Postb-Heng) Finkenweg	de:09373:17835:0:2	49.298399	11.343593	bus	MATCHED	n11061729733	14.3	0.28	Finkenweg	505	Kemnath (Postb-Heng) Waldstr. / Postbauer-Heng Weizenfeld	Weizenfeld / Feuerwehrhaus / Dennenlohe (b. Pyrbaum)	LINESTRING(11.343593 49.298399,11.3434871 49.2985076)
1481	Postbauer-Heng	Kemnath (Postb-Heng) Waldstr. 	de:09373:17837:0:1	49.302793	11.342084	bus	MATCHED	n9847019082	3.2	1.0	Kemnath Waldstraße	506	Pyrbaum Neumarkter Str.	Finkenweg	LINESTRING(11.342084 49.302793,11.3421231 49.3028059)
1482	Postbauer-Heng	Kemnath (Postb-Heng) Waldstr. 	de:09373:17837:0:2	49.302687	11.34212	bus	MATCHED	n9847019083	9.2	1.0	Kemnath Waldstraße	505,506	Postbauer-H Gemeindez. / Pyrbaum Neumarkter Str. / Postbauer-Heng Hauptstr. / Kemnath (Postb-Heng) FWH / Kemnath (Postb-Heng) Finkenweg	Gemeindecentrum	LINESTRING(11.34212 49.302687,11.341994900000001 49.3026971)
1483	Postbauer-Heng	Köstlbach	de:09373:17838:0:1	49.288516	11.366186	bus	MATCHED	n10048845476	2.4	1.0	Köstlbach	505,506	Postbauer-Heng Weizenfeld / Postb.-Heng A-Köstlbacher Str. / Postbauer-Heng Gh Stiegler	Weizenfeld / Gasthof Stiegler	LINESTRING(11.366186 49.288516,11.366200000000001 49.2884964)
1484	Postbauer-Heng	Köstlbach	de:09373:17838:0:2	49.288691	11.365862	bus	MATCHED	n10048845475	4.4	1.0	Köstlbach	505,506	Tyrolsberg	Tyrolsberg	LINESTRING(11.365862 49.288691,11.3658245 49.28866)
1485	Postbauer-Heng	Pavelsbach An der Heide	de:09373:17821:0:1	49.277446	11.339838	bus	MATCHED	n799232656	1.4	1.0	An der Heide	505,516	Seligenporten Mitte / Postbauer-Heng Gh Stiegler / Pavelsbach Simonstr. / Pavelsbach Cäciliastr.	Gasthof Stiegler	LINESTRING(11.339838 49.277446,11.3398374 49.2774336)
1486	Postbauer-Heng	Pavelsbach An der Heide	de:09373:17821:0:2	49.27744	11.339596	bus	MATCHED	n799232645	31.6	1.0	An der Heide	505,516	Pavelsbach Cäciliastr.	Pavelsbach Cäciliastr.	LINESTRING(11.339596 49.27744,11.3398274 49.277199700000004)
1487	Postbauer-Heng	Pavelsbach Cäciliastr. 	de:09373:17822:0:1	49.265307	11.343907	bus	MATCHED	n10041748871	6.5	1.0	Pavelsbach Cäciliastr.	505,516	Dippenricht / Pavelsbach An der Heide	An der Heide	LINESTRING(11.343907 49.265307,11.343829000000001 49.265334900000006)
1488	Postbauer-Heng	Pavelsbach Cäciliastr. 	de:09373:17822:0:2	49.265302	11.343629	bus	MATCHED	n10041748870	4.7	1.0	Pavelsbach Cäciliastr.	505,516	Pavelsbach Simonstr.	Pavelsbach Simonstraße	LINESTRING(11.343629 49.265302,11.3436936 49.265306100000004)
1489	Postbauer-Heng	Pavelsbach Simonstr. 	de:09373:17825:0:1	49.264223	11.339649	bus	MATCHED	n10041472315	18.4	1.0	Pavelsbach Simonstraße	505,516	Seligenporten Mitte / Pavelsbach Cäciliastr.	Pavelsbach Cäciliastr. / Dippenricht / Seligenporten Mitte	LINESTRING(11.339649 49.264223,11.339526800000002 49.2643679)
1490	Postbauer-Heng	Pavelsbach Simonstr. 	de:09373:17825:0:2	49.264123	11.339569	bus	MATCHED	n10041472314	5.5	1.0	Pavelsbach Simonstraße	505,516	Möning Kirche / Wolfsricht Ort / Möning Seligenp.Str.		LINESTRING(11.339569 49.264123,11.339577700000001 49.2641719)
1491	Postbauer-Heng	Postbauer-H Gemeindez. 	de:09373:17848:0:1	49.303677	11.353474	bus	MATCHED	n9838859620	15.9	1.0	Gemeindecentrum	505,506	Postbauer-Heng Gh Stiegler / Kemnath (Postb-Heng) Waldstr. / Postbauer-Heng Weizenfeld / Pyrbaum Neumarkter Str. / Kemnath (Postb-Heng) Waldstr.	Bahnhof / Florianstraße / Weizenfeld	LINESTRING(11.353474 49.303677,11.353693000000002 49.30368300000001)
1492	Postbauer-Heng	Postbauer-H Gemeindez. 	de:09373:17848:0:2	49.303607	11.353492	bus	MATCHED	n9838859619	14.0	1.0	Gemeindecentrum	505,506	Neumarkt Florianstr. / Postbauer-Heng Gh Stiegler / Postbauer-Heng / Köstlbach	Kemnath Waldstraße / Gasthof Stiegler / Bahnhof	LINESTRING(11.353492 49.303607,11.3536842 49.303611800000006)
1493	Postbauer-Heng	Postbauer-Heng	de:09373:17850:1:1	49.308527	11.358828	trainish	MATCHED	n533715623	10.1	0.57	Postbauer-Heng			Pölling	LINESTRING(11.358828 49.308527,11.358838 49.3084367)
1494	Postbauer-Heng	Postbauer-Heng	de:09373:17850:2:3	49.308527	11.358981	train	MATCHED	n4723790303	10.4	0.7	Postbauer-Heng	S3	Oberferrieden	Oberferrieden	LINESTRING(11.358981 49.308527,11.3589923 49.308433400000006)
1495	Postbauer-Heng	Postbauer-Heng	de:09373:17850:3:1	49.308954	11.358451	bus	MATCHED_THOUGH_NAMES_DIFFER	w479239205	54.9	1.0	Bahnhof	505,S3	Pölling / Postbauer-H Gemeindez.	Gemeindecentrum / Gasthof Stiegler / Marktplatz	LINESTRING(11.358451 49.308954,11.35848574644282 49.308460614406535)
1496	Postbauer-Heng	Postbauer-Heng	de:09373:17850:3:2	49.308954	11.358325	bus	MATCHED_THOUGH_NAMES_DIFFER	w479239199	104.0	1.0	Bahnhof	505,506	Neumarkt Florianstr. / Postbauer-Heng Gh Stiegler / Buch (b. Postbauer-Heng) / Pölling Gasthof Feihl / Postbauer-H Gemeindez.	Gemeindecentrum / Florianstraße / Marktplatz	LINESTRING(11.358325 49.308954,11.358313007451628 49.30801889725669)
1497	Postbauer-Heng	Schauerholz	de:09373:17841:0:1	49.30192	11.353322		NO_MATCH_AND_SEEMS_UNSERVED								POINT(11.353322 49.30192)
1498	Postbauer-Heng	Schauerholz	de:09373:17841:0:2	49.301937	11.353448		NO_MATCH_AND_SEEMS_UNSERVED								POINT(11.353448 49.301937)
1499	Postbauer-Heng	Weizenfeld	de:09373:17843:0:1	49.297597	11.351768	bus	MATCHED	n796221963	8.3	1.0	Weizenfeld	505	Kemnath (Postb-Heng) Finkenweg		LINESTRING(11.351768 49.297597,11.3517437 49.297670000000004)
1500	Postbauer-Heng	Weizenfeld	de:09373:17843:0:2	49.297567	11.352154	bus	MATCHED	n796222124	10.3	1.0	Weizenfeld	505	Postb.-Heng A-Köstlbacher Str. / Postbauer-H Gemeindez. / Postbauer-Heng	Gemeindecentrum / Finkenweg / Seligenporten Mitte	LINESTRING(11.352154 49.297567,11.3520544 49.297501000000004)
1501	Pyrbaum	Abzw. Birkenlach	de:09373:17861:0:1	49.297649	11.216131	bus	MATCHED	n481251454	3.6	1.0	Birkenlach Abzweig	601	Straßmühle Faberhof	Straßmühle/Faberhof	LINESTRING(11.216131 49.297649,11.216142900000001 49.2976803)
1502	Pyrbaum	Abzw. Birkenlach	de:09373:17861:0:2	49.297696	11.216365	bus	MATCHED_THOUGH_REVERSED_DIR	n481251453	1.7	1.0	Birkenlach Abzweig	601	Sperberslohe Allersberger Str.	Straßmühle/Faberhof	LINESTRING(11.216365 49.297696,11.216383400000002 49.2976863)
1503	Pyrbaum	Abzw. Pruppach (b. Pyrb. )	de:09373:17865:0:1	49.280376	11.21844	bus	MATCHED	n526161298	8.0	1.0	Pruppach Abzweig	601	Abzw. Harrhof (b. Allersberg)	Harrhof Abzweig	LINESTRING(11.21844 49.280376,11.2185045 49.2804348)
1504	Pyrbaum	Abzw. Pruppach (b. Pyrb. )	de:09373:17865:0:2	49.279433	11.218979	bus	MATCHED_THOUGH_REVERSED_DIR	n526161300	3.5	1.0	Pruppach Abzweig	601	Straßmühle Faberhof	Pruppach Abzweig	LINESTRING(11.218979 49.279433,11.2189695 49.279464100000006)
1505	Pyrbaum	Abzw. Unterferrieden	de:09373:17851	49.297954	11.29318		NO_MATCH_AND_SEEMS_UNSERVED								POINT(11.29318 49.297954)
1506	Pyrbaum	Dennenlohe (b. Pyrbaum)	de:09373:17862:0:1	49.284848	11.330711	bus	MATCHED	n10042190838	12.5	1.0	Dennenlohe (b. Pyrbaum)	505	Pyrbaum Neumarkter Str. / Seligenporten Mitte		LINESTRING(11.330711 49.284848,11.3308592 49.284791600000005)
1507	Pyrbaum	Dennenlohe (b. Pyrbaum)	de:09373:17862:0:2	49.284836	11.330558	bus	MATCHED	n10042190837	8.2	1.0	Dennenlohe (b. Pyrbaum)	505	Brandmühle (Postb.-Heng)	Weizenfeld	LINESTRING(11.330558 49.284836,11.3306299 49.284779500000006)
1508	Pyrbaum	Neuhof (b. Pyrbaum)	de:09373:17864:0:1	49.28773	11.258163	bus	MATCHED	n10063853281	5.9	1.0	Neuhof (bei Pyrbaum)	505,506	Pruppach (b. Pyrbaum)	Pruppach (bei Pyrbaum)	LINESTRING(11.258163 49.28773,11.2580855 49.2877446)
1509	Pyrbaum	Neuhof (b. Pyrbaum)	de:09373:17864:0:2	49.287707	11.25837	bus	MATCHED	n10063853280	15.6	1.0	Neuhof (bei Pyrbaum)	505,506	Oberhembach	Oberhembach	LINESTRING(11.25837 49.287707,11.258514 49.287811000000005)
1510	Pyrbaum	Neumarkter Str.	de:09373:17852:0:1	49.29762	11.294267	bus	MATCHED	n10063875802	16.1	1.0	Neumarkter Straße	505,506	Pyrbaum Seniorenzentrum / Pyrbaum Wolfsteiner Platz	Wolfsteiner Platz / Kemnath Waldstraße / Feuerwehrhaus / Postbauer-Heng Hauptstraße	LINESTRING(11.294267 49.29762,11.294487100000001 49.297606800000004)
1511	Pyrbaum	Neumarkter Str.	de:09373:17852:0:2	49.297538	11.293602	bus	MATCHED	n453501465	55.0	1.0	Neumarkter Straße	505,506	Postbauer-Heng Hauptstr. / Kemnath (Postb-Heng) Waldstr. / Kemnath (Postb-Heng) FWH / Postb.-Heng A-Köstlbacher Str.	Feuerwehrhaus / Postbauer-Heng Hauptstraße	LINESTRING(11.293602 49.297538,11.2943548 49.2974887)
1512	Pyrbaum	Nürnberger Str.	de:09373:17856	49.296489	11.284277		MATCHED	n444583479	33.6	0.18	Nürnberger Straße				LINESTRING(11.284277 49.296489,11.2838156 49.296471700000005)
1513	Pyrbaum	Oberhembach	de:09373:17863:0:1	49.313124	11.262322	bus	MATCHED_THOUGH_OSM_NO_NAME	n9839014781	169.4	1.0		505,506	Neuhof (b. Pyrbaum)		LINESTRING(11.262322 49.313124,11.2602767 49.3138543)
1514	Pyrbaum	Oberhembach	de:09373:17863:0:2	49.31402	11.25978	bus	MATCHED	n9839014780	101.8	1.0	Oberhembach	505,506	Pyrbaum Wolfsteiner Platz	Neuhof (bei Pyrbaum) / Wolfsteiner Platz	LINESTRING(11.25978 49.31402,11.2611538 49.31384490000001)
1515	Pyrbaum	Pruppach (b. Pyrbaum)	de:09373:17866:0:1	49.281894	11.236496	bus	MATCHED	n10060998443	10.0	1.0	Pruppach (bei Pyrbaum)	505,506	Pyrbaum Waldstr. / Neuhof (b. Pyrbaum)		LINESTRING(11.236496 49.281894,11.2365159 49.2818047)
1516	Pyrbaum	Pruppach (b. Pyrbaum)	de:09373:17866:0:2	49.2819	11.236577		MATCHED	n10060998444	10.9	1.0	Pruppach (bei Pyrbaum)			Neuhof (bei Pyrbaum)	LINESTRING(11.236577 49.2819,11.236690900000001 49.281964300000006)
1517	Pyrbaum	Rathaus	de:09373:17858:0:1	49.296021	11.285724		MATCHED	n444583461	4.7	0.64	Rathaus				LINESTRING(11.285724 49.296021,11.2857211 49.296063000000004)
1518	Pyrbaum	Rathaus	de:09373:17858:0:2	49.296513	11.285265		MATCHED	n444583443	4.9	0.63	Rathaus				LINESTRING(11.285265 49.296513,11.285226100000001 49.29647730000001)
1519	Pyrbaum	Rengersricht Erlenstr. 	de:09373:17868:0:1	49.273947	11.307535	bus	MATCHED	n804236652	3.2	1.0	Erlenstraße	505	Seligenporten Mitte / Pavelsbach An der Heide	Kirchenplatz	LINESTRING(11.307535 49.273947,11.307579200000001 49.2739497)
1520	Pyrbaum	Rengersricht Erlenstr. 	de:09373:17868:0:2	49.274059	11.307292	bus	MATCHED	n804236915	5.7	1.0	Erlenstraße	505	Rengersricht Kirchplatz	Kirchenplatz / Seligenporten Mitte	LINESTRING(11.307292 49.274059,11.3073695 49.2740681)
1521	Pyrbaum	Rengersricht Kirchplatz	de:09373:17869:0:1	49.275084	11.302585	bus	MATCHED	n804236265	3.8	1.0	Kirchenplatz	505	Rengersricht Erlenstr.	Erlenstraße / Waldstraße	LINESTRING(11.302585 49.275084,11.3025341 49.2750755)
1522	Pyrbaum	Rengersricht Kirchplatz	de:09373:17869:0:2	49.275202	11.302729	bus	MATCHED	n804236617	5.6	1.0	Kirchenplatz	505,516	Pyrbaum Waldstr.	Waldstraße	LINESTRING(11.302729 49.275202,11.302802300000002 49.275217100000006)
1523	Pyrbaum	Schwarzach (b. Pyrbaum)	de:09373:17871:0:1	49.25296	11.308999	bus	NO_MATCH_BUT_OTHER_PLATFORM_MATCHED					505,516	Seligenporten Mitte / Pavelsbach An der Heide		POINT(11.308999 49.25296)
1524	Pyrbaum	Schwarzach (b. Pyrbaum)	de:09373:17871:0:2	49.253048	11.308999	bus	MATCHED	n1825587340	18.3	1.0	Schwarzach (b. Pyrbaum)	505,516	Pavelsbach An der Heide / Seligenporten Mitte / Seligenporten Sportplatz / Rengersricht Kirchplatz	Espanstraße / Seligenporten Mitte	LINESTRING(11.308999 49.253048,11.309246400000001 49.253020600000006)
1525	Pyrbaum	Seligenporten Eichastr. 	de:09373:17873	49.265712	11.312736		NO_MATCH_AND_SEEMS_UNSERVED								POINT(11.312736 49.265712)
1526	Pyrbaum	Seligenporten Espanstr. 	de:09373:17874:0:1	49.264393	11.303609	bus	MATCHED	n10042406491	1.8	1.0	Espanstraße	505	Seligenporten Sportplatz / Schwarzach (b.Pyrbaum)	Seligenporten Mitte / Seligenporten Sportplatz	LINESTRING(11.303609 49.264393,11.3035858 49.2643885)
1527	Pyrbaum	Seligenporten Espanstr. 	de:09373:17874:0:2	49.264217	11.303429	bus	MATCHED	n1825577464	1.5	1.0	Espanstraße	505	Seligenporten Mitte / Schwarzach (b.Pyrbaum)	Seligenporten Mitte	LINESTRING(11.303429 49.264217,11.303444 49.2642262)
1528	Pyrbaum	Seligenporten Gewerbegebiet	de:09373:17876:0:1	49.26376	11.29114	bus	MATCHED	n10060830954	9.6	1.0	Seligenporten Gewerbegebiet	505	Seligenporten Sportplatz		LINESTRING(11.29114 49.26376,11.291137 49.263846300000004)
1529	Pyrbaum	Seligenporten Gewerbegebiet	de:09373:17876:0:2	49.263947	11.291095		NO_MATCH_AND_SEEMS_UNSERVED								POINT(11.291095 49.263947)
1530	Pyrbaum	Seligenporten Mitte	de:09373:17875:0:1	49.265876	11.310939	bus	MATCHED	n1825577969	2.1	1.0	Seligenporten Mitte	505,516	Seligenporten Espanstr.	Erlenstraße / Espanstraße / Schwarzach (b. Pyrbaum) / Köstlbach	LINESTRING(11.310939 49.265876,11.3109201 49.2658623)
1531	Pyrbaum	Seligenporten Mitte	de:09373:17875:0:2	49.265583	11.310526	bus	MATCHED	n1825577892	6.0	1.0	Seligenporten Mitte	505,516	Pavelsbach An der Heide / Rengersricht Erlenstr. / Kemnath (Postb-Heng) Finkenweg	Erlenstraße	LINESTRING(11.310526 49.265583,11.3106089 49.265582300000005)
1532	Pyrbaum	Seligenporten Sportplatz	de:09373:17877:0:1	49.263127	11.29927	bus	MATCHED	n841981715	1.5	1.0	Seligenporten Sportplatz	505	Abzw. Reckenricht		LINESTRING(11.29927 49.263127,11.2992694 49.263113800000006)
1533	Pyrbaum	Seligenporten Sportplatz	de:09373:17877:0:2	49.263092	11.296935	bus	MATCHED	n841981638	3.2	1.0	Seligenporten Sportplatz	505	Seligenporten Espanstr.	Abzweigung Reckenricht / Espanstraße	LINESTRING(11.296935 49.263092,11.2969588 49.263068100000005)
1534	Pyrbaum	Seniorenzentrum	de:09373:17857:0:1	49.301615	11.294635	bus	NO_MATCH					506	Pyrbaum Neumarkter Str. / Pyrbaum Wolfsteiner Platz		POINT(11.294635 49.301615)
1535	Pyrbaum	Straßmühle Faberhof	de:09373:17879:0:1	49.293783	11.21588	bus	MATCHED	n475997768	1.7	1.0	Straßmühle/Faberhof	601	Abzw. Pruppach (b. Pyrb.)	Pruppach Abzweig / Birkenlach Abzweig	LINESTRING(11.21588 49.293783,11.215875200000001 49.2937984)
1536	Pyrbaum	Straßmühle Faberhof	de:09373:17879:0:2	49.29489	11.216167	bus	MATCHED_THOUGH_REVERSED_DIR	n475997771	8.5	1.0	Straßmühle/Faberhof	601	Abzw. Birkenlach	Pruppach Abzweig	LINESTRING(11.216167 49.29489,11.216248400000001 49.294835400000004)
1537	Pyrbaum	Waldstr.	de:09373:17853:0:1	49.293285	11.289505	bus	MATCHED	n453531410	1.8	1.0	Waldstraße	505	Rengersricht Kirchplatz	Wolfsteiner Platz / Kirchenplatz	LINESTRING(11.289505 49.293285,11.2895243 49.293295)
1538	Pyrbaum	Waldstr.	de:09373:17853:0:2	49.293361	11.290287	bus	MATCHED	n453531408	5.4	1.0	Waldstraße	505	Pyrbaum Wolfsteiner Platz	Wolfsteiner Platz	LINESTRING(11.290287 49.293361,11.2902134 49.293367200000006)
1539	Pyrbaum	Wolfsteiner Platz	de:09373:17855:53:1	49.297421	11.286038	bus	MATCHED	n444583421	2.6	1.0	Wolfsteiner Platz	505,506	Pyrbaum Waldstr. / Oberhembach	Oberhembach / Waldstraße / Neumarkter Straße	LINESTRING(11.286038 49.297421,11.2860715 49.2974295)
1540	Pyrbaum	Wolfsteiner Platz	de:09373:17855:53:2	49.297274	11.285984	bus	MATCHED	n444583419	3.3	1.0	Wolfsteiner Platz	505,506	Pyrbaum Neumarkter Str. / Pyrbaum Seniorenzentrum	Neumarkter Straße	LINESTRING(11.285984 49.297274,11.286025400000002 49.297261000000006)
1541	Pyrbaum	Wolfsteiner Platz	de:09373:17855:53:3	49.297228	11.285948		NO_MATCH_AND_SEEMS_UNSERVED								POINT(11.285948 49.297228)
1542	Sengenthal	Abzw. Braunmühle	de:09373:17698:0:1	49.189512	11.427559	bus	MATCHED	n5879626201	13.6	1.0	Abzw. Braunmühle	514	Ellmannsdorf	Abzw. Dietlhof	LINESTRING(11.427559 49.189512,11.4277124 49.1894417)
1543	Sengenthal	Abzw. Braunmühle	de:09373:17698:0:2	49.189606	11.427577	bus	MATCHED	n10026412242	3.2	1.0	Abzw. Braunmühle	514	Reichertshofen Ort		LINESTRING(11.427577 49.189606,11.4276172 49.189595100000005)
1544	Sengenthal	Abzw. Dietlhof	de:09373:17816:0:1	49.199903	11.430128		MATCHED	n5879591086	9.8	1.0	Abzw. Dietlhof			Rocksdorf	LINESTRING(11.430128 49.199903,11.429995 49.199916400000006)
1545	Sengenthal	Abzw. Dietlhof	de:09373:17816:0:2	49.199856	11.4302		MATCHED	n9947164088	8.3	1.0	Abzw. Dietlhof				LINESTRING(11.4302 49.199856,11.4301394 49.199793)
1546	Sengenthal	Abzw. Reichertshofen	de:09373:17819:0:1	49.226902	11.423534	bus	MATCHED	n1376686046	5.8	1.0	Abzw. Reichertshofen	514	Buchberg Forststr. / Forst (b. Sengenthal) / Sondersfeld	Buchberg, Waldstraße	LINESTRING(11.423534 49.226902,11.4235302 49.2268496)
1547	Sengenthal	Abzw. Reichertshofen	de:09373:17819:0:2	49.226521	11.423372	bus	MATCHED	n417683651	8.3	1.0	Abzw. Reichertshofen	514	Buchberg Forststr.	Abzw. Reichertshofen	LINESTRING(11.423372 49.226521,11.4233835 49.226595200000006)
1548	Sengenthal	Am Anger	de:09373:17801:0:1	49.239842	11.461066	bus	MATCHED	n5262038813	3.6	1.0	Sengenthal, Am Anger	515	Neumarkt Ingolstädter Str. / Sengenthal Kirche / Neumarkt Regensburger Str.		LINESTRING(11.461066 49.239842,11.4610389 49.2398686)
1549	Sengenthal	Am Anger	de:09373:17801:0:2	49.240517	11.460167		MATCHED	n10060641180	10.6	1.0	Sengenthal, Am Anger			Ingolstädter Straße / Regensburger Straße	LINESTRING(11.460167 49.240517,11.4602205 49.2404281)
1550	Sengenthal	Buchberg Forststr. 	de:09373:17812:0:1	49.235132	11.437763	bus	MATCHED_THOUGH_OSM_NO_NAME	w1167144526	6.0	0.25		514	Abzw. Reichertshofen / Buchberg Waldstr.		LINESTRING(11.437763 49.235132,11.437788893843505 49.2351830311796)
1551	Sengenthal	Buchberg Forststr. 	de:09373:17812:0:2	49.23525	11.437988	bus	MATCHED	n9948095946	15.5	1.0	Buchberg, Forststraße	514	Buchberg Waldstr.		LINESTRING(11.437988 49.23525,11.4378089 49.235175100000006)
1552	Sengenthal	Buchberg Waldstr. 	de:09373:17814:0:1	49.239654	11.440836	bus	MATCHED	n2674730295	1.0	1.0	Buchberg, Waldstraße	514	Buchberg Forststr.	Röckersbühl	LINESTRING(11.440836 49.239654,11.440840000000001 49.2396455)
1553	Sengenthal	Buchberg Waldstr. 	de:09373:17814:0:2	49.239566	11.440961	bus	MATCHED	n10017407099	2.8	1.0	Buchberg, Waldstraße	514	Neumarkt Florianstr. / Neumarkt Ingolstädter Str.		LINESTRING(11.440961 49.239566,11.440994700000001 49.239578800000004)
1554	Sengenthal	Dorfstr.	de:09373:17802:0:1	49.229888	11.464946	bus	MATCHED	n9947271103	8.8	1.0	Sengenthal, Dorfstraße	515,517	Sengenthal Kirche / Sengenthal Max-Bögl-Str.	Sengenthal, Max-Bögl-Straße	LINESTRING(11.464946 49.229888,11.464968800000001 49.2299658)
1555	Sengenthal	Dorfstr.	de:09373:17802:0:2	49.229736	11.465036		MATCHED	n9947271102	4.6	1.0	Sengenthal, Dorfstraße			Sengenthal, Kirche	LINESTRING(11.465036 49.229736,11.464974600000001 49.229747)
1556	Sengenthal	Fa. Bögl	de:09373:17803	49.21184	11.451777		NO_MATCH_AND_SEEMS_UNSERVED								POINT(11.451777 49.21184)
1557	Sengenthal	Forst (b. Sengenthal)	de:09373:17818:0:1	49.214575	11.412206	bus	NO_MATCH_BUT_OTHER_PLATFORM_MATCHED					514	Kruppach/Mühlhausen Dorfweiher / Sondersfeld / Wettenhofen / Abzw. Reichertshofen		POINT(11.412206 49.214575)
1558	Sengenthal	Forst (b. Sengenthal)	de:09373:17818:0:2	49.214422	11.41226	bus	MATCHED	n5879566261	21.7	1.0	Forst (b. Sengenthal)	514	Abzw. Reichertshofen / Reichertshofen Ort	Abzw. Reichertshofen	LINESTRING(11.41226 49.214422,11.4124587 49.214567800000005)
1559	Sengenthal	Kirche	de:09373:17804:0:1	49.23312	11.461102	bus	MATCHED	n1610117887	6.9	1.0	Sengenthal, Kirche	515,517	Sengenthal Nord / Sengenthal Dorfstr.	Sengenthal, Dorfstraße	LINESTRING(11.461102 49.23312,11.461195 49.233130300000006)
1560	Sengenthal	Kirche	de:09373:17804:0:2	49.233109	11.461389		MATCHED	n10047029095	2.9	1.0	Sengenthal, Kirche			Sengenthal Nord	LINESTRING(11.461389 49.233109,11.461408800000001 49.233085900000006)
1561	Sengenthal	Max-Bögl-Str.	de:09373:17800:0:1	49.211975	11.45378	bus	MATCHED	n4850715516	3.9	1.0	Sengenthal, Max-Bögl-Straße	515,517,581	Greißelbach (b. Mühlh.) / Abzw. Hacklsberg (Deining) / Mühlhausen (Lkr. NM) Fa. Dehn / Neumarkt Florianstr. / Neumarkt Regensburger Str. / Sengenthal Dorfstr. / Mühlhausen/NM Am Ludwigskanal	Greißelbach (bei Mühlhausen) / Mühlhausen, Am Ludwigskanal / Seelstraße	LINESTRING(11.45378 49.211975,11.453809000000001 49.212004900000004)
1562	Sengenthal	Max-Bögl-Str.	de:09373:17800:0:2	49.211905	11.454014	bus	MATCHED	n4850715517	3.2	1.0	Sengenthal, Max-Bögl-Straße	581	Neumarkt Seelstr. / Neumarkt Berufsschule	Regensburger Straße / Sengenthal, Max-Bögl-Straße / Sengenthal, Dorfstraße	LINESTRING(11.454014 49.211905,11.454058400000001 49.211902800000004)
1563	Sengenthal	Nord	de:09373:17806:0:1	49.235824	11.458416	bus	MATCHED	n4036717943	1.9	1.0	Sengenthal Nord	515,517	Sengenthal Weichselst. Str. / Sengenthal Am Anger		LINESTRING(11.458416 49.235824,11.4584425 49.235821900000005)
1564	Sengenthal	Nord	de:09373:17806:0:2	49.236558	11.459134		MATCHED	n4036717946	10.0	1.0	Sengenthal Nord			Sengenthal, Weichselsteiner Straße / Sengenthal, Am Anger	LINESTRING(11.459134 49.236558,11.4591051 49.2364705)
1565	Sengenthal	Norma	de:09373:17808:0:1	49.225383	11.456583		MATCHED	n9955750440	96.0	1.0	Sengenthal Norma				LINESTRING(11.456583 49.225383,11.4563181 49.2262287)
1566	Sengenthal	Norma	de:09373:17808:0:2	49.226409	11.456305		NO_MATCH_AND_SEEMS_UNSERVED								POINT(11.456305 49.226409)
1567	Sengenthal	Reichertshofen Ort	de:09373:17820:0:1	49.22902	11.421782		MATCHED	n417683635	4.2	0.66	Reichertshofen Ort				LINESTRING(11.421782 49.22902,11.4217478 49.2289893)
1568	Sengenthal	Reichertshofen Ort	de:09373:17820:0:2	49.229049	11.421782	bus	NO_MATCH_BUT_OTHER_PLATFORM_MATCHED					514	Neumarkt Florianstr. / Buchberg Forststr.		POINT(11.421782 49.229049)
1569	Sengenthal	Weichselst. Str.	de:09373:17805:0:1	49.241742	11.462539	bus	MATCHED	n5876281698	44.4	1.0	Sengenthal, Weichselsteiner Straße	515,517	Sengenthal Kirche / Weichselstein	Weichselstein	LINESTRING(11.462539 49.241742,11.462975400000001 49.242020800000006)
1570	Sengenthal	Weichselst. Str.	de:09373:17805:0:2	49.241707	11.462746		MATCHED	n11018305811	29.6	1.0	Sengenthal, Weichselsteiner Straße			Sengenthal, Kirche	LINESTRING(11.462746 49.241707,11.46273 49.241972600000004)
1571	Sengenthal	Weichselstein	de:09373:17809:0:1	49.244575	11.476328	bus	MATCHED	n417683820	4.5	1.0	Weichselstein	515,517	Sengenthal Weichselst. Str. / Neumarkt Regensburger Str.	Regensburger Straße	LINESTRING(11.476328 49.244575,11.476362100000001 49.244541700000006)
1572	Sengenthal	Weichselstein	de:09373:17809:0:2	49.244669	11.476283		MATCHED	n10017468959	3.2	1.0	Weichselstein			Sengenthal, Weichselsteiner Straße	LINESTRING(11.476283 49.244669,11.476289900000001 49.2446404)
1573	Seubersdorf i.d. OPf.	Abzw. Eichenhofen	de:09373:17929:0:1	49.182889	11.651419	bus	MATCHED	n9990781755	3.2	1.0	Abzw. Eichenhofen	537	Eichenhofen Ort		LINESTRING(11.651419 49.182889,11.6513758 49.1828908)
1574	Seubersdorf i.d. OPf.	Abzw. Eichenhofen	de:09373:17929:0:2	49.182842	11.651239	bus	NO_MATCH_BUT_OTHER_PLATFORM_MATCHED					537	Abzw. Gastelshof		POINT(11.651239 49.182842)
1575	Seubersdorf i.d. OPf.	Abzw. Gastelshof	de:09373:17933:0:1	49.177786	11.674245	bus	NO_MATCH					537	Abzw. Eichenhofen		POINT(11.674245 49.177786)
1576	Seubersdorf i.d. OPf.	Abzw. Gastelshof	de:09373:17933:0:2	49.177686	11.674119	bus	NO_MATCH					537	Katzenfels		POINT(11.674119 49.177686)
1577	Seubersdorf i.d. OPf.	Abzw. Riedhof (b. Seubersdorf)	de:09373:17937:0:1	49.134911	11.546361	bus	NO_MATCH_BUT_OTHER_PLATFORM_MATCHED					534	Abzw. Waldkirchen (Petersberg)		POINT(11.546361 49.134911)
1578	Seubersdorf i.d. OPf.	Abzw. Riedhof (b. Seubersdorf)	de:09373:17937:0:2	49.134887	11.546442	bus	MATCHED	n5256396407	12.1	1.0	Riedhof (b. Seubersdorf)	534	Freihausen	Ittelhofen / Freihausen	LINESTRING(11.546442 49.134887,11.5464029 49.1347815)
1579	Seubersdorf i.d. OPf.	Abzw. Waldkirchen (Petersberg)	de:09373:17914:0:1	49.132189	11.542669	bus	NO_MATCH_BUT_OTHER_PLATFORM_MATCHED					534,587	Abzw.Hermannsberg (b.Berching) / Staufersbuch Ortsmitte		POINT(11.542669 49.132189)
1580	Seubersdorf i.d. OPf.	Abzw. Waldkirchen (Petersberg)	de:09373:17914:0:2	49.132084	11.542776	bus	MATCHED	n5256405881	1.4	1.0	Abzw. Waldkirchen (Petersberg)	534,587	Riedhof (b. Seubersd.) / Abzw. Riedhof (b. Seubersdorf)	Riedhof (b. Seubersdorf)	LINESTRING(11.542776 49.132084,11.5427745 49.132071800000006)
1581	Seubersdorf i.d. OPf.	Batzhausen	de:09373:17920:1:1	49.191449	11.592911	train	MATCHED	n34003195	32.2	0.32	Batzhausen	RB51,RE50	Deining (Oberpf) / Seubersdorf		LINESTRING(11.592911 49.191449,11.593138600000001 49.191200800000004)
1582	Seubersdorf i.d. OPf.	Batzhausen	de:09373:17920:2:2	49.191461	11.592938	train	MATCHED	n610438136	32.9	0.48	Batzhausen	RB51,RE22,RE50	Deining (Oberpf)	Deining (Oberpfalz) / Neumarkt (Oberpf)	LINESTRING(11.592938 49.191461,11.593187 49.1912141)
1583	Seubersdorf i.d. OPf.	Batzhausen Feuerwehrhaus	de:09373:17824:0:1	49.190205	11.600125	bus	MATCHED	n10060725793	4.5	1.0	Batzhausen Feuerwehrhaus	RB51	Deining Mitte		LINESTRING(11.600125 49.190205,11.6001738 49.1902301)
1584	Seubersdorf i.d. OPf.	Batzhausen Feuerwehrhaus	de:09373:17824:0:2	49.190275	11.600278	bus	MATCHED	n10060725792	13.4	1.0	Batzhausen Feuerwehrhaus	RB51	Seubersd. OPf. Nürnberger Str.		LINESTRING(11.600278 49.190275,11.600438700000002 49.1902169)
1585	Seubersdorf i.d. OPf.	Batzhausen Ortsmitte	de:09373:17921:0:1	49.187269	11.603916	bus	MATCHED	n10061004994	4.1	1.0	Batzhausen Ortsmitte	537	Waldhausen (b. Seubersd.)		LINESTRING(11.603916 49.187269,11.603957000000001 49.187243800000005)
1586	Seubersdorf i.d. OPf.	Batzhausen Ortsmitte	de:09373:17921:0:2	49.187257	11.603826	bus	NO_MATCH_BUT_OTHER_PLATFORM_MATCHED					537	Seubersdorf		POINT(11.603826 49.187257)
1587	Seubersdorf i.d. OPf.	Daßwang Breitenbrunner Str. 	de:09373:17925:0:1	49.139471	11.65653	bus	NO_MATCH					531,534	Neuhausen (b. Seubersd.) / Daßwang Post		POINT(11.65653 49.139471)
1588	Seubersdorf i.d. OPf.	Daßwang Breitenbrunner Str. 	de:09373:17925:0:2	49.139477	11.65653	bus	NO_MATCH					531,534	Parsberg Abzw. Möbelhof / Daßwang Post		POINT(11.65653 49.139477)
1589	Seubersdorf i.d. OPf.	Daßwang Kirche	de:09373:17924:0:1	49.144984	11.661435	bus	MATCHED	n9839817329	17.9	1.0	Daßwang, Kirche	531,534,587	Daßwang Post / Mannsdorf (b. Parsberg) / Winn (b. Seubersd.)		LINESTRING(11.661435 49.144984,11.661672300000001 49.145023300000005)
1590	Seubersdorf i.d. OPf.	Daßwang Kirche	de:09373:17924:0:2	49.144666	11.661893	bus	MATCHED	n5252993535	12.5	1.0	Daßwang, Kirche	531,534,587	Daßwang Post / Neuhausen (b. Seubersd.) / Parsberg Abzw. Möbelhof	Neuhausen (b. Seubersdorf) / Daßwang, Breitenbrunner Straße / Parsberg, Lindlbergstraße	LINESTRING(11.661893 49.144666,11.662063700000001 49.144679100000005)
1591	Seubersdorf i.d. OPf.	Daßwang Post	de:09373:17926:0:1	49.144467	11.658399	bus	MATCHED	n10019935386	100.0	1.0	Daßwang, Post	531,534	Daßwang Breitenbrunner Str. / Daßwang Kirche		LINESTRING(11.658399 49.144467,11.6588934 49.145305500000006)
1592	Seubersdorf i.d. OPf.	Daßwang Post	de:09373:17926:0:2	49.144431	11.658524	bus	MATCHED	n5876679135	92.2	1.0	Daßwang, Post	531,534	Daßwang Breitenbrunner Str. / Daßwang Kirche	Rasch b. Breitenbrunn/NM, FWH	LINESTRING(11.658524 49.144431,11.6590047 49.1451976)
1593	Seubersdorf i.d. OPf.	Eichenhofen Ort	de:09373:17928:0:1	49.184151	11.64929	bus	MATCHED	n10010948764	3.6	1.0	Eichenhofen Ort	537	Seubersdorf		LINESTRING(11.64929 49.184151,11.649338 49.1841456)
1594	Seubersdorf i.d. OPf.	Eichenhofen Ort	de:09373:17928:0:2	49.184052	11.649263	bus	MATCHED	n10010948763	4.4	1.0	Eichenhofen Ort	537	Abzw. Eichenhofen		LINESTRING(11.649263 49.184052,11.6493152 49.1840325)
1595	Seubersdorf i.d. OPf.	Freihausen	de:09373:17931:0:1	49.145319	11.558434	bus	NO_MATCH_BUT_OTHER_PLATFORM_MATCHED					534,587	Schnufenhofen / Riedhof (b. Seubersd.) / Abzw. Riedhof (b. Seubersdorf)		POINT(11.558434 49.145319)
1596	Seubersdorf i.d. OPf.	Freihausen	de:09373:17931:0:2	49.145283	11.558542	bus	MATCHED	n5891364427	13.2	1.0	Freihausen	534,587	Schnufenhofen / Körndlhof / Ittelhofen	Kleinafalterbach / Schnufenhofen	LINESTRING(11.558542 49.145283,11.558365100000001 49.1453069)
1597	Seubersdorf i.d. OPf.	Gastelshof	de:09373:17932	49.179342	11.677578		NO_MATCH_AND_SEEMS_UNSERVED								POINT(11.677578 49.179342)
1598	Seubersdorf i.d. OPf.	Ittelhofen	de:09373:17934:0:1	49.135892	11.576975	bus	MATCHED_THOUGH_REVERSED_DIR	n1769994443	3.2	0.68	Ittelhofen	535,587	Freihausen / Schnufenhofen / Riedhof (b. Seubersd.)	Wissing, Unterdorf	LINESTRING(11.576975 49.135892,11.576960000000001 49.135865300000006)
1599	Seubersdorf i.d. OPf.	Ittelhofen	de:09373:17934:0:2	49.135928	11.577083	bus	NO_MATCH_BUT_OTHER_PLATFORM_MATCHED					535,587	Wissing Unterdorf		POINT(11.577083 49.135928)
1600	Seubersdorf i.d. OPf.	Krappenhofen	de:09373:17935:0:1	49.164607	11.656557	bus	NO_MATCH_BUT_OTHER_PLATFORM_MATCHED					535	Willmannsdorf		POINT(11.656557 49.164607)
1601	Seubersdorf i.d. OPf.	Krappenhofen	de:09373:17935:0:2	49.164613	11.656701	bus	MATCHED	n9990711657	13.4	1.0	Krappenhofen	535	Kerschhofen -11-		LINESTRING(11.656701 49.164613,11.656576600000001 49.1645242)
1602	Seubersdorf i.d. OPf.	Neuhausen (b. Seubersd. )	de:09373:17936:0:1	49.153762	11.639723	bus	MATCHED	n9991447362	2.5	1.0	Neuhausen (b. Seubersdorf)	534,587	Daßwang Kirche / Schnufenhofen		LINESTRING(11.639723 49.153762,11.6396894 49.153756900000005)
1603	Seubersdorf i.d. OPf.	Neuhausen (b. Seubersd. )	de:09373:17936:0:2	49.153944	11.639022	bus	MATCHED	n5256411150	2.3	1.0	Neuhausen (b. Seubersdorf)	534,587	Daßwang Breitenbrunner Str. / Waldhausen (b. Seubersd.)	Schnufenhofen / Daßwang, Kirche	LINESTRING(11.639022 49.153944,11.6390249 49.1539647)
1604	Seubersdorf i.d. OPf.	Riedhof (b. Seubersd. )	de:09373:17938:0:1	49.13504	11.547564	bus	NO_MATCH					587	Ittelhofen / Abzw. Waldkirchen (Petersberg) / Freihausen		POINT(11.547564 49.13504)
1605	Seubersdorf i.d. OPf.	Riedhof (b. Seubersd. )	de:09373:17938:0:2	49.135134	11.547502		NO_MATCH_AND_SEEMS_UNSERVED								POINT(11.547502 49.135134)
1606	Seubersdorf i.d. OPf.	Schnufenhofen	de:09373:17939:0:1	49.150748	11.598382	bus	MATCHED	n1769884177	19.3	1.0	Schnufenhofen	534,535,587	Krappenhofen / Wissing Unterdorf / Freihausen	Neuhausen (b. Seubersdorf) / Körndlhof	LINESTRING(11.598382 49.150748,11.5985086 49.150595700000004)
1607	Seubersdorf i.d. OPf.	Schnufenhofen	de:09373:17939:0:2	49.150578	11.598508	bus	NO_MATCH_BUT_OTHER_PLATFORM_MATCHED					534,587	Körndlhof / Neuhausen (b. Seubersd.) / Freihausen		POINT(11.598508 49.150578)
1608	Seubersdorf i.d. OPf.	Seubersd. OPf. Nürnberger Str. 	de:09373:17815:0:1	49.165905	11.623849	bus	MATCHED	n10053127059	53.6	1.0	Seubersd. OPf. Nürnberger Str.	RB51	Batzhausen Feuerwehrhaus		LINESTRING(11.623849 49.165905,11.623749 49.1663823)
1609	Seubersdorf i.d. OPf.	Seubersd. OPf. Nürnberger Str. 	de:09373:17815:0:2	49.165664	11.623751	bus	MATCHED	n10053127058	4.2	1.0	Seubersd. OPf. Nürnberger Str.	RB51	Parsberg Lindlbergstr.		LINESTRING(11.623751 49.165664,11.6238018 49.1656466)
1610	Seubersdorf i.d. OPf.	Seubersdorf	de:09373:17910:1:1	49.167831	11.627407	trainish	MATCHED	n34003196	19.1	0.43	Seubersdorf				LINESTRING(11.627407 49.167831,11.6276455 49.1677608)
1611	Seubersdorf i.d. OPf.	Seubersdorf	de:09373:17910:23:2	49.167873	11.627443	trainish	MATCHED	n610336158	18.7	0.43	Seubersdorf			Batzhausen	LINESTRING(11.627443 49.167873,11.6276744 49.1678006)
1612	Seubersdorf i.d. OPf.	Seubersdorf	de:09373:17910:23:3	49.167931	11.627488	trainish	MATCHED	n610336160	20.0	0.42	Seubersdorf				LINESTRING(11.627488 49.167931,11.627744900000001 49.1678677)
1613	Seubersdorf i.d. OPf.	Seubersdorf	de:09373:17910:3:1	49.16752	11.627281	bus	MATCHED_THOUGH_OSM_NO_NAME	n4550602668	9.0	0.21		537,RB51,RE50	Batzhausen Ortsmitte / Parsberg		LINESTRING(11.627281 49.16752,11.627403500000002 49.167528100000006)
1614	Seubersdorf i.d. OPf.	Seubersdorf	de:09373:17910:3:2	49.167397	11.627452	bus	MATCHED	w459148691	17.9	1.0	Seubersdorf	537,RB51,RE22,RE50	Batzhausen / Eichenhofen Ort / Batzhausen		LINESTRING(11.627452 49.167397,11.62729285 49.167519850000005)
1615	Seubersdorf i.d. OPf.	Waldhausen (b. Seubersd. )	de:09373:17913:0:1	49.195893	11.617624	bus	MATCHED	n10041414449	1.7	1.0	Waldhausen (bei Seubersd.)	537,587	Finsterweiling / Neuhausen (b. Seubersd.)		LINESTRING(11.617624 49.195893,11.6176437 49.1959006)
1616	Seubersdorf i.d. OPf.	Waldhausen (b. Seubersd. )	de:09373:17913:0:2	49.195893	11.61757	bus	NO_MATCH_BUT_OTHER_PLATFORM_MATCHED					537,587	Großalfalterbach / Batzhausen Ortsmitte		POINT(11.61757 49.195893)
1617	Seubersdorf i.d. OPf.	Waldkirchen	de:09373:17979:0:1	49.129797	11.553278		MATCHED	n9990780583	5.1	1.0	Waldkirchen				LINESTRING(11.553278 49.129797,11.5532874 49.1298425)
1618	Seubersdorf i.d. OPf.	Waldkirchen	de:09373:17979:0:2	49.129797	11.553197		NO_MATCH_AND_SEEMS_UNSERVED								POINT(11.553197 49.129797)
1619	Seubersdorf i.d. OPf.	Willmannsdorf	de:09373:17916:0:1	49.159367	11.661749	bus	NO_MATCH_BUT_OTHER_PLATFORM_MATCHED					535			POINT(11.661749 49.159367)
1620	Seubersdorf i.d. OPf.	Willmannsdorf	de:09373:17916:0:2	49.159349	11.66192	bus	MATCHED	n9990787469	11.7	1.0	Willmannsdorf	535	Krappenhofen		LINESTRING(11.66192 49.159349,11.6617613 49.1593627)
1621	Seubersdorf i.d. OPf.	Winn (b. Seubersd. )	de:09373:17917:0:1	49.134758	11.677497	bus	MATCHED	n10020058565	1.9	1.0	Winn (b. Seubersdorf)	547,587	Kemnathen/Breitbr Wissing.Str. / Rasch/Breitenbr./NM Ortsmitte		LINESTRING(11.677497 49.134758,11.6774958 49.13474110000001)
1622	Seubersdorf i.d. OPf.	Winn (b. Seubersd. )	de:09373:17917:0:2	49.134634	11.677748	bus	MATCHED	n5249269574	19.9	1.0	Winn (b. Seubersdorf)	547,587	Parsberg Abzw. Möbelhof / Daßwang Kirche	Daßwang, Kirche	LINESTRING(11.677748 49.134634,11.6776836 49.1344603)
1623	Seubersdorf i.d. OPf.	Wissing Schachtelweg	de:09373:17918:0:1	49.129227	11.601913	bus	NO_MATCH_BUT_OTHER_PLATFORM_MATCHED					535	Wissing Unterdorf		POINT(11.601913 49.129227)
1624	Seubersdorf i.d. OPf.	Wissing Schachtelweg	de:09373:17918:0:2	49.129262	11.602038	bus	MATCHED	n1768994957	6.1	1.0	Wissing, Schachtelweg	535	Kemnathen/Breitbr Wissing.Str.		LINESTRING(11.602038 49.129262,11.602105 49.129229200000005)
1625	Seubersdorf i.d. OPf.	Wissing Unterdorf	de:09373:17919:0:1	49.130438	11.596109	bus	MATCHED	n11226563112	6.2	1.0	Wissing Unterdorf	535,587	Ittelhofen		LINESTRING(11.596109 49.130438,11.5961941 49.1304352)
1626	Seubersdorf i.d. OPf.	Wissing Unterdorf	de:09373:17919:0:2	49.130526	11.596118	bus	NO_MATCH_BUT_OTHER_PLATFORM_MATCHED					535,587	Schnufenhofen / Wissing Schachtelweg		POINT(11.596118 49.130526)
1627	Seubersdorf i.d. OPf.	Wissing Unterdorf	de:09373:17919:0:3	49.130661	11.596118		MATCHED	n1768994978	26.9	1.0	Wissing, Unterdorf			Kemnathen b. Breitenbrunn, Wissinger Straße	LINESTRING(11.596118 49.130661,11.5964855 49.130644600000004)
1628	Seubersdorf i.d. OPf.	i. d. OPf. Schule	de:09373:17976:0:1	49.162304	11.62499	bus	MATCHED	n9990757596	6.7	1.0	Seubersdorf i.d.OPf. Schule	537			LINESTRING(11.62499 49.162304,11.625046600000001 49.162352000000006)
1629	Seubersdorf i.d. OPf.	i. d. OPf. Schule	de:09373:17976:0:2	49.162046	11.625116	bus	NO_MATCH_BUT_OTHER_PLATFORM_MATCHED					537	Parsberg Schulzentrum		POINT(11.625116 49.162046)
1630	Seubersdorf i.d. OPf.	i. d. OPf. Süd	de:09373:17872:0:1	49.159907	11.628197		MATCHED	n10017649482	0.7	1.0	Seubersdorf Süd				LINESTRING(11.628197 49.159907,11.6282022 49.1599012)
1631	Seubersdorf i.d. OPf.	i. d. OPf. Süd	de:09373:17872:0:2	49.160131	11.627784		MATCHED	n10017649481	6.6	1.0	Seubersdorf Süd				LINESTRING(11.627784 49.160131,11.6278723 49.160118700000005)
1632	Velburg	Abzw. Diesenhof	de:09373:17951:0:1	49.253324	11.680344	bus	MATCHED	n9883406718	12.9	1.0	Abzw. Diesenhof	541,589	Sankt Colomann / Sommertshof		LINESTRING(11.680344 49.253324,11.680291 49.253213300000006)
1633	Velburg	Abzw. Diesenhof	de:09373:17951:0:2	49.253207	11.680291	bus	NO_MATCH_BUT_OTHER_PLATFORM_MATCHED					541,589	Sankt Colomann / Sommertshof		POINT(11.680291 49.253207)
1634	Velburg	Abzw. Harenzhofen	de:09373:17958:0:1	49.230252	11.597547	bus	NO_MATCH_BUT_OTHER_PLATFORM_MATCHED					513,537	Abzw. Rammersberg (b. Velburg)		POINT(11.597547 49.230252)
1635	Velburg	Abzw. Harenzhofen	de:09373:17958:0:2	49.230199	11.597951	bus	MATCHED	n10026732158	3.5	1.0	Abzweig Harenzhofen	513	Unterbuchfeld		LINESTRING(11.597951 49.230199,11.5979066 49.230187)
1636	Velburg	Abzw. Harenzhofen	de:09373:17958:0:41	49.23	11.598149		NO_MATCH_AND_SEEMS_UNSERVED								POINT(11.598149 49.23)
1637	Velburg	Abzw. Harenzhofen	de:09373:17958:0:42	49.229829	11.598247		NO_MATCH_AND_SEEMS_UNSERVED								POINT(11.598247 49.229829)
1638	Velburg	Abzw. Haumühle	de:09373:17961	49.202403	11.65821		NO_MATCH_AND_SEEMS_UNSERVED								POINT(11.65821 49.202403)
1639	Velburg	Abzw. Matzenhof (b. Velburg)	de:09373:17967:0:1	49.241666	11.617382	bus	NO_MATCH_BUT_OTHER_PLATFORM_MATCHED					537	Harenzhofen		POINT(11.617382 49.241666)
1640	Velburg	Abzw. Matzenhof (b. Velburg)	de:09373:17967:0:2	49.241783	11.617067	bus	MATCHED	n9990363129	2.0	1.0	Abzw. Matzenhof (b. Velburg)	537	Lengenfeld (b. Velburg)		LINESTRING(11.617067 49.241783,11.6170858 49.2417704)
1641	Velburg	Abzw. Pathal	de:09373:17977:0:1	49.193886	11.692032	bus	MATCHED	n10026970516	1.7	1.0	Abzweig Pathal	541	Abzw. Ronsolden		LINESTRING(11.692032 49.193886,11.6920099 49.193891900000004)
1642	Velburg	Abzw. Pathal	de:09373:17977:0:2	49.193686	11.69169	bus	MATCHED	n10026970515	24.8	1.0	Abzweig Pathal	541	Geigerhaid		LINESTRING(11.69169 49.193686,11.6918524 49.1938818)
1643	Velburg	Abzw. Rammersberg (b. Velburg)	de:09373:17983:0:1	49.232921	11.617777	bus	MATCHED	n10027049995	1.9	1.0	Abzweig Rammersberg	513,537	Rammersberg (b. Velburg) Ort / Lengenfeld (b. Velburg)		LINESTRING(11.617777 49.232921,11.6178033 49.232921100000006)
1644	Velburg	Abzw. Rammersberg (b. Velburg)	de:09373:17983:0:2	49.232786	11.617786	bus	MATCHED	n10027049994	2.9	1.0	Abzweig Rammersberg	513	Abzw. Harenzhofen		LINESTRING(11.617786 49.232786,11.617791200000001 49.232811600000005)
1645	Velburg	Abzw. Ronsolden	de:09373:17987:0:1	49.206388	11.69452	bus	MATCHED	n10028167795	0.8	1.0	Abzweigung Ronsolden	541	Freudenricht / Velburg St. Anna		LINESTRING(11.69452 49.206388,11.6945279 49.206393600000006)
1646	Velburg	Abzw. Ronsolden	de:09373:17987:0:2	49.206265	11.694475	bus	MATCHED	n10028167796	2.3	1.0	Abzweigung Ronsolden	541	Abzw. Pathal		LINESTRING(11.694475 49.206265,11.6945064 49.2062675)
1647	Velburg	Abzw. Sankt Wolfgang b. Velburg	de:09373:17991:0:1	49.241302	11.697933	bus	MATCHED	n10028206132	1.2	1.0	Abzweigung Sankt Wolfgang b. Velburg	541,589	Sankt Colomann / Dantersdorf		LINESTRING(11.697933 49.241302,11.697945 49.2413098)
1648	Velburg	Abzw. Sankt Wolfgang b. Velburg	de:09373:17991:0:2	49.241273	11.697835	bus	MATCHED	n10028206131	2.6	1.0	Abzweigung Sankt Wolfgang b. Velburg	541,589	Sankt Wolfgang (b. Velburg) / Sankt Colomann		LINESTRING(11.697835 49.241273,11.6978404 49.241250300000004)
1649	Velburg	Abzw. Schallermühle (Velburg)	de:09373:17998:0:1	49.208571	11.659342	bus	NO_MATCH					542	Regenfußmühle / Haumühle		POINT(11.659342 49.208571)
1650	Velburg	Abzw. Schallermühle (Velburg)	de:09373:17998:0:2	49.208536	11.659225		NO_MATCH_AND_SEEMS_UNSERVED								POINT(11.659225 49.208536)
1651	Velburg	Abzw. Unterwiesenacker	de:09373:17996:0:1	49.289154	11.615549	bus	MATCHED	n9807083286	8.7	1.0	Abzweigung Unterwiesenacker	542	Oberwiesenacker / Prönsdorf Ziegelhütte		LINESTRING(11.615549 49.289154,11.6154845 49.28908860000001)
1652	Velburg	Abzw. Unterwiesenacker	de:09373:17996:0:2	49.289084	11.615396	bus	NO_MATCH_BUT_OTHER_PLATFORM_MATCHED					583	Oberweickenhof / Habertshofen		POINT(11.615396 49.289084)
1653	Velburg	Albertshofen	de:09373:17944:0:1	49.300045	11.687809	bus	MATCHED	n10060431791	25.0	1.0	Albertshofen	541			LINESTRING(11.687809 49.300045,11.6877881 49.3002692)
1654	Velburg	Albertshofen	de:09373:17944:0:2	49.300028	11.687711	bus	MATCHED	n10060431790	12.3	1.0	Albertshofen	541	Bernla		LINESTRING(11.687711 49.300028,11.687768 49.299923500000006)
1655	Velburg	Altenveldorf	de:09373:17945:0:1	49.217667	11.663869	bus	NO_MATCH					542	Velburg St. Anna		POINT(11.663869 49.217667)
1656	Velburg	Altenveldorf	de:09373:17945:0:2	49.217714	11.663744	bus	NO_MATCH					542	Regenfußmühle		POINT(11.663744 49.217714)
1657	Velburg	Bernla	de:09373:17947:0:1	49.311115	11.678458	bus	MATCHED	n10041291138	2.3	1.0	Bernla	541,583	Freischweibach / Albertshofen		LINESTRING(11.678458 49.311115,11.678441300000001 49.311132900000004)
1658	Velburg	Bernla	de:09373:17947:0:2	49.312685	11.680803	bus	MATCHED	n10041291137	1.0	1.0	Bernla	541,583	Prönsdorf Ort		LINESTRING(11.680803 49.312685,11.680816400000001 49.3126857)
1659	Velburg	Dantersdorf	de:09373:17948:0:1	49.233255	11.704159	bus	MATCHED	n10042104682	1.6	1.0	Dantersdorf	541,589	Sankt Wolfgang (b. Velburg) / Freudenricht		LINESTRING(11.704159 49.233255,11.704144300000001 49.2332443)
1660	Velburg	Dantersdorf	de:09373:17948:0:2	49.233155	11.704051	bus	MATCHED	n10042104681	2.7	1.0	Dantersdorf	541,589	Abzw. Sankt Wolfgang b.Velburg / Sankt Wolfgang (b. Velburg) / Sankt Colomann		LINESTRING(11.704051 49.233155,11.704085200000002 49.2331646)
1661	Velburg	Deusmauer	de:09373:17964:0:1	49.253107	11.622709	bus	MATCHED	n920759774	17.9	1.0	Deusmauer	542,589	Kirchenwinn / Unterweickenhof Weickenhammer		LINESTRING(11.622709 49.253107,11.6224752 49.2530561)
1662	Velburg	Deusmauer	de:09373:17964:0:2	49.253224	11.621828	bus	MATCHED	n10042269692	7.6	1.0	Deusmauer	542,589	Velburg Lutzmannsteiner Str. / Lengenfeld (b. Velburg)		LINESTRING(11.621828 49.253224,11.6219278 49.253242900000004)
1663	Velburg	Distlhof	de:09373:17949:0:1	49.258032	11.666879		NO_MATCH_AND_SEEMS_UNSERVED								POINT(11.666879 49.258032)
1664	Velburg	Distlhof	de:09373:17949:0:2	49.256643	11.666088		NO_MATCH_AND_SEEMS_UNSERVED								POINT(11.666088 49.256643)
1665	Velburg	Dürn (b. Velburg) Abzw. 	de:09373:17356:0:1	49.261081	11.592732	bus	NO_MATCH					583	Günching		POINT(11.592732 49.261081)
1666	Velburg	Federhof (b. Velburg)	de:09373:17953:0:1	49.274188	11.600628		MATCHED	n920758783	1.8	1.0	Federhof				LINESTRING(11.600628 49.274188,11.600652 49.2741917)
1667	Velburg	Federhof (b. Velburg)	de:09373:17953:0:2	49.274293	11.600628		MATCHED	n10042614302	4.9	1.0	Federhof				LINESTRING(11.600628 49.274293,11.6006955 49.2742882)
1668	Velburg	Finsterweiling	de:09373:17954:0:1	49.209687	11.640881	bus	MATCHED	n10041461439	26.5	1.0	Finsterweiling	537	Oberweiling / Vogelbrunn		LINESTRING(11.640881 49.209687,11.640612800000001 49.2095264)
1669	Velburg	Finsterweiling	de:09373:17954:0:2	49.209698	11.641061	bus	MATCHED	n10041416934	14.5	1.0	Finsterweiling	537	Waldhausen (b. Seubersd.)		LINESTRING(11.641061 49.209698,11.641071400000001 49.209568000000004)
1670	Velburg	Freudenricht	de:09373:17955:0:1	49.219081	11.713483	bus	MATCHED	n10042755396	4.0	1.0	Freudenricht	541,589	Dantersdorf / Breitenthal (b. Parsberg)		LINESTRING(11.713483 49.219081,11.7135236 49.219104900000005)
1671	Velburg	Freudenricht	de:09373:17955:0:2	49.218852	11.713385	bus	MATCHED	n10042755391	3.5	1.0	Freudenricht	541,589	Dantersdorf		LINESTRING(11.713385 49.218852,11.7134327 49.2188572)
1672	Velburg	Günching	de:09373:17957:0:1	49.262406	11.581629	bus	MATCHED	n10044277722	7.8	0.59	Günching	583	Dürn (b. Velburg) Abzw. / Niederhofen (b. Pilsach)		LINESTRING(11.581629 49.262406,11.581619400000001 49.26247600000001)
1673	Velburg	Günching	de:09373:17957:0:2	49.262558	11.581566	bus	NO_MATCH_BUT_OTHER_PLATFORM_MATCHED					583	Krondorf (b. Velburg)		POINT(11.581566 49.262558)
1674	Velburg	Habsberg Kirche	de:09373:17960:0:1	49.309165	11.631234		NO_MATCH_AND_SEEMS_UNSERVED								POINT(11.631234 49.309165)
1675	Velburg	Habsberg Kirche	de:09373:17960:0:2	49.309241	11.631296		NO_MATCH_AND_SEEMS_UNSERVED								POINT(11.631296 49.309241)
1676	Velburg	Habsberg Parkplatz	de:09373:17956	49.316755	11.628772		NO_MATCH_AND_SEEMS_UNSERVED								POINT(11.628772 49.316755)
1677	Velburg	Harenzhofen	de:09373:17959:0:1	49.239596	11.59699	bus	MATCHED	n10044242084	1.2	1.0	Harenzhofen	537	Abzw. Harenzhofen		LINESTRING(11.59699 49.239596,11.597004100000001 49.239600700000004)
1678	Velburg	Harenzhofen	de:09373:17959:0:2	49.239684	11.59699	bus	MATCHED	n1908965357	5.5	1.0	Harenzhofen	537	Abzw. Matzenhof (b. Velburg)		LINESTRING(11.59699 49.239684,11.5969238 49.2396608)
1679	Velburg	Haumühle	de:09373:17962:0:1	49.199715	11.665567	bus	NO_MATCH					542	Abzw. Schallermühle (Velburg) / Hollerstetten Kirche		POINT(11.665567 49.199715)
1680	Velburg	Haumühle	de:09373:17962:0:2	49.199715	11.665567	bus	NO_MATCH					542	Polstermühle		POINT(11.665567 49.199715)
1681	Velburg	Hauptschule	de:09373:17942:0:1	49.22594	11.67252	bus	NO_MATCH_BUT_OTHER_PLATFORM_MATCHED					541			POINT(11.67252 49.22594)
1682	Velburg	Hauptschule	de:09373:17942:0:2	49.225922	11.67234	bus	MATCHED	n10044311391	64.7	1.0	Velburg Hauptschule	541	Parsberg Auf der Breiten		LINESTRING(11.67234 49.225922,11.6725445 49.2264879)
1683	Velburg	Hollerstetten Fuchsschlag	de:09373:17870:0:1	49.195494	11.651778	bus	MATCHED	n9990505415	33.5	1.0	Hollerstetten Fuchsschlag	542	Oberweiling		LINESTRING(11.651778 49.195494,11.6517017 49.195196800000005)
1684	Velburg	Hollerstetten Fuchsschlag	de:09373:17870:0:2	49.195547	11.651562	bus	MATCHED	n9990505416	39.6	1.0	Hollerstetten Fuchsschlag	542	Klapfenberg Ort		LINESTRING(11.651562 49.195547,11.651516500000001 49.195192600000006)
1685	Velburg	Hollerstetten Kirche	de:09373:17963:0:1	49.197261	11.652218	bus	MATCHED	n10047065539	0.8	0.88	Hollerstetten Kirche	542	Hollerstetten Fuchsschlag		LINESTRING(11.652218 49.197261,11.652229400000001 49.1972594)
1686	Velburg	Hollerstetten Kirche	de:09373:17963:0:2	49.197349	11.652272	bus	MATCHED	n10047065538	6.1	1.0	Hollerstetten Kirche	542	Hollerstetten Fuchsschlag		LINESTRING(11.652272 49.197349,11.6521919 49.197334700000006)
1687	Velburg	Kirchenwinn	de:09373:17965:0:1	49.275149	11.668271	bus	MATCHED	n10047054073	2.8	1.0	Kirchenwinn	541,589	Prönsdorf Ort / Reichertswinn		LINESTRING(11.668271 49.275149,11.6682731 49.2751741)
1688	Velburg	Kirchenwinn	de:09373:17965:0:2	49.275002	11.668109	bus	MATCHED	n9280245483	1.9	1.0	Kirchenwinn	541,589	Deusmauer / Reichertswinn		LINESTRING(11.668109 49.275002,11.668122100000001 49.275017000000005)
1689	Velburg	Krondorf (b. Velburg)	de:09373:17966:0:1	49.270776	11.594798	bus	MATCHED	n10048955196	3.3	1.0	Krondorf (bei Velburg)	583	Günching		LINESTRING(11.594798 49.270776,11.5948288 49.2707544)
1690	Velburg	Krondorf (b. Velburg)	de:09373:17966:0:2	49.270454	11.59478	bus	MATCHED	n10048955195	4.4	1.0	Krondorf (bei Velburg)	583	Frickenhofen		LINESTRING(11.59478 49.270454,11.594781900000001 49.2704937)
1691	Velburg	Lengenfeld (b. Velburg)	de:09373:17968:0:1	49.238153	11.628916	bus	MATCHED	n10049014303	5.5	1.0	Lengenfeld (bei Velburg)	513,537,541,542,589	Abzw. Matzenhof (b. Velburg) / Deusmauer / Velburg Lutzmannsteiner Str.		LINESTRING(11.628916 49.238153,11.6289881 49.2381673)
1692	Velburg	Lengenfeld (b. Velburg)	de:09373:17968:0:2	49.23803	11.629176	bus	MATCHED	n1908965342	1.1	1.0	Lengenfeld (bei Velburg)	513,537,541,589	Velburg St. Anna / Abzw. Rammersberg (b. Velburg) / Ostermühle		LINESTRING(11.629176 49.23803,11.6291907 49.2380281)
1693	Velburg	Lutzmannsteiner Str.	de:09373:17943:0:1	49.236804	11.669708	bus	NO_MATCH_BUT_OTHER_PLATFORM_MATCHED					513,542	Velburg St. Anna / Lengenfeld (b. Velburg)		POINT(11.669708 49.236804)
1694	Velburg	Lutzmannsteiner Str.	de:09373:17943:0:2	49.236669	11.669646	bus	MATCHED	n9883271545	16.3	1.0	Velburg Lutzmannsteiner Str.	513,542	Velburg St. Anna / Lengenfeld (b. Velburg) / Oberbuchfeld		LINESTRING(11.669646 49.236669,11.6697074 49.236810000000006)
1695	Velburg	Mantlach b. Velburg	de:09373:17970:0:1	49.217749	11.615567	bus	NO_MATCH_BUT_OTHER_PLATFORM_MATCHED					537	Rammersberg (b. Velburg) Ort		POINT(11.615567 49.217749)
1696	Velburg	Mantlach b. Velburg	de:09373:17970:0:2	49.217573	11.615486	bus	MATCHED	n9991456962	1.3	1.0	Mantlach b.Velburg	537	Parsberg Schulzentrum		LINESTRING(11.615486 49.217573,11.615499900000001 49.217566000000005)
1697	Velburg	Oberweickenhof	de:09373:17971:0:1	49.280499	11.621774	bus	MATCHED	n10053229095	83.0	1.0	Oberweickenhof	542,583	Oberwiesenacker		LINESTRING(11.621774 49.280499,11.620834200000001 49.280921500000005)
1698	Velburg	Oberweickenhof	de:09373:17971:0:2	49.28057	11.621711	bus	MATCHED	n10053229094	21.1	1.0	Oberweickenhof	542,583	Abzw. Unterwiesenacker / Unterweickenhof		LINESTRING(11.621711 49.28057,11.6219392 49.280453400000006)
1699	Velburg	Oberweiling	de:09373:17972:0:1	49.2065	11.648957	bus	MATCHED	n10041481779	38.7	1.0	Oberweiling	537,542	Abzw. Schallermühle (Velburg) / Finsterweiling / Hollerstetten Kirche / Vogelbrunn		LINESTRING(11.648957 49.2065,11.6484743 49.2063551)
1700	Velburg	Oberweiling	de:09373:17972:0:2	49.2065	11.648957		NO_MATCH_AND_SEEMS_UNSERVED								POINT(11.648957 49.2065)
1701	Velburg	Oberwiesenacker	de:09373:17973:0:1	49.286307	11.618235	bus	MATCHED	n10053259222	4.1	1.0	Oberwiesenacker	542,583	Abzw. Unterwiesenacker / Prönsdorf Ziegelhütte		LINESTRING(11.618235 49.286307,11.6182914 49.286306)
1702	Velburg	Oberwiesenacker	de:09373:17973:0:2	49.28609	11.618028	bus	MATCHED	n10053259221	9.3	1.0	Oberwiesenacker	542,583	Oberweickenhof		LINESTRING(11.618028 49.28609,11.618130500000001 49.286140700000004)
1703	Velburg	Ollertshof	de:09373:17974:0:1	49.282439	11.586965		MATCHED	n10010899016	12.5	1.0	Ollertshof				LINESTRING(11.586965 49.282439,11.586794300000001 49.282430600000005)
1704	Velburg	Ollertshof	de:09373:17974:0:2	49.282427	11.586794		NO_MATCH_AND_SEEMS_UNSERVED								POINT(11.586794 49.282427)
1705	Velburg	Ostermühle	de:09373:17975:0:1	49.229067	11.635572	bus	MATCHED	n10019930652	1.8	1.0	Ostermühle	537	Lengenfeld (b. Velburg)		LINESTRING(11.635572 49.229067,11.6355468 49.229066)
1706	Velburg	Ostermühle	de:09373:17975:0:2	49.228991	11.635456	bus	MATCHED	n10019930651	1.7	1.0	Ostermühle	537	Vogelbrunn		LINESTRING(11.635456 49.228991,11.6354723 49.2290025)
1707	Velburg	Parsberger Straße	de:09373:17829:0:1	49.227588	11.675044	bus	NO_MATCH					513	Velburg St. Anna / Ronsolden Ortsmitte		POINT(11.675044 49.227588)
1708	Velburg	Parsberger Straße	de:09373:17829:0:2	49.228433	11.673877		NO_MATCH_AND_SEEMS_UNSERVED								POINT(11.673877 49.228433)
1709	Velburg	Prönsdorf Ort	de:09373:17980:0:1	49.301797	11.659225	bus	MATCHED	n10056526821	2.7	1.0	Prönsdorf Ort	541,583	Bernla		LINESTRING(11.659225 49.301797,11.659188400000001 49.301802800000004)
1710	Velburg	Prönsdorf Ort	de:09373:17980:0:2	49.30168	11.659306	bus	MATCHED	n10056526820	13.0	1.0	Prönsdorf Ort	541,583	Prönsdorf Ziegelhütte / Kirchenwinn		LINESTRING(11.659306 49.30168,11.6593909 49.301782700000004)
1711	Velburg	Prönsdorf Ziegelhütte	de:09373:17981:0:1	49.297222	11.647682	bus	MATCHED	n9807297347	54.8	1.0	Prönsdorf Ziegelhütte	542,583	Abzw. Unterwiesenacker / Engelsberg / Prönsdorf Ort / Oberwiesenacker		LINESTRING(11.647682 49.297222,11.6482243 49.2975639)
1712	Velburg	Prönsdorf Ziegelhütte	de:09373:17981:0:2	49.296999	11.650547		MATCHED	n9807297346	4.9	1.0	Prönsdorf Ziegelhütte				LINESTRING(11.650547 49.296999,11.650507300000001 49.297034200000006)
1713	Velburg	Rammersberg (b. Velburg) Ort	de:09373:17989:0:1	49.231531	11.626967	bus	NO_MATCH_BUT_OTHER_PLATFORM_MATCHED					537	Mantlach b. Velburg		POINT(11.626967 49.231531)
1714	Velburg	Rammersberg (b. Velburg) Ort	de:09373:17989:0:2	49.23163	11.627164	bus	MATCHED	n9990968917	0.7	1.0	Rammersberg (b. Velburg) Ort	537	Mantlach b. Velburg		LINESTRING(11.627164 49.23163,11.627172900000001 49.2316329)
1715	Velburg	Rathaus	de:09373:17952:0:1	49.23261	11.671685		MATCHED	n10019911014	2.2	1.0	Velburg Rathaus				LINESTRING(11.671685 49.23261,11.671711 49.2326203)
1716	Velburg	Rathaus	de:09373:17952:0:2	49.232393	11.671469		NO_MATCH_AND_SEEMS_UNSERVED								POINT(11.671469 49.232393)
1717	Velburg	Regenfußmühle	de:09373:17984:0:1	49.212128	11.659198	bus	MATCHED	n10010933137	16.8	1.0	Regenfußmühle	542	Altenveldorf		LINESTRING(11.659198 49.212128,11.659142800000001 49.2119817)
1718	Velburg	Regenfußmühle	de:09373:17984:0:2	49.212134	11.659072	bus	NO_MATCH_BUT_OTHER_PLATFORM_MATCHED					542	Abzw. Schallermühle (Velburg)		POINT(11.659072 49.212134)
1719	Velburg	Reichertswinn	de:09373:17985:0:1	49.265683	11.670373	bus	MATCHED	n10019932958	8.6	1.0	Reichertswinn	541,589	Sommertshof / Kirchenwinn		LINESTRING(11.670373 49.265683,11.6704497 49.265623700000006)
1720	Velburg	Reichertswinn	de:09373:17985:0:2	49.265864	11.670149	bus	MATCHED	n9280245479	4.1	1.0	Reichertswinn	541,589	Kirchenwinn / Sommertshof		LINESTRING(11.670149 49.265864,11.670205200000002 49.2658617)
1721	Velburg	Richterhof	de:09373:17982:0:1	49.248516	11.676212	bus	NO_MATCH_BUT_OTHER_PLATFORM_MATCHED					541	Sankt Colomann		POINT(11.676212 49.248516)
1722	Velburg	Richterhof	de:09373:17982:0:2	49.248574	11.676158	bus	MATCHED	n9883639382	8.7	1.0	Richterhof	541	Velburg St. Anna		LINESTRING(11.676158 49.248574,11.676265 49.2485385)
1723	Velburg	Richthofen	de:09373:17986:0:1	49.316269	11.640154	bus	NO_MATCH					521	Engelsberg / Thürsnacht		POINT(11.640154 49.316269)
1724	Velburg	Richthofen	de:09373:17986:0:2	49.316275	11.639983		NO_MATCH_AND_SEEMS_UNSERVED								POINT(11.639983 49.316275)
1725	Velburg	Ronsolden Ortsmitte	de:09373:17992:0:1	49.204944	11.692741	bus	MATCHED	n10019931424	5.2	1.0	Ronsolden Ortsmitte	513			LINESTRING(11.692741 49.204944,11.692704 49.2049838)
1726	Velburg	Ronsolden Ortsmitte	de:09373:17992:0:2	49.204933	11.692606	bus	NO_MATCH_BUT_OTHER_PLATFORM_MATCHED					513	Velburg Parsberger Straße		POINT(11.692606 49.204933)
1727	Velburg	Sankt Colomann	de:09373:17988:0:1	49.249976	11.690046		MATCHED	n9280245481	14.4	1.0	St. Colomann				LINESTRING(11.690046 49.249976,11.689987700000001 49.250099600000006)
1728	Velburg	Sankt Colomann	de:09373:17988:0:2	49.249894	11.689965	bus	MATCHED	n10017677967	22.7	1.0	St. Colomann	541,589	Abzw. Sankt Wolfgang b.Velburg / Dantersdorf / Abzw. Sankt Wolfgang b.Velburg / Abzw. Diesenhof / Abzw. Diesenhof / Richterhof		LINESTRING(11.689965 49.249894,11.6897166 49.2500179)
1729	Velburg	Sankt Wolfgang (b. Velburg)	de:09373:17990:0:1	49.237443	11.689786	bus	MATCHED	n10017677532	1.5	1.0	Sankt Wolfgang (b. Velburg)	541	Abzw. Sankt Wolfgang b.Velburg / Velburg Zum Sperlasberg		LINESTRING(11.689786 49.237443,11.689804500000001 49.2374379)
1730	Velburg	Sankt Wolfgang (b. Velburg)	de:09373:17990:0:2	49.237408	11.689876	bus	MATCHED	n10017677531	2.7	1.0	Sankt Wolfgang (b. Velburg)	541	Velburg Zum Sperlasberg		LINESTRING(11.689876 49.237408,11.6899131 49.237409)
1731	Velburg	Sommertshof	de:09373:17993:0:1	49.261233	11.669205	bus	MATCHED	n10017674452	0.9	1.0	Sommertshof	541,589	Reichertswinn / Abzw. Diesenhof		LINESTRING(11.669205 49.261233,11.6692105 49.261226)
1732	Velburg	Sommertshof	de:09373:17993:0:2	49.261268	11.668954	bus	MATCHED	n9280245508	5.3	1.0	Sommertshof	541,589	Reichertswinn / Abzw. Diesenhof		LINESTRING(11.668954 49.261268,11.6690014 49.2612314)
1733	Velburg	St. Anna	de:09373:17941:0:1	49.229953	11.670247	bus	MATCHED	n10017639947	4.0	1.0	Velburg St. Anna	513,541,542	Velburg Lutzmannsteiner Str. / Abzw. Ronsolden / Velburg Parsberger Straße		LINESTRING(11.670247 49.229953,11.6701935 49.2299444)
1734	Velburg	St. Anna	de:09373:17941:0:2	49.230105	11.670274	bus	MATCHED	n10017639948	2.7	1.0	Velburg St. Anna	513,541,542	Richterhof / Altenveldorf / Velburg Zum Sperlasberg / Lengenfeld (b. Velburg) / Velburg Lutzmannsteiner Str.		LINESTRING(11.670274 49.230105,11.670255200000001 49.230084600000005)
1735	Velburg	Unterweickenhof	de:09373:17994:0:1	49.277739	11.614525	bus	MATCHED	n920759375	6.3	1.0	Unterweickenhof	542	Oberweickenhof		LINESTRING(11.614525 49.277739,11.614462000000001 49.2776998)
1736	Velburg	Unterweickenhof	de:09373:17994:0:2	49.277792	11.614354	bus	MATCHED	n10017426642	2.3	1.0	Unterweickenhof	542	Unterweickenhof Weickenhammer		LINESTRING(11.614354 49.277792,11.614378100000001 49.2777788)
1737	Velburg	Unterweickenhof Weickenhammer	de:09373:17995:0:1	49.270091	11.612962	bus	NO_MATCH					542	Unterweickenhof		POINT(11.612962 49.270091)
1738	Velburg	Unterweickenhof Weickenhammer	de:09373:17995:0:2	49.270102	11.612764	bus	NO_MATCH					542	Deusmauer		POINT(11.612764 49.270102)
1739	Velburg	Unterwiesenacker Ort	de:09373:17997:0:1	49.290971	11.615549		MATCHED	n9807103318	18.2	1.0	Unterwiesenacker Ort				LINESTRING(11.615549 49.290971,11.6157559 49.2910629)
1740	Velburg	Unterwiesenacker Ort	de:09373:17997:0:2	49.291111	11.61519		NO_MATCH_AND_SEEMS_UNSERVED								POINT(11.61519 49.291111)
1741	Velburg	Vogelbrunn	de:09373:17999:0:1	49.224027	11.638142	bus	NO_MATCH_BUT_OTHER_PLATFORM_MATCHED					537	Ostermühle		POINT(11.638142 49.224027)
1742	Velburg	Vogelbrunn	de:09373:17999:0:2	49.224027	11.637944	bus	MATCHED	n9990788324	54.2	1.0	Vogelbrunn	537	Oberweiling		LINESTRING(11.637944 49.224027,11.6382645 49.2235877)
1743	Velburg	Zum Sperlasberg	de:09373:17946:0:1	49.228263	11.679985	bus	NO_MATCH_BUT_OTHER_PLATFORM_MATCHED					541	Velburg St. Anna / Sankt Wolfgang (b. Velburg)		POINT(11.679985 49.228263)
1744	Velburg	Zum Sperlasberg	de:09373:17946:0:2	49.228216	11.680147	bus	MATCHED	n9269829352	34.9	1.0	Velburg Zum Sperlasberg	541	Velburg St. Anna		LINESTRING(11.680147 49.228216,11.6801466 49.228529400000006)
